   6.5100000e+02   4.0000000e-03   1.0000000e-07
  -3.4708070e-01  -6.9740149e+00   1.0532900e+04   0.0000000e+00
  -3.4609780e-01  -6.9439763e+00   1.0534400e+04   0.0000000e+00
  -3.4511480e-01  -6.9186363e+00   1.0535900e+04   0.0000000e+00
  -3.4413190e-01  -6.8919683e+00   1.0537400e+04   0.0000000e+00
  -3.4312740e-01  -6.8664230e+00   1.0538900e+04   0.0000000e+00
  -3.4212290e-01  -6.8384475e+00   1.0539600e+04   0.0000000e+00
  -3.4115070e-01  -6.8072535e+00   1.0541100e+04   0.0000000e+00
  -3.4014620e-01  -6.7738016e+00   1.0541900e+04   0.0000000e+00
  -3.3914170e-01  -6.7491313e+00   1.0543400e+04   0.0000000e+00
  -3.3818040e-01  -6.7225275e+00   1.0544900e+04   0.0000000e+00
  -3.3716500e-01  -6.6954380e+00   1.0545600e+04   0.0000000e+00
  -3.3617130e-01  -6.6690719e+00   1.0547100e+04   0.0000000e+00
  -3.3519920e-01  -6.6407723e+00   1.0548600e+04   0.0000000e+00
  -3.3419470e-01  -6.6089407e+00   1.0550100e+04   0.0000000e+00
  -3.3319010e-01  -6.5867874e+00   1.0550800e+04   0.0000000e+00
  -3.3221800e-01  -6.5553014e+00   1.0551600e+04   0.0000000e+00
  -3.3123510e-01  -6.5321973e+00   1.0553800e+04   0.0000000e+00
  -3.3024140e-01  -6.5029472e+00   1.0555300e+04   0.0000000e+00
  -3.2923680e-01  -6.4699709e+00   1.0557500e+04   0.0000000e+00
  -3.2823230e-01  -6.4411853e+00   1.0559000e+04   0.0000000e+00
  -3.2726020e-01  -6.4185780e+00   1.0561200e+04   0.0000000e+00
  -3.2626650e-01  -6.3900300e+00   1.0562700e+04   0.0000000e+00
  -3.2526190e-01  -6.3581122e+00   1.0564200e+04   0.0000000e+00
  -3.2430060e-01  -6.3312816e+00   1.0565700e+04   0.0000000e+00
  -3.2330690e-01  -6.3015886e+00   1.0567200e+04   0.0000000e+00
  -3.2230240e-01  -6.2730841e+00   1.0568700e+04   0.0000000e+00
  -3.2129780e-01  -6.2462967e+00   1.0570200e+04   0.0000000e+00
  -3.2032570e-01  -6.2166038e+00   1.0571700e+04   0.0000000e+00
  -3.1933200e-01  -6.1869216e+00   1.0573200e+04   0.0000000e+00
  -3.1833830e-01  -6.1584064e+00   1.0575400e+04   0.0000000e+00
  -3.1733370e-01  -6.1301392e+00   1.0576900e+04   0.0000000e+00
  -3.1636160e-01  -6.1070567e+00   1.0578400e+04   0.0000000e+00
  -3.1535710e-01  -6.0752899e+00   1.0580600e+04   0.0000000e+00
  -3.1435260e-01  -6.0445171e+00   1.0582900e+04   0.0000000e+00
  -3.1339120e-01  -6.0155370e+00   1.0583600e+04   0.0000000e+00
  -3.1238670e-01  -5.9892249e+00   1.0585800e+04   0.0000000e+00
  -3.1139300e-01  -5.9643821e+00   1.0588100e+04   0.0000000e+00
  -3.1039930e-01  -5.9359637e+00   1.0589600e+04   0.0000000e+00
  -3.0941630e-01  -5.9046289e+00   1.0591000e+04   0.0000000e+00
  -3.0841180e-01  -5.8781008e+00   1.0592500e+04   0.0000000e+00
  -3.0742890e-01  -5.8474143e+00   1.0594800e+04   0.0000000e+00
  -3.0641350e-01  -5.8220527e+00   1.0596300e+04   0.0000000e+00
  -3.0544140e-01  -5.7959998e+00   1.0597800e+04   0.0000000e+00
  -3.0445850e-01  -5.7647838e+00   1.0600000e+04   0.0000000e+00
  -3.0346480e-01  -5.7371865e+00   1.0602200e+04   0.0000000e+00
  -3.0248190e-01  -5.7107124e+00   1.0604500e+04   0.0000000e+00
  -3.0148810e-01  -5.6799933e+00   1.0606700e+04   0.0000000e+00
  -3.0048360e-01  -5.6529254e+00   1.0608200e+04   0.0000000e+00
  -2.9948990e-01  -5.6250903e+00   1.0610400e+04   0.0000000e+00
  -2.9850690e-01  -5.5967583e+00   1.0612700e+04   0.0000000e+00
  -2.9752400e-01  -5.5671085e+00   1.0614900e+04   0.0000000e+00
  -2.9654110e-01  -5.5396517e+00   1.0616400e+04   0.0000000e+00
  -2.9551500e-01  -5.5132099e+00   1.0618600e+04   0.0000000e+00
  -2.9455360e-01  -5.4844999e+00   1.0620100e+04   0.0000000e+00
  -2.9355990e-01  -5.4554442e+00   1.0621600e+04   0.0000000e+00
  -2.9254460e-01  -5.4290673e+00   1.0623100e+04   0.0000000e+00
  -2.9157250e-01  -5.4002060e+00   1.0624600e+04   0.0000000e+00
  -2.9056790e-01  -5.3729542e+00   1.0626800e+04   0.0000000e+00
  -2.8958500e-01  -5.3438121e+00   1.0627600e+04   0.0000000e+00
  -2.8858050e-01  -5.3147351e+00   1.0629800e+04   0.0000000e+00
  -2.8758680e-01  -5.2859711e+00   1.0632000e+04   0.0000000e+00
  -2.8661460e-01  -5.2598534e+00   1.0633500e+04   0.0000000e+00
  -2.8561010e-01  -5.2327961e+00   1.0635800e+04   0.0000000e+00
  -2.8462720e-01  -5.2030600e+00   1.0638000e+04   0.0000000e+00
  -2.8363350e-01  -5.1776120e+00   1.0640200e+04   0.0000000e+00
  -2.8262890e-01  -5.1476274e+00   1.0641700e+04   0.0000000e+00
  -2.8164600e-01  -5.1193388e+00   1.0643900e+04   0.0000000e+00
  -2.8064150e-01  -5.0931239e+00   1.0646200e+04   0.0000000e+00
  -2.7966940e-01  -5.0659801e+00   1.0648400e+04   0.0000000e+00
  -2.7868640e-01  -5.0365355e+00   1.0650700e+04   0.0000000e+00
  -2.7769270e-01  -5.0130104e+00   1.0652900e+04   0.0000000e+00
  -2.7669900e-01  -4.9787160e+00   1.0655100e+04   0.0000000e+00
  -2.7571610e-01  -4.9527387e+00   1.0658100e+04   0.0000000e+00
  -2.7471150e-01  -4.9256705e+00   1.0659600e+04   0.0000000e+00
  -2.7371780e-01  -4.8958913e+00   1.0661800e+04   0.0000000e+00
  -2.7273490e-01  -4.8666844e+00   1.0664800e+04   0.0000000e+00
  -2.7173040e-01  -4.8368835e+00   1.0666300e+04   0.0000000e+00
  -2.7072580e-01  -4.8109064e+00   1.0668500e+04   0.0000000e+00
  -2.6974290e-01  -4.7787939e+00   1.0670800e+04   0.0000000e+00
  -2.6876000e-01  -4.7506672e+00   1.0672300e+04   0.0000000e+00
  -2.6775550e-01  -4.7236422e+00   1.0673700e+04   0.0000000e+00
  -2.6677250e-01  -4.6937874e+00   1.0676000e+04   0.0000000e+00
  -2.6580040e-01  -4.6620206e+00   1.0678200e+04   0.0000000e+00
  -2.6479590e-01  -4.6341962e+00   1.0679700e+04   0.0000000e+00
  -2.6380220e-01  -4.6051190e+00   1.0681900e+04   0.0000000e+00
  -2.6279760e-01  -4.5825333e+00   1.0684200e+04   0.0000000e+00
  -2.6182550e-01  -4.5510689e+00   1.0685700e+04   0.0000000e+00
  -2.6083180e-01  -4.5264742e+00   1.0687900e+04   0.0000000e+00
  -2.5981650e-01  -4.4959822e+00   1.0690900e+04   0.0000000e+00
  -2.5882270e-01  -4.4702209e+00   1.0692400e+04   0.0000000e+00
  -2.5786140e-01  -4.4405604e+00   1.0695400e+04   0.0000000e+00
  -2.5685690e-01  -4.4106622e+00   1.0696800e+04   0.0000000e+00
  -2.5586320e-01  -4.3831189e+00   1.0699800e+04   0.0000000e+00
  -2.5489100e-01  -4.3585782e+00   1.0702100e+04   0.0000000e+00
  -2.5388650e-01  -4.3281831e+00   1.0704300e+04   0.0000000e+00
  -2.5289280e-01  -4.2992031e+00   1.0706500e+04   0.0000000e+00
  -2.5189910e-01  -4.2710981e+00   1.0708000e+04   0.0000000e+00
  -2.5090530e-01  -4.2457905e+00   1.0709500e+04   0.0000000e+00
  -2.4993320e-01  -4.2160976e+00   1.0711700e+04   0.0000000e+00
  -2.4892870e-01  -4.1862317e+00   1.0714000e+04   0.0000000e+00
  -2.4792420e-01  -4.1592715e+00   1.0716200e+04   0.0000000e+00
  -2.4696280e-01  -4.1310043e+00   1.0717700e+04   0.0000000e+00
  -2.4595830e-01  -4.1023267e+00   1.0720700e+04   0.0000000e+00
  -2.4494300e-01  -4.0691235e+00   1.0722200e+04   0.0000000e+00
  -2.4399250e-01  -4.0447016e+00   1.0725200e+04   0.0000000e+00
  -2.4297710e-01  -4.0142417e+00   1.0727400e+04   0.0000000e+00
  -2.4198340e-01  -3.9856505e+00   1.0729600e+04   0.0000000e+00
  -2.4100050e-01  -3.9547264e+00   1.0731900e+04   0.0000000e+00
  -2.4000680e-01  -3.9332749e+00   1.0734100e+04   0.0000000e+00
  -2.3900220e-01  -3.9026638e+00   1.0735600e+04   0.0000000e+00
  -2.3800850e-01  -3.8721607e+00   1.0737800e+04   0.0000000e+00
  -2.3701480e-01  -3.8453193e+00   1.0740100e+04   0.0000000e+00
  -2.3604270e-01  -3.8215779e+00   1.0741500e+04   0.0000000e+00
  -2.3503810e-01  -3.7926626e+00   1.0743000e+04   0.0000000e+00
  -2.3404440e-01  -3.7609500e+00   1.0745300e+04   0.0000000e+00
  -2.3307230e-01  -3.7330501e+00   1.0747500e+04   0.0000000e+00
  -2.3207850e-01  -3.7060251e+00   1.0749000e+04   0.0000000e+00
  -2.3107400e-01  -3.6749495e+00   1.0750500e+04   0.0000000e+00
  -2.3005870e-01  -3.6495772e+00   1.0752700e+04   0.0000000e+00
  -2.2911900e-01  -3.6206728e+00   1.0754200e+04   0.0000000e+00
  -2.2810360e-01  -3.5886575e+00   1.0755000e+04   0.0000000e+00
  -2.2712070e-01  -3.5545144e+00   1.0756400e+04   0.0000000e+00
  -2.2610540e-01  -3.5366057e+00   1.0758700e+04   0.0000000e+00
  -2.2514410e-01  -3.5083602e+00   1.0759400e+04   0.0000000e+00
  -2.2413950e-01  -3.4829338e+00   1.0760200e+04   0.0000000e+00
  -2.2313500e-01  -3.4501625e+00   1.0760900e+04   0.0000000e+00
  -2.2216290e-01  -3.4237316e+00   1.0762400e+04   0.0000000e+00
  -2.2116920e-01  -3.3972682e+00   1.0763200e+04   0.0000000e+00
  -2.2016460e-01  -3.3671972e+00   1.0763200e+04   0.0000000e+00
  -2.1916010e-01  -3.3369644e+00   1.0763900e+04   0.0000000e+00
  -2.1818800e-01  -3.3084812e+00   1.0763900e+04   0.0000000e+00
  -2.1720510e-01  -3.2807001e+00   1.0764600e+04   0.0000000e+00
  -2.1618970e-01  -3.2490737e+00   1.0764600e+04   0.0000000e+00
  -2.1520680e-01  -3.2211629e+00   1.0764600e+04   0.0000000e+00
  -2.1422390e-01  -3.1935006e+00   1.0764600e+04   0.0000000e+00
  -2.1323020e-01  -3.1651470e+00   1.0765400e+04   0.0000000e+00
  -2.1223640e-01  -3.1398286e+00   1.0766100e+04   0.0000000e+00
  -2.1127510e-01  -3.1070033e+00   1.0766900e+04   0.0000000e+00
  -2.1027060e-01  -3.0758198e+00   1.0766900e+04   0.0000000e+00
  -2.0925530e-01  -3.0528777e+00   1.0767600e+04   0.0000000e+00
  -2.0827230e-01  -3.0281859e+00   1.0767600e+04   0.0000000e+00
  -2.0728940e-01  -2.9931679e+00   1.0768400e+04   0.0000000e+00
  -2.0628490e-01  -2.9652572e+00   1.0769100e+04   0.0000000e+00
  -2.0530200e-01  -2.9359531e+00   1.0769900e+04   0.0000000e+00
  -2.0430820e-01  -2.9080639e+00   1.0769900e+04   0.0000000e+00
  -2.0332530e-01  -2.8830047e+00   1.0770600e+04   0.0000000e+00
  -2.0232060e-01  -2.8539490e+00   1.0770600e+04   0.0000000e+00
  -2.0130530e-01  -2.8233380e+00   1.0771400e+04   0.0000000e+00
  -2.0033310e-01  -2.7926406e+00   1.0772100e+04   0.0000000e+00
  -1.9935020e-01  -2.7697957e+00   1.0772100e+04   0.0000000e+00
  -1.9835650e-01  -2.7427923e+00   1.0772100e+04   0.0000000e+00
  -1.9735200e-01  -2.7106365e+00   1.0772800e+04   0.0000000e+00
  -1.9640140e-01  -2.6866251e+00   1.0772800e+04   0.0000000e+00
  -1.9539690e-01  -2.6494792e+00   1.0772800e+04   0.0000000e+00
  -1.9437080e-01  -2.6232642e+00   1.0772800e+04   0.0000000e+00
  -1.9338790e-01  -2.5993717e+00   1.0772800e+04   0.0000000e+00
  -1.9240490e-01  -2.5714178e+00   1.0773600e+04   0.0000000e+00
  -1.9141120e-01  -2.5382900e+00   1.0774300e+04   0.0000000e+00
  -1.9041750e-01  -2.5168709e+00   1.0774300e+04   0.0000000e+00
  -1.8944540e-01  -2.4886144e+00   1.0775100e+04   0.0000000e+00
  -1.8844080e-01  -2.4561455e+00   1.0775800e+04   0.0000000e+00
  -1.8745790e-01  -2.4332790e+00   1.0776600e+04   0.0000000e+00
  -1.8646420e-01  -2.4032837e+00   1.0777300e+04   0.0000000e+00
  -1.8545970e-01  -2.3717653e+00   1.0778100e+04   0.0000000e+00
  -1.8446590e-01  -2.3470842e+00   1.0778800e+04   0.0000000e+00
  -1.8347220e-01  -2.3237749e+00   1.0779500e+04   0.0000000e+00
  -1.8245690e-01  -2.2952594e+00   1.0779500e+04   0.0000000e+00
  -1.8151720e-01  -2.2728573e+00   1.0780300e+04   0.0000000e+00
  -1.8049100e-01  -2.2473337e+00   1.0781000e+04   0.0000000e+00
  -1.7950810e-01  -2.2192285e+00   1.0781800e+04   0.0000000e+00
  -1.7853600e-01  -2.1929055e+00   1.0783300e+04   0.0000000e+00
  -1.7753150e-01  -2.1668634e+00   1.0784000e+04   0.0000000e+00
  -1.7654850e-01  -2.1396116e+00   1.0784800e+04   0.0000000e+00
  -1.7554400e-01  -2.1097674e+00   1.0785500e+04   0.0000000e+00
  -1.7456110e-01  -2.0831529e+00   1.0786300e+04   0.0000000e+00
  -1.7355650e-01  -2.0591847e+00   1.0787000e+04   0.0000000e+00
  -1.7257360e-01  -2.0288653e+00   1.0788500e+04   0.0000000e+00
  -1.7155830e-01  -2.0077810e+00   1.0789200e+04   0.0000000e+00
  -1.7059700e-01  -1.9815659e+00   1.0790700e+04   0.0000000e+00
  -1.6960320e-01  -1.9517757e+00   1.0792200e+04   0.0000000e+00
  -1.6860950e-01  -1.9254312e+00   1.0792200e+04   0.0000000e+00
  -1.6760500e-01  -1.8976393e+00   1.0793700e+04   0.0000000e+00
  -1.6662210e-01  -1.8723642e+00   1.0795200e+04   0.0000000e+00
  -1.6562830e-01  -1.8500378e+00   1.0796700e+04   0.0000000e+00
  -1.6463460e-01  -1.8259939e+00   1.0798200e+04   0.0000000e+00
  -1.6365170e-01  -1.7985368e+00   1.0798900e+04   0.0000000e+00
  -1.6266880e-01  -1.7716304e+00   1.0800400e+04   0.0000000e+00
  -1.6164260e-01  -1.7471653e+00   1.0801200e+04   0.0000000e+00
  -1.6065970e-01  -1.7248497e+00   1.0802600e+04   0.0000000e+00
  -1.5969840e-01  -1.6991533e+00   1.0804100e+04   0.0000000e+00
  -1.5869390e-01  -1.6774965e+00   1.0804900e+04   0.0000000e+00
  -1.5770010e-01  -1.6477281e+00   1.0805600e+04   0.0000000e+00
  -1.5670640e-01  -1.6261901e+00   1.0807100e+04   0.0000000e+00
  -1.5572350e-01  -1.6020599e+00   1.0809300e+04   0.0000000e+00
  -1.5470820e-01  -1.5832547e+00   1.0810100e+04   0.0000000e+00
  -1.5371440e-01  -1.5562620e+00   1.0810800e+04   0.0000000e+00
  -1.5276390e-01  -1.5308680e+00   1.0812300e+04   0.0000000e+00
  -1.5175940e-01  -1.5082607e+00   1.0814600e+04   0.0000000e+00
  -1.5075490e-01  -1.4848434e+00   1.0816100e+04   0.0000000e+00
  -1.4977190e-01  -1.4630246e+00   1.0817500e+04   0.0000000e+00
  -1.4877820e-01  -1.4426856e+00   1.0819000e+04   0.0000000e+00
  -1.4777370e-01  -1.4142132e+00   1.0821300e+04   0.0000000e+00
  -1.4676920e-01  -1.3930966e+00   1.0822800e+04   0.0000000e+00
  -1.4580780e-01  -1.3727036e+00   1.0823500e+04   0.0000000e+00
  -1.4480330e-01  -1.3509711e+00   1.0825000e+04   0.0000000e+00
  -1.4379880e-01  -1.3311074e+00   1.0826500e+04   0.0000000e+00
  -1.4282670e-01  -1.3106388e+00   1.0828700e+04   0.0000000e+00
  -1.4184370e-01  -1.2818748e+00   1.0830200e+04   0.0000000e+00
  -1.4086080e-01  -1.2631128e+00   1.0831700e+04   0.0000000e+00
  -1.3985630e-01  -1.2395008e+00   1.0833900e+04   0.0000000e+00
  -1.3885180e-01  -1.2226507e+00   1.0835400e+04   0.0000000e+00
  -1.3787960e-01  -1.2015557e+00   1.0836900e+04   0.0000000e+00
  -1.3689670e-01  -1.1821888e+00   1.0839200e+04   0.0000000e+00
  -1.3587060e-01  -1.1585878e+00   1.0841400e+04   0.0000000e+00
  -1.3488770e-01  -1.1422995e+00   1.0842900e+04   0.0000000e+00
  -1.3389390e-01  -1.1259462e+00   1.0845100e+04   0.0000000e+00
  -1.3290020e-01  -1.1085236e+00   1.0847300e+04   0.0000000e+00
  -1.3191730e-01  -1.0872449e+00   1.0848800e+04   0.0000000e+00
  -1.3093440e-01  -1.0684505e+00   1.0850300e+04   0.0000000e+00
  -1.2994060e-01  -1.0496129e+00   1.0851800e+04   0.0000000e+00
  -1.2893610e-01  -1.0325358e+00   1.0853300e+04   0.0000000e+00
  -1.2793160e-01  -1.0147891e+00   1.0855500e+04   0.0000000e+00
  -1.2695950e-01  -1.0004017e+00   1.0857000e+04   0.0000000e+00
  -1.2596570e-01  -9.8193140e-01   1.0860000e+04   0.0000000e+00
  -1.2496120e-01  -9.6076070e-01   1.0861500e+04   0.0000000e+00
  -1.2397830e-01  -9.4746420e-01   1.0863700e+04   0.0000000e+00
  -1.2300620e-01  -9.2749260e-01   1.0866700e+04   0.0000000e+00
  -1.2200160e-01  -9.1084770e-01   1.0868200e+04   0.0000000e+00
  -1.2100790e-01  -8.9721640e-01   1.0870400e+04   0.0000000e+00
  -1.2002500e-01  -8.7742830e-01   1.0872700e+04   0.0000000e+00
  -1.1902050e-01  -8.6143140e-01   1.0874200e+04   0.0000000e+00
  -1.1802670e-01  -8.4693600e-01   1.0876400e+04   0.0000000e+00
  -1.1703300e-01  -8.3220270e-01   1.0878600e+04   0.0000000e+00
  -1.1606090e-01  -8.1971640e-01   1.0880900e+04   0.0000000e+00
  -1.1505640e-01  -8.0440000e-01   1.0882400e+04   0.0000000e+00
  -1.1407340e-01  -7.9148160e-01   1.0884600e+04   0.0000000e+00
  -1.1304730e-01  -7.7294640e-01   1.0886800e+04   0.0000000e+00
  -1.1207520e-01  -7.6186420e-01   1.0889100e+04   0.0000000e+00
  -1.1108140e-01  -7.4880540e-01   1.0891300e+04   0.0000000e+00
  -1.1007690e-01  -7.3544410e-01   1.0893500e+04   0.0000000e+00
  -1.0912640e-01  -7.2067860e-01   1.0895000e+04   0.0000000e+00
  -1.0812190e-01  -7.0685290e-01   1.0897300e+04   0.0000000e+00
  -1.0712810e-01  -6.9329720e-01   1.0899500e+04   0.0000000e+00
  -1.0613440e-01  -6.7984950e-01   1.0901000e+04   0.0000000e+00
  -1.0512990e-01  -6.6856200e-01   1.0903200e+04   0.0000000e+00
  -1.0413620e-01  -6.5621610e-01   1.0906200e+04   0.0000000e+00
  -1.0315320e-01  -6.4246590e-01   1.0907700e+04   0.0000000e+00
  -1.0217030e-01  -6.2775450e-01   1.0910700e+04   0.0000000e+00
  -1.0118740e-01  -6.1508430e-01   1.0912900e+04   0.0000000e+00
  -1.0018290e-01  -6.0404530e-01   1.0915900e+04   0.0000000e+00
  -9.9199900e-02  -5.9367600e-01   1.0918900e+04   0.0000000e+00
  -9.8195200e-02  -5.8058470e-01   1.0920400e+04   0.0000000e+00
  -9.7201500e-02  -5.6751510e-01   1.0922600e+04   0.0000000e+00
  -9.6207800e-02  -5.5391610e-01   1.0924800e+04   0.0000000e+00
  -9.5224800e-02  -5.4338480e-01   1.0926300e+04   0.0000000e+00
  -9.4231100e-02  -5.3329630e-01   1.0929300e+04   0.0000000e+00
  -9.3248200e-02  -5.2263540e-01   1.0931500e+04   0.0000000e+00
  -9.2254500e-02  -5.0972790e-01   1.0933800e+04   0.0000000e+00
  -9.1239100e-02  -4.9768430e-01   1.0936000e+04   0.0000000e+00
  -9.0288600e-02  -4.8502510e-01   1.0938200e+04   0.0000000e+00
  -8.9251700e-02  -4.7367290e-01   1.0940500e+04   0.0000000e+00
  -8.8279600e-02  -4.6301200e-01   1.0943500e+04   0.0000000e+00
  -8.7296600e-02  -4.5298830e-01   1.0944900e+04   0.0000000e+00
  -8.6302900e-02  -4.3921650e-01   1.0947900e+04   0.0000000e+00
  -8.5309200e-02  -4.2818830e-01   1.0950200e+04   0.0000000e+00
  -8.4293900e-02  -4.1830510e-01   1.0951700e+04   0.0000000e+00
  -8.3343300e-02  -4.0523520e-01   1.0954600e+04   0.0000000e+00
  -8.2328000e-02  -3.9293250e-01   1.0956900e+04   0.0000000e+00
  -8.1345100e-02  -3.8412940e-01   1.0959100e+04   0.0000000e+00
  -8.0329800e-02  -3.7014160e-01   1.0962100e+04   0.0000000e+00
  -7.9346800e-02  -3.5865980e-01   1.0963600e+04   0.0000000e+00
  -7.8363900e-02  -3.4713470e-01   1.0966600e+04   0.0000000e+00
  -7.7370200e-02  -3.3727310e-01   1.0969500e+04   0.0000000e+00
  -7.6387300e-02  -3.2697940e-01   1.0971800e+04   0.0000000e+00
  -7.5393500e-02  -3.1604840e-01   1.0974800e+04   0.0000000e+00
  -7.4389000e-02  -3.0323790e-01   1.0977000e+04   0.0000000e+00
  -7.3406100e-02  -2.9163730e-01   1.0980000e+04   0.0000000e+00
  -7.2434000e-02  -2.8077110e-01   1.0982200e+04   0.0000000e+00
  -7.1429400e-02  -2.7149270e-01   1.0984400e+04   0.0000000e+00
  -7.0424900e-02  -2.5738610e-01   1.0987400e+04   0.0000000e+00
  -6.9431200e-02  -2.4725450e-01   1.0989700e+04   0.0000000e+00
  -6.8448300e-02  -2.3764130e-01   1.0992600e+04   0.0000000e+00
  -6.7454500e-02  -2.2557610e-01   1.0994900e+04   0.0000000e+00
  -6.6460800e-02  -2.1312220e-01   1.0997800e+04   0.0000000e+00
  -6.5477900e-02  -2.0422180e-01   1.1000100e+04   0.0000000e+00
  -6.4484200e-02  -1.9194050e-01   1.1002300e+04   0.0000000e+00
  -6.3479600e-02  -1.7999420e-01   1.1004600e+04   0.0000000e+00
  -6.2485900e-02  -1.6867430e-01   1.1006800e+04   0.0000000e+00
  -6.1513800e-02  -1.5869390e-01   1.1009000e+04   0.0000000e+00
  -6.0530900e-02  -1.4668270e-01   1.1011300e+04   0.0000000e+00
  -5.9515500e-02  -1.3762040e-01   1.1013500e+04   0.0000000e+00
  -5.8500200e-02  -1.2655980e-01   1.1016500e+04   0.0000000e+00
  -5.7538900e-02  -1.1697900e-01   1.1019500e+04   0.0000000e+00
  -5.6545200e-02  -1.0465460e-01   1.1020900e+04   0.0000000e+00
  -5.5529800e-02  -9.3550600e-02   1.1023900e+04   0.0000000e+00
  -5.4590100e-02  -8.4607100e-02   1.1026200e+04   0.0000000e+00
  -5.3596400e-02  -7.4950700e-02   1.1028400e+04   0.0000000e+00
  -5.2559400e-02  -6.4624600e-02   1.1031400e+04   0.0000000e+00
  -5.1576500e-02  -5.1101300e-02   1.1033600e+04   0.0000000e+00
  -5.0615200e-02  -4.1606900e-02   1.1036600e+04   0.0000000e+00
  -4.9621500e-02  -3.0179000e-02   1.1038800e+04   0.0000000e+00
  -4.8616900e-02  -1.8275900e-02   1.1041800e+04   0.0000000e+00
  -4.7612400e-02  -8.3063000e-03   1.1044800e+04   0.0000000e+00
  -4.6661900e-02   2.2791000e-03   1.1047000e+04   0.0000000e+00
  -4.5646600e-02   1.3512500e-02   1.1050000e+04   0.0000000e+00
  -4.4652800e-02   2.5167200e-02   1.1052200e+04   0.0000000e+00
  -4.3669900e-02   3.5352900e-02   1.1056000e+04   0.0000000e+00
  -4.2665400e-02   4.6694300e-02   1.1058200e+04   0.0000000e+00
  -4.1650100e-02   5.8359800e-02   1.1060400e+04   0.0000000e+00
  -4.0656300e-02   6.9053100e-02   1.1063400e+04   0.0000000e+00
  -3.9684200e-02   8.0102900e-02   1.1065600e+04   0.0000000e+00
  -3.8701300e-02   9.0213000e-02   1.1068600e+04   0.0000000e+00
  -3.7686000e-02   1.0252660e-01   1.1070900e+04   0.0000000e+00
  -3.6692200e-02   1.1401920e-01   1.1073100e+04   0.0000000e+00
  -3.5730900e-02   1.2479900e-01   1.1076100e+04   0.0000000e+00
  -3.4737200e-02   1.3556790e-01   1.1078300e+04   0.0000000e+00
  -3.3732700e-02   1.4739540e-01   1.1082000e+04   0.0000000e+00
  -3.2738900e-02   1.5626340e-01   1.1085000e+04   0.0000000e+00
  -3.1756000e-02   1.6832850e-01   1.1088000e+04   0.0000000e+00
  -3.0762300e-02   1.8048000e-01   1.1091000e+04   0.0000000e+00
  -2.9747000e-02   1.9204830e-01   1.1094700e+04   0.0000000e+00
  -2.8785600e-02   2.0174790e-01   1.1096900e+04   0.0000000e+00
  -2.7781100e-02   2.1413730e-01   1.1099900e+04   0.0000000e+00
  -2.6787400e-02   2.2484140e-01   1.1102200e+04   0.0000000e+00
  -2.5804500e-02   2.3563200e-01   1.1104400e+04   0.0000000e+00
  -2.4821500e-02   2.4602290e-01   1.1106600e+04   0.0000000e+00
  -2.3827800e-02   2.5752640e-01   1.1108900e+04   0.0000000e+00
  -2.2812500e-02   2.7016400e-01   1.1111800e+04   0.0000000e+00
  -2.1840400e-02   2.8059810e-01   1.1114100e+04   0.0000000e+00
  -2.0857400e-02   2.9290080e-01   1.1116300e+04   0.0000000e+00
  -1.9852900e-02   3.0427470e-01   1.1120000e+04   0.0000000e+00
  -1.8859200e-02   3.1475200e-01   1.1122300e+04   0.0000000e+00
  -1.7887100e-02   3.2642830e-01   1.1125300e+04   0.0000000e+00
  -1.6871700e-02   3.3765090e-01   1.1127500e+04   0.0000000e+00
  -1.5878000e-02   3.4792300e-01   1.1130500e+04   0.0000000e+00
  -1.4895100e-02   3.5827070e-01   1.1133400e+04   0.0000000e+00
  -1.3912200e-02   3.7068150e-01   1.1135700e+04   0.0000000e+00
  -1.2918400e-02   3.8290860e-01   1.1137900e+04   0.0000000e+00
  -1.1913900e-02   3.9660480e-01   1.1140900e+04   0.0000000e+00
  -1.0931000e-02   4.0629360e-01   1.1143100e+04   0.0000000e+00
  -9.9373000e-03   4.1834790e-01   1.1146900e+04   0.0000000e+00
  -8.9435000e-03   4.3070490e-01   1.1149100e+04   0.0000000e+00
  -7.9606000e-03   4.4274840e-01   1.1152100e+04   0.0000000e+00
  -6.9777000e-03   4.5348490e-01   1.1154300e+04   0.0000000e+00
  -5.9624000e-03   4.6458880e-01   1.1157300e+04   0.0000000e+00
  -4.9686000e-03   4.7815530e-01   1.1159500e+04   0.0000000e+00
  -3.9641000e-03   4.8930230e-01   1.1162500e+04   0.0000000e+00
  -3.0028000e-03   5.0202630e-01   1.1165500e+04   0.0000000e+00
  -1.9875000e-03   5.1491230e-01   1.1167700e+04   0.0000000e+00
  -9.9370000e-04   5.2570300e-01   1.1170700e+04   0.0000000e+00
  -3.2400000e-05   5.3803810e-01   1.1172900e+04   0.0000000e+00
   9.6130000e-04   5.5088100e-01   1.1175900e+04   0.0000000e+00
   1.9658000e-03   5.6372380e-01   1.1178900e+04   0.0000000e+00
   2.9704000e-03   5.7881330e-01   1.1181900e+04   0.0000000e+00
   3.9425000e-03   5.9106200e-01   1.1184900e+04   0.0000000e+00
   4.9362000e-03   6.0207940e-01   1.1187800e+04   0.0000000e+00
   5.9299000e-03   6.1440380e-01   1.1190800e+04   0.0000000e+00
   6.9237000e-03   6.2900720e-01   1.1193800e+04   0.0000000e+00
   7.9174000e-03   6.4088890e-01   1.1196800e+04   0.0000000e+00
   8.9003000e-03   6.5337530e-01   1.1199000e+04   0.0000000e+00
   9.9049000e-03   6.6439270e-01   1.1202000e+04   0.0000000e+00
   1.0909400e-02   6.7793760e-01   1.1204200e+04   0.0000000e+00
   1.1881500e-02   6.9062920e-01   1.1206500e+04   0.0000000e+00
   1.2875200e-02   7.0542710e-01   1.1209400e+04   0.0000000e+00
   1.3890600e-02   7.2017100e-01   1.1211700e+04   0.0000000e+00
   1.4841100e-02   7.3276540e-01   1.1214700e+04   0.0000000e+00
   1.5856400e-02   7.4775770e-01   1.1217600e+04   0.0000000e+00
   1.6839300e-02   7.6145380e-01   1.1220600e+04   0.0000000e+00
   1.7843900e-02   7.7621930e-01   1.1222900e+04   0.0000000e+00
   1.8805200e-02   7.9409550e-01   1.1225800e+04   0.0000000e+00
   1.9809700e-02   8.0958470e-01   1.1228800e+04   0.0000000e+00
   2.0814200e-02   8.2478220e-01   1.1231100e+04   0.0000000e+00
   2.1808000e-02   8.3889980e-01   1.1234800e+04   0.0000000e+00
   2.2790900e-02   8.5111610e-01   1.1237000e+04   0.0000000e+00
   2.3795400e-02   8.7108790e-01   1.1240000e+04   0.0000000e+00
   2.4778300e-02   8.8691190e-01   1.1242200e+04   0.0000000e+00
   2.5772100e-02   9.0261700e-01   1.1245200e+04   0.0000000e+00
   2.6755000e-02   9.2080650e-01   1.1248200e+04   0.0000000e+00
   2.7748700e-02   9.3915810e-01   1.1250400e+04   0.0000000e+00
   2.8742400e-02   9.5423690e-01   1.1252700e+04   0.0000000e+00
   2.9714600e-02   9.7383060e-01   1.1254900e+04   0.0000000e+00
   3.0729900e-02   9.9409390e-01   1.1257900e+04   0.0000000e+00
   3.1723600e-02   1.0130935e+00   1.1260900e+04   0.0000000e+00
   3.2717300e-02   1.0324928e+00   1.1263100e+04   0.0000000e+00
   3.3711100e-02   1.0561156e+00   1.1266800e+04   0.0000000e+00
   3.4704800e-02   1.0709242e+00   1.1269000e+04   0.0000000e+00
   3.5698500e-02   1.0970635e+00   1.1272000e+04   0.0000000e+00
   3.6659800e-02   1.1178130e+00   1.1274300e+04   0.0000000e+00
   3.7653600e-02   1.1381627e+00   1.1277200e+04   0.0000000e+00
   3.8668900e-02   1.1593119e+00   1.1279500e+04   0.0000000e+00
   3.9641000e-02   1.1809470e+00   1.1283200e+04   0.0000000e+00
   4.0623900e-02   1.2013076e+00   1.1286200e+04   0.0000000e+00
   4.1639300e-02   1.2228563e+00   1.1288400e+04   0.0000000e+00
   4.2633000e-02   1.2463601e+00   1.1291400e+04   0.0000000e+00
   4.3637500e-02   1.2721648e+00   1.1293600e+04   0.0000000e+00
   4.4588000e-02   1.2961438e+00   1.1296600e+04   0.0000000e+00
   4.5592600e-02   1.3180922e+00   1.1298900e+04   0.0000000e+00
   4.6597100e-02   1.3408183e+00   1.1301800e+04   0.0000000e+00
   4.7558400e-02   1.3664718e+00   1.1304800e+04   0.0000000e+00
   4.8584500e-02   1.3895003e+00   1.1307000e+04   0.0000000e+00
   4.9589100e-02   1.4120752e+00   1.1310000e+04   0.0000000e+00
   5.0582800e-02   1.4372640e+00   1.1312300e+04   0.0000000e+00
   5.1533300e-02   1.4640837e+00   1.1315200e+04   0.0000000e+00
   5.2527000e-02   1.4885596e+00   1.1317500e+04   0.0000000e+00
   5.3531600e-02   1.5180366e+00   1.1320500e+04   0.0000000e+00
   5.4536100e-02   1.5445863e+00   1.1323400e+04   0.0000000e+00
   5.5508200e-02   1.5702936e+00   1.1325700e+04   0.0000000e+00
   5.6501900e-02   1.5963468e+00   1.1328700e+04   0.0000000e+00
   5.7495700e-02   1.6249164e+00   1.1330900e+04   0.0000000e+00
   5.8489400e-02   1.6549658e+00   1.1333900e+04   0.0000000e+00
   5.9504700e-02   1.6835679e+00   1.1336900e+04   0.0000000e+00
   6.0466000e-02   1.7093508e+00   1.1339800e+04   0.0000000e+00
   6.1481400e-02   1.7430510e+00   1.1342800e+04   0.0000000e+00
   6.2464300e-02   1.7709402e+00   1.1345000e+04   0.0000000e+00
   6.3436400e-02   1.7993155e+00   1.1348800e+04   0.0000000e+00
   6.4451800e-02   1.8286088e+00   1.1351000e+04   0.0000000e+00
   6.5434700e-02   1.8564008e+00   1.1354000e+04   0.0000000e+00
   6.6428400e-02   1.8880921e+00   1.1356200e+04   0.0000000e+00
   6.7422100e-02   1.9143826e+00   1.1359200e+04   0.0000000e+00
   6.8405100e-02   1.9467543e+00   1.1362200e+04   0.0000000e+00
   6.9388000e-02   1.9746110e+00   1.1364400e+04   0.0000000e+00
   7.0370900e-02   2.0035050e+00   1.1368100e+04   0.0000000e+00
   7.1386200e-02   2.0322474e+00   1.1370400e+04   0.0000000e+00
   7.2390800e-02   2.0620160e+00   1.1373400e+04   0.0000000e+00
   7.3362900e-02   2.0907260e+00   1.1375600e+04   0.0000000e+00
   7.4356600e-02   2.1244912e+00   1.1377800e+04   0.0000000e+00
   7.5339500e-02   2.1521967e+00   1.1380800e+04   0.0000000e+00
   7.6354900e-02   2.1819652e+00   1.1383000e+04   0.0000000e+00
   7.7337800e-02   2.2149314e+00   1.1386000e+04   0.0000000e+00
   7.8331500e-02   2.2441275e+00   1.1388300e+04   0.0000000e+00
   7.9314400e-02   2.2754839e+00   1.1391200e+04   0.0000000e+00
   8.0308200e-02   2.3057169e+00   1.1393500e+04   0.0000000e+00
   8.1301900e-02   2.3365117e+00   1.1396500e+04   0.0000000e+00
   8.2284800e-02   2.3711841e+00   1.1399400e+04   0.0000000e+00
   8.3289300e-02   2.4037934e+00   1.1401700e+04   0.0000000e+00
   8.4261500e-02   2.4328924e+00   1.1405400e+04   0.0000000e+00
   8.5266000e-02   2.4630390e+00   1.1407600e+04   0.0000000e+00
   8.6259700e-02   2.4961020e+00   1.1410600e+04   0.0000000e+00
   8.7253400e-02   2.5268537e+00   1.1412800e+04   0.0000000e+00
   8.8236400e-02   2.5610617e+00   1.1416600e+04   0.0000000e+00
   8.9240900e-02   2.5918996e+00   1.1418800e+04   0.0000000e+00
   9.0223800e-02   2.6224783e+00   1.1422500e+04   0.0000000e+00
   9.1228300e-02   2.6500974e+00   1.1425500e+04   0.0000000e+00
   9.2189700e-02   2.6837653e+00   1.1427700e+04   0.0000000e+00
   9.3205000e-02   2.7135339e+00   1.1431500e+04   0.0000000e+00
   9.4209500e-02   2.7461975e+00   1.1433700e+04   0.0000000e+00
   9.5170800e-02   2.7782451e+00   1.1435900e+04   0.0000000e+00
   9.6164600e-02   2.8119130e+00   1.1438200e+04   0.0000000e+00
   9.7179900e-02   2.8448681e+00   1.1441200e+04   0.0000000e+00
   9.8173600e-02   2.8774774e+00   1.1444100e+04   0.0000000e+00
   9.9156500e-02   2.9102271e+00   1.1446400e+04   0.0000000e+00
   1.0016110e-01   2.9453643e+00   1.1448600e+04   0.0000000e+00
   1.0114400e-01   2.9792914e+00   1.1450800e+04   0.0000000e+00
   1.0212690e-01   3.0131104e+00   1.1453800e+04   0.0000000e+00
   1.0312060e-01   3.0489928e+00   1.1456800e+04   0.0000000e+00
   1.0411440e-01   3.0828875e+00   1.1459000e+04   0.0000000e+00
   1.0512970e-01   3.1162313e+00   1.1462000e+04   0.0000000e+00
   1.0610180e-01   3.1481062e+00   1.1464300e+04   0.0000000e+00
   1.0708470e-01   3.1776587e+00   1.1466500e+04   0.0000000e+00
   1.0807850e-01   3.2083130e+00   1.1469500e+04   0.0000000e+00
   1.0907220e-01   3.2413976e+00   1.1471700e+04   0.0000000e+00
   1.1004430e-01   3.2743313e+00   1.1473900e+04   0.0000000e+00
   1.1105960e-01   3.3076751e+00   1.1476200e+04   0.0000000e+00
   1.1205340e-01   3.3407057e+00   1.1479200e+04   0.0000000e+00
   1.1301470e-01   3.3724403e+00   1.1482100e+04   0.0000000e+00
   1.1403000e-01   3.4045635e+00   1.1483600e+04   0.0000000e+00
   1.1502370e-01   3.4393007e+00   1.1487400e+04   0.0000000e+00
   1.1601750e-01   3.4700739e+00   1.1489600e+04   0.0000000e+00
   1.1700040e-01   3.5020460e+00   1.1492600e+04   0.0000000e+00
   1.1800490e-01   3.5362755e+00   1.1495500e+04   0.0000000e+00
   1.1898780e-01   3.5696197e+00   1.1498500e+04   0.0000000e+00
   1.1999240e-01   3.6046161e+00   1.1501500e+04   0.0000000e+00
   1.2096450e-01   3.6358537e+00   1.1503700e+04   0.0000000e+00
   1.2195820e-01   3.6719196e+00   1.1506700e+04   0.0000000e+00
   1.2296280e-01   3.6968491e+00   1.1508200e+04   0.0000000e+00
   1.2394570e-01   3.7312515e+00   1.1511200e+04   0.0000000e+00
   1.2491780e-01   3.7621002e+00   1.1514200e+04   0.0000000e+00
   1.2592230e-01   3.7970212e+00   1.1517200e+04   0.0000000e+00
   1.2693770e-01   3.8253316e+00   1.1520100e+04   0.0000000e+00
   1.2790980e-01   3.8553161e+00   1.1522400e+04   0.0000000e+00
   1.2890350e-01   3.8885414e+00   1.1525300e+04   0.0000000e+00
   1.2990800e-01   3.9210104e+00   1.1527600e+04   0.0000000e+00
   1.3091260e-01   3.9514918e+00   1.1530600e+04   0.0000000e+00
   1.3186310e-01   3.9855487e+00   1.1533500e+04   0.0000000e+00
   1.3287840e-01   4.0151553e+00   1.1536500e+04   0.0000000e+00
   1.3387210e-01   4.0471813e+00   1.1539500e+04   0.0000000e+00
   1.3485510e-01   4.0800175e+00   1.1541700e+04   0.0000000e+00
   1.3583800e-01   4.1107692e+00   1.1544700e+04   0.0000000e+00
   1.3684250e-01   4.1452255e+00   1.1547000e+04   0.0000000e+00
   1.3782540e-01   4.1709544e+00   1.1549900e+04   0.0000000e+00
   1.3883000e-01   4.2055406e+00   1.1552200e+04   0.0000000e+00
   1.3983450e-01   4.2400834e+00   1.1554400e+04   0.0000000e+00
   1.4080660e-01   4.2736108e+00   1.1557400e+04   0.0000000e+00
   1.4182190e-01   4.3022563e+00   1.1558900e+04   0.0000000e+00
   1.4278330e-01   4.3364642e+00   1.1561900e+04   0.0000000e+00
   1.4377700e-01   4.3662436e+00   1.1564800e+04   0.0000000e+00
   1.4478150e-01   4.3981724e+00   1.1567100e+04   0.0000000e+00
   1.4576440e-01   4.4327154e+00   1.1570100e+04   0.0000000e+00
   1.4673660e-01   4.4598268e+00   1.1572300e+04   0.0000000e+00
   1.4775190e-01   4.4928034e+00   1.1575300e+04   0.0000000e+00
   1.4875640e-01   4.5307056e+00   1.1577500e+04   0.0000000e+00
   1.4971770e-01   4.5637145e+00   1.1579700e+04   0.0000000e+00
   1.5071150e-01   4.5938503e+00   1.1582700e+04   0.0000000e+00
   1.5170520e-01   4.6234141e+00   1.1584200e+04   0.0000000e+00
   1.5272050e-01   4.6534527e+00   1.1587200e+04   0.0000000e+00
   1.5370340e-01   4.6811798e+00   1.1590200e+04   0.0000000e+00
   1.5469720e-01   4.7148692e+00   1.1593100e+04   0.0000000e+00
   1.5570170e-01   4.7444868e+00   1.1596100e+04   0.0000000e+00
   1.5668460e-01   4.7665432e+00   1.1599100e+04   0.0000000e+00
   1.5767830e-01   4.8064110e+00   1.1602100e+04   0.0000000e+00
   1.5865050e-01   4.8328746e+00   1.1604300e+04   0.0000000e+00
   1.5965500e-01   4.8666180e+00   1.1607300e+04   0.0000000e+00
   1.6063790e-01   4.8960194e+00   1.1609500e+04   0.0000000e+00
   1.6163160e-01   4.9259823e+00   1.1612500e+04   0.0000000e+00
   1.6263620e-01   4.9535908e+00   1.1615500e+04   0.0000000e+00
   1.6361910e-01   4.9903155e+00   1.1617000e+04   0.0000000e+00
   1.6460200e-01   5.0133440e+00   1.1620000e+04   0.0000000e+00
   1.6561730e-01   5.0410173e+00   1.1621500e+04   0.0000000e+00
   1.6660030e-01   5.0700622e+00   1.1623700e+04   0.0000000e+00
   1.6759400e-01   5.1016562e+00   1.1625900e+04   0.0000000e+00
   1.6857690e-01   5.1341899e+00   1.1628200e+04   0.0000000e+00
   1.6954900e-01   5.1621548e+00   1.1630400e+04   0.0000000e+00
   1.7057520e-01   5.1896875e+00   1.1633400e+04   0.0000000e+00
   1.7154730e-01   5.2240250e+00   1.1635600e+04   0.0000000e+00
   1.7253020e-01   5.2541502e+00   1.1637900e+04   0.0000000e+00
   1.7355630e-01   5.2804408e+00   1.1640800e+04   0.0000000e+00
   1.7453930e-01   5.3117971e+00   1.1642300e+04   0.0000000e+00
   1.7551140e-01   5.3415225e+00   1.1645300e+04   0.0000000e+00
   1.7651590e-01   5.3710969e+00   1.1647500e+04   0.0000000e+00
   1.7750960e-01   5.4019888e+00   1.1650500e+04   0.0000000e+00
   1.7851420e-01   5.4264863e+00   1.1653500e+04   0.0000000e+00
   1.7948630e-01   5.4547755e+00   1.1655700e+04   0.0000000e+00
   1.8049080e-01   5.4838420e+00   1.1658700e+04   0.0000000e+00
   1.8147370e-01   5.5131677e+00   1.1660200e+04   0.0000000e+00
   1.8244590e-01   5.5433143e+00   1.1663900e+04   0.0000000e+00
   1.8343960e-01   5.5681469e+00   1.1666200e+04   0.0000000e+00
   1.8445490e-01   5.5973970e+00   1.1669100e+04   0.0000000e+00
   1.8543790e-01   5.6320045e+00   1.1672100e+04   0.0000000e+00
   1.8643160e-01   5.6549142e+00   1.1674400e+04   0.0000000e+00
   1.8741450e-01   5.6805786e+00   1.1677300e+04   0.0000000e+00
   1.8842980e-01   5.7097963e+00   1.1679600e+04   0.0000000e+00
   1.8940200e-01   5.7434749e+00   1.1682600e+04   0.0000000e+00
   1.9039570e-01   5.7714831e+00   1.1684800e+04   0.0000000e+00
   1.9138940e-01   5.7981516e+00   1.1687800e+04   0.0000000e+00
   1.9239390e-01   5.8233296e+00   1.1690800e+04   0.0000000e+00
   1.9335530e-01   5.8556905e+00   1.1692200e+04   0.0000000e+00
   1.9435980e-01   5.8830074e+00   1.1695200e+04   0.0000000e+00
   1.9534270e-01   5.9099028e+00   1.1697500e+04   0.0000000e+00
   1.9634720e-01   5.9339034e+00   1.1699700e+04   0.0000000e+00
   1.9733020e-01   5.9637152e+00   1.1701900e+04   0.0000000e+00
   1.9831310e-01   5.9952879e+00   1.1704200e+04   0.0000000e+00
   1.9931760e-01   6.0240951e+00   1.1707100e+04   0.0000000e+00
   2.0032210e-01   6.0510229e+00   1.1710100e+04   0.0000000e+00
   2.0130510e-01   6.0749371e+00   1.1711600e+04   0.0000000e+00
   2.0230960e-01   6.1020057e+00   1.1714600e+04   0.0000000e+00
   2.0330330e-01   6.1271728e+00   1.1716800e+04   0.0000000e+00
   2.0426460e-01   6.1585292e+00   1.1719800e+04   0.0000000e+00
   2.0526920e-01   6.1909225e+00   1.1722000e+04   0.0000000e+00
   2.0626290e-01   6.2166622e+00   1.1724300e+04   0.0000000e+00
   2.0725660e-01   6.2398203e+00   1.1727300e+04   0.0000000e+00
   2.0825030e-01   6.2683683e+00   1.1729500e+04   0.0000000e+00
   2.0923330e-01   6.2979859e+00   1.1731700e+04   0.0000000e+00
   2.1020560e-01   6.3272685e+00   1.1734700e+04   0.0000000e+00
   2.1123170e-01   6.3546499e+00   1.1736200e+04   0.0000000e+00
   2.1219300e-01   6.3797631e+00   1.1738400e+04   0.0000000e+00
   2.1320840e-01   6.4086893e+00   1.1741400e+04   0.0000000e+00
   2.1420210e-01   6.4384795e+00   1.1742900e+04   0.0000000e+00
   2.1516340e-01   6.4637439e+00   1.1745900e+04   0.0000000e+00
   2.1615710e-01   6.4879606e+00   1.1748100e+04   0.0000000e+00
   2.1717250e-01   6.5171678e+00   1.1751100e+04   0.0000000e+00
   2.1816620e-01   6.5419137e+00   1.1754100e+04   0.0000000e+00
   2.1913830e-01   6.5682582e+00   1.1756300e+04   0.0000000e+00
   2.2015360e-01   6.5921292e+00   1.1759300e+04   0.0000000e+00
   2.2113660e-01   6.6158061e+00   1.1761500e+04   0.0000000e+00
   2.2211950e-01   6.6427015e+00   1.1763800e+04   0.0000000e+00
   2.2311320e-01   6.6670262e+00   1.1766700e+04   0.0000000e+00
   2.2411770e-01   6.6966220e+00   1.1769000e+04   0.0000000e+00
   2.2511150e-01   6.7233556e+00   1.1771200e+04   0.0000000e+00
   2.2609440e-01   6.7520981e+00   1.1773500e+04   0.0000000e+00
   2.2708810e-01   6.7803004e+00   1.1775700e+04   0.0000000e+00
   2.2807100e-01   6.8102310e+00   1.1777900e+04   0.0000000e+00
   2.2907560e-01   6.8349341e+00   1.1780200e+04   0.0000000e+00
   2.3004770e-01   6.8569472e+00   1.1782400e+04   0.0000000e+00
   2.3104140e-01   6.8850740e+00   1.1785400e+04   0.0000000e+00
   2.3205670e-01   6.9134060e+00   1.1787600e+04   0.0000000e+00
   2.3305050e-01   6.9408523e+00   1.1789800e+04   0.0000000e+00
   2.3402260e-01   6.9635784e+00   1.1792800e+04   0.0000000e+00
   2.3501630e-01   6.9896961e+00   1.1795100e+04   0.0000000e+00
   2.3601000e-01   7.0126058e+00   1.1797300e+04   0.0000000e+00
   2.3698220e-01   7.0417373e+00   1.1799500e+04   0.0000000e+00
   2.3799750e-01   7.0708794e+00   1.1802500e+04   0.0000000e+00
   2.3900200e-01   7.0952581e+00   1.1804700e+04   0.0000000e+00
   2.3999580e-01   7.1242273e+00   1.1807000e+04   0.0000000e+00
   2.4097870e-01   7.1454307e+00   1.1809200e+04   0.0000000e+00
   2.4196160e-01   7.1730174e+00   1.1811500e+04   0.0000000e+00
   2.4295530e-01   7.1989191e+00   1.1813700e+04   0.0000000e+00
   2.4395990e-01   7.2281800e+00   1.1816700e+04   0.0000000e+00
   2.4494280e-01   7.2517920e+00   1.1818200e+04   0.0000000e+00
   2.4593650e-01   7.2761707e+00   1.1821100e+04   0.0000000e+00
   2.4693020e-01   7.3044810e+00   1.1824100e+04   0.0000000e+00
   2.4790240e-01   7.3285573e+00   1.1825600e+04   0.0000000e+00
   2.4890690e-01   7.3578833e+00   1.1827800e+04   0.0000000e+00
   2.4988980e-01   7.3827480e+00   1.1830800e+04   0.0000000e+00
   2.5088350e-01   7.4077424e+00   1.1832300e+04   0.0000000e+00
   2.5186650e-01   7.4326395e+00   1.1834500e+04   0.0000000e+00
   2.5286020e-01   7.4602049e+00   1.1836800e+04   0.0000000e+00
   2.5386470e-01   7.4864846e+00   1.1838300e+04   0.0000000e+00
   2.5485840e-01   7.5135421e+00   1.1840500e+04   0.0000000e+00
   2.5583060e-01   7.5398218e+00   1.1843500e+04   0.0000000e+00
   2.5682430e-01   7.5635741e+00   1.1845000e+04   0.0000000e+00
   2.5783960e-01   7.5897458e+00   1.1847200e+04   0.0000000e+00
   2.5881170e-01   7.6163172e+00   1.1849400e+04   0.0000000e+00
   2.5980550e-01   7.6389676e+00   1.1851700e+04   0.0000000e+00
   2.6078840e-01   7.6658309e+00   1.1854700e+04   0.0000000e+00
   2.6179290e-01   7.6899288e+00   1.1856200e+04   0.0000000e+00
   2.6277580e-01   7.7182392e+00   1.1859100e+04   0.0000000e+00
   2.6378040e-01   7.7395611e+00   1.1861400e+04   0.0000000e+00
   2.6475250e-01   7.7671264e+00   1.1863600e+04   0.0000000e+00
   2.6577860e-01   7.7902090e+00   1.1866600e+04   0.0000000e+00
   2.6676150e-01   7.8172772e+00   1.1868800e+04   0.0000000e+00
   2.6774450e-01   7.8411698e+00   1.1871100e+04   0.0000000e+00
   2.6873820e-01   7.8660239e+00   1.1874000e+04   0.0000000e+00
   2.6971030e-01   7.8917852e+00   1.1876300e+04   0.0000000e+00
   2.7071480e-01   7.9159155e+00   1.1878500e+04   0.0000000e+00
   2.7169780e-01   7.9440314e+00   1.1881500e+04   0.0000000e+00
   2.7270230e-01   7.9691230e+00   1.1883000e+04   0.0000000e+00
   2.7368520e-01   7.9887926e+00   1.1885200e+04   0.0000000e+00
   2.7466810e-01   8.0174054e+00   1.1887400e+04   0.0000000e+00
   2.7567270e-01   8.0404771e+00   1.1889700e+04   0.0000000e+00
   2.7668800e-01   8.0671457e+00   1.1891900e+04   0.0000000e+00
   2.7764930e-01   8.0876360e+00   1.1894200e+04   0.0000000e+00
   2.7864300e-01   8.1122415e+00   1.1896400e+04   0.0000000e+00
   2.7965840e-01   8.1354212e+00   1.1899400e+04   0.0000000e+00
   2.8063050e-01   8.1598431e+00   1.1900900e+04   0.0000000e+00
   2.8162420e-01   8.1830124e+00   1.1903800e+04   0.0000000e+00
   2.8262870e-01   8.2132131e+00   1.1906100e+04   0.0000000e+00
   2.8362250e-01   8.2371813e+00   1.1908300e+04   0.0000000e+00
   2.8459460e-01   8.2600154e+00   1.1911300e+04   0.0000000e+00
   2.8558830e-01   8.2848262e+00   1.1912800e+04   0.0000000e+00
   2.8659280e-01   8.3086540e+00   1.1915800e+04   0.0000000e+00
   2.8758660e-01   8.3344909e+00   1.1918700e+04   0.0000000e+00
   2.8854790e-01   8.3566337e+00   1.1921000e+04   0.0000000e+00
   2.8956320e-01   8.3774479e+00   1.1923200e+04   0.0000000e+00
   2.9055690e-01   8.4097982e+00   1.1925400e+04   0.0000000e+00
   2.9156150e-01   8.4335288e+00   1.1926900e+04   0.0000000e+00
   2.9253360e-01   8.4539434e+00   1.1929900e+04   0.0000000e+00
   2.9352730e-01   8.4770259e+00   1.1932200e+04   0.0000000e+00
   2.9451020e-01   8.5053582e+00   1.1933600e+04   0.0000000e+00
   2.9549320e-01   8.5245414e+00   1.1936600e+04   0.0000000e+00
   2.9649770e-01   8.5460253e+00   1.1938900e+04   0.0000000e+00
   2.9750220e-01   8.5677145e+00   1.1941100e+04   0.0000000e+00
