   6.5100000e+02   4.0000000e-03   1.0000000e-07
  -3.4713470e-01  -6.9601568e+00   1.0620800e+04   0.0000000e+00
  -3.4615180e-01  -6.9256788e+00   1.0621600e+04   0.0000000e+00
  -3.4514720e-01  -6.8912986e+00   1.0623100e+04   0.0000000e+00
  -3.4415350e-01  -6.8710568e+00   1.0624600e+04   0.0000000e+00
  -3.4313820e-01  -6.8417095e+00   1.0626100e+04   0.0000000e+00
  -3.4217690e-01  -6.8177089e+00   1.0627600e+04   0.0000000e+00
  -3.4115070e-01  -6.7836309e+00   1.0629800e+04   0.0000000e+00
  -3.4016780e-01  -6.7505031e+00   1.0631300e+04   0.0000000e+00
  -3.3915250e-01  -6.7266429e+00   1.0632800e+04   0.0000000e+00
  -3.3818040e-01  -6.6984192e+00   1.0634300e+04   0.0000000e+00
  -3.3718660e-01  -6.6664363e+00   1.0635800e+04   0.0000000e+00
  -3.3619290e-01  -6.6376399e+00   1.0637200e+04   0.0000000e+00
  -3.3521000e-01  -6.6010017e+00   1.0639500e+04   0.0000000e+00
  -3.3420550e-01  -6.5681010e+00   1.0641000e+04   0.0000000e+00
  -3.3322250e-01  -6.5404603e+00   1.0642500e+04   0.0000000e+00
  -3.3222880e-01  -6.5043513e+00   1.0643900e+04   0.0000000e+00
  -3.3124590e-01  -6.4748855e+00   1.0646200e+04   0.0000000e+00
  -3.3024140e-01  -6.4420710e+00   1.0646900e+04   0.0000000e+00
  -3.2922600e-01  -6.4137174e+00   1.0649200e+04   0.0000000e+00
  -3.2823230e-01  -6.3797365e+00   1.0650700e+04   0.0000000e+00
  -3.2727100e-01  -6.3420613e+00   1.0652900e+04   0.0000000e+00
  -3.2626650e-01  -6.3135889e+00   1.0653600e+04   0.0000000e+00
  -3.2527270e-01  -6.2810015e+00   1.0655900e+04   0.0000000e+00
  -3.2430060e-01  -6.2521295e+00   1.0658100e+04   0.0000000e+00
  -3.2329610e-01  -6.2110087e+00   1.0659600e+04   0.0000000e+00
  -3.2230240e-01  -6.1818990e+00   1.0661800e+04   0.0000000e+00
  -3.2128700e-01  -6.1489660e+00   1.0663300e+04   0.0000000e+00
  -3.2033650e-01  -6.1193703e+00   1.0665600e+04   0.0000000e+00
  -3.1934280e-01  -6.0991069e+00   1.0667000e+04   0.0000000e+00
  -3.1834910e-01  -6.0616481e+00   1.0669300e+04   0.0000000e+00
  -3.1735530e-01  -6.0260252e+00   1.0670800e+04   0.0000000e+00
  -3.1635080e-01  -5.9901538e+00   1.0672300e+04   0.0000000e+00
  -3.1535710e-01  -5.9581497e+00   1.0674500e+04   0.0000000e+00
  -3.1438500e-01  -5.9334794e+00   1.0676700e+04   0.0000000e+00
  -3.1340200e-01  -5.9066272e+00   1.0678200e+04   0.0000000e+00
  -3.1239750e-01  -5.8618557e+00   1.0679700e+04   0.0000000e+00
  -3.1139300e-01  -5.8315903e+00   1.0681900e+04   0.0000000e+00
  -3.1041010e-01  -5.8051053e+00   1.0683400e+04   0.0000000e+00
  -3.0941630e-01  -5.7731441e+00   1.0684200e+04   0.0000000e+00
  -3.0843340e-01  -5.7416583e+00   1.0685700e+04   0.0000000e+00
  -3.0741810e-01  -5.7119653e+00   1.0687900e+04   0.0000000e+00
  -3.0643520e-01  -5.6807602e+00   1.0689400e+04   0.0000000e+00
  -3.0544140e-01  -5.6489397e+00   1.0690900e+04   0.0000000e+00
  -3.0444770e-01  -5.6210829e+00   1.0693100e+04   0.0000000e+00
  -3.0347560e-01  -5.5898454e+00   1.0694600e+04   0.0000000e+00
  -3.0249270e-01  -5.5580246e+00   1.0696800e+04   0.0000000e+00
  -3.0149890e-01  -5.5192587e+00   1.0698300e+04   0.0000000e+00
  -3.0049440e-01  -5.4950852e+00   1.0699800e+04   0.0000000e+00
  -2.9950070e-01  -5.4648522e+00   1.0702100e+04   0.0000000e+00
  -2.9851780e-01  -5.4406031e+00   1.0703600e+04   0.0000000e+00
  -2.9751320e-01  -5.4019882e+00   1.0705000e+04   0.0000000e+00
  -2.9651950e-01  -5.3737427e+00   1.0706500e+04   0.0000000e+00
  -2.9552580e-01  -5.3472685e+00   1.0708800e+04   0.0000000e+00
  -2.9455360e-01  -5.3099285e+00   1.0709500e+04   0.0000000e+00
  -2.9354910e-01  -5.2808296e+00   1.0711700e+04   0.0000000e+00
  -2.9255540e-01  -5.2593997e+00   1.0714000e+04   0.0000000e+00
  -2.9157250e-01  -5.2179011e+00   1.0715500e+04   0.0000000e+00
  -2.9058950e-01  -5.1984910e+00   1.0717000e+04   0.0000000e+00
  -2.8957420e-01  -5.1649960e+00   1.0718500e+04   0.0000000e+00
  -2.8858050e-01  -5.1346657e+00   1.0720700e+04   0.0000000e+00
  -2.8760840e-01  -5.1048326e+00   1.0722200e+04   0.0000000e+00
  -2.8660380e-01  -5.0761117e+00   1.0723700e+04   0.0000000e+00
  -2.8559930e-01  -5.0444853e+00   1.0725900e+04   0.0000000e+00
  -2.8460560e-01  -5.0172661e+00   1.0728900e+04   0.0000000e+00
  -2.8365510e-01  -4.9815784e+00   1.0730400e+04   0.0000000e+00
  -2.8265050e-01  -4.9532464e+00   1.0732600e+04   0.0000000e+00
  -2.8164600e-01  -4.9346896e+00   1.0734800e+04   0.0000000e+00
  -2.8064150e-01  -4.8997906e+00   1.0736300e+04   0.0000000e+00
  -2.7966940e-01  -4.8665440e+00   1.0737800e+04   0.0000000e+00
  -2.7867560e-01  -4.8330490e+00   1.0740100e+04   0.0000000e+00
  -2.7766030e-01  -4.8078496e+00   1.0741500e+04   0.0000000e+00
  -2.7670980e-01  -4.7780162e+00   1.0743800e+04   0.0000000e+00
  -2.7570530e-01  -4.7468759e+00   1.0745300e+04   0.0000000e+00
  -2.7471150e-01  -4.7148066e+00   1.0747500e+04   0.0000000e+00
  -2.7370700e-01  -4.6826296e+00   1.0749000e+04   0.0000000e+00
  -2.7272410e-01  -4.6622582e+00   1.0750500e+04   0.0000000e+00
  -2.7174120e-01  -4.6314743e+00   1.0752700e+04   0.0000000e+00
  -2.7073660e-01  -4.5915417e+00   1.0754200e+04   0.0000000e+00
  -2.6974290e-01  -4.5719156e+00   1.0755700e+04   0.0000000e+00
  -2.6876000e-01  -4.5365735e+00   1.0757900e+04   0.0000000e+00
  -2.6777710e-01  -4.5076690e+00   1.0760200e+04   0.0000000e+00
  -2.6677250e-01  -4.4799529e+00   1.0761700e+04   0.0000000e+00
  -2.6578960e-01  -4.4483265e+00   1.0763900e+04   0.0000000e+00
  -2.6479590e-01  -4.4273395e+00   1.0766100e+04   0.0000000e+00
  -2.6379140e-01  -4.3858948e+00   1.0767600e+04   0.0000000e+00
  -2.6280840e-01  -4.3608465e+00   1.0769900e+04   0.0000000e+00
  -2.6182550e-01  -4.3361005e+00   1.0771400e+04   0.0000000e+00
  -2.6082100e-01  -4.2980149e+00   1.0772800e+04   0.0000000e+00
  -2.5983810e-01  -4.2731396e+00   1.0774300e+04   0.0000000e+00
  -2.5882270e-01  -4.2401306e+00   1.0776600e+04   0.0000000e+00
  -2.5783980e-01  -4.2198889e+00   1.0778800e+04   0.0000000e+00
  -2.5684610e-01  -4.1810470e+00   1.0780300e+04   0.0000000e+00
  -2.5585240e-01  -4.1545297e+00   1.0781800e+04   0.0000000e+00
  -2.5489100e-01  -4.1257765e+00   1.0784000e+04   0.0000000e+00
  -2.5388650e-01  -4.0991943e+00   1.0786300e+04   0.0000000e+00
  -2.5289280e-01  -4.0668120e+00   1.0788500e+04   0.0000000e+00
  -2.5189910e-01  -4.0350992e+00   1.0790700e+04   0.0000000e+00
  -2.5091610e-01  -4.0055466e+00   1.0792200e+04   0.0000000e+00
  -2.4993320e-01  -3.9722678e+00   1.0794400e+04   0.0000000e+00
  -2.4892870e-01  -3.9432122e+00   1.0795900e+04   0.0000000e+00
  -2.4792420e-01  -3.9171269e+00   1.0797400e+04   0.0000000e+00
  -2.4695200e-01  -3.8837398e+00   1.0798200e+04   0.0000000e+00
  -2.4595830e-01  -3.8495966e+00   1.0800400e+04   0.0000000e+00
  -2.4496460e-01  -3.8220963e+00   1.0801900e+04   0.0000000e+00
  -2.4398170e-01  -3.7960002e+00   1.0803400e+04   0.0000000e+00
  -2.4297710e-01  -3.7660051e+00   1.0804900e+04   0.0000000e+00
  -2.4198340e-01  -3.7352752e+00   1.0807100e+04   0.0000000e+00
  -2.4097890e-01  -3.6980969e+00   1.0809300e+04   0.0000000e+00
  -2.4001760e-01  -3.6813331e+00   1.0810800e+04   0.0000000e+00
  -2.3901300e-01  -3.6490156e+00   1.0813100e+04   0.0000000e+00
  -2.3801930e-01  -3.6203703e+00   1.0815300e+04   0.0000000e+00
  -2.3700400e-01  -3.5919951e+00   1.0817500e+04   0.0000000e+00
  -2.3601020e-01  -3.5670440e+00   1.0819000e+04   0.0000000e+00
  -2.3503810e-01  -3.5254479e+00   1.0821300e+04   0.0000000e+00
  -2.3403360e-01  -3.4998595e+00   1.0823500e+04   0.0000000e+00
  -2.3308310e-01  -3.4714195e+00   1.0824300e+04   0.0000000e+00
  -2.3208940e-01  -3.4292403e+00   1.0826500e+04   0.0000000e+00
  -2.3106320e-01  -3.4206532e+00   1.0828000e+04   0.0000000e+00
  -2.3008030e-01  -3.3878386e+00   1.0830200e+04   0.0000000e+00
  -2.2909740e-01  -3.3590530e+00   1.0831000e+04   0.0000000e+00
  -2.2809280e-01  -3.3323738e+00   1.0833200e+04   0.0000000e+00
  -2.2712070e-01  -3.2974638e+00   1.0835400e+04   0.0000000e+00
  -2.2609460e-01  -3.2712921e+00   1.0836200e+04   0.0000000e+00
  -2.2513330e-01  -3.2381858e+00   1.0837700e+04   0.0000000e+00
  -2.2412870e-01  -3.2116360e+00   1.0839900e+04   0.0000000e+00
  -2.2313500e-01  -3.1809926e+00   1.0841400e+04   0.0000000e+00
  -2.2216290e-01  -3.1475623e+00   1.0842900e+04   0.0000000e+00
  -2.2115840e-01  -3.1213043e+00   1.0844400e+04   0.0000000e+00
  -2.2016460e-01  -3.1015918e+00   1.0845900e+04   0.0000000e+00
  -2.1916010e-01  -3.0627393e+00   1.0848100e+04   0.0000000e+00
  -2.1818800e-01  -3.0345586e+00   1.0848800e+04   0.0000000e+00
  -2.1719430e-01  -2.9966028e+00   1.0851100e+04   0.0000000e+00
  -2.1621130e-01  -2.9788561e+00   1.0853300e+04   0.0000000e+00
  -2.1520680e-01  -2.9486663e+00   1.0855500e+04   0.0000000e+00
  -2.1420230e-01  -2.9265882e+00   1.0857000e+04   0.0000000e+00
  -2.1324100e-01  -2.8949294e+00   1.0860000e+04   0.0000000e+00
  -2.1224720e-01  -2.8553100e+00   1.0861500e+04   0.0000000e+00
  -2.1125350e-01  -2.8321411e+00   1.0863000e+04   0.0000000e+00
  -2.1027060e-01  -2.8005472e+00   1.0865200e+04   0.0000000e+00
  -2.0926610e-01  -2.7737598e+00   1.0867500e+04   0.0000000e+00
  -2.0827230e-01  -2.7389902e+00   1.0869000e+04   0.0000000e+00
  -2.0728940e-01  -2.7055923e+00   1.0871200e+04   0.0000000e+00
  -2.0630650e-01  -2.6835683e+00   1.0872700e+04   0.0000000e+00
  -2.0529120e-01  -2.6609934e+00   1.0874200e+04   0.0000000e+00
  -2.0428660e-01  -2.6273256e+00   1.0876400e+04   0.0000000e+00
  -2.0332530e-01  -2.5947271e+00   1.0877900e+04   0.0000000e+00
  -2.0230980e-01  -2.5629603e+00   1.0880100e+04   0.0000000e+00
  -2.0131610e-01  -2.5331485e+00   1.0881600e+04   0.0000000e+00
  -2.0034390e-01  -2.5167845e+00   1.0883100e+04   0.0000000e+00
  -1.9936100e-01  -2.4852660e+00   1.0884600e+04   0.0000000e+00
  -1.9833490e-01  -2.4568692e+00   1.0886800e+04   0.0000000e+00
  -1.9735200e-01  -2.4294877e+00   1.0887600e+04   0.0000000e+00
  -1.9637980e-01  -2.3977534e+00   1.0889800e+04   0.0000000e+00
  -1.9538610e-01  -2.3704800e+00   1.0891300e+04   0.0000000e+00
  -1.9439240e-01  -2.3418456e+00   1.0893500e+04   0.0000000e+00
  -1.9339870e-01  -2.3130923e+00   1.0895000e+04   0.0000000e+00
  -1.9241570e-01  -2.2844256e+00   1.0896500e+04   0.0000000e+00
  -1.9141120e-01  -2.2617211e+00   1.0898800e+04   0.0000000e+00
  -1.9041750e-01  -2.2227498e+00   1.0899500e+04   0.0000000e+00
  -1.8943460e-01  -2.1974746e+00   1.0901700e+04   0.0000000e+00
  -1.8844080e-01  -2.1682892e+00   1.0903200e+04   0.0000000e+00
  -1.8743630e-01  -2.1324287e+00   1.0905500e+04   0.0000000e+00
  -1.8645340e-01  -2.1079204e+00   1.0906200e+04   0.0000000e+00
  -1.8545970e-01  -2.0763805e+00   1.0907700e+04   0.0000000e+00
  -1.8446590e-01  -2.0443652e+00   1.0909900e+04   0.0000000e+00
  -1.8346140e-01  -2.0262837e+00   1.0911400e+04   0.0000000e+00
  -1.8247850e-01  -1.9968716e+00   1.0912900e+04   0.0000000e+00
  -1.8148480e-01  -1.9685502e+00   1.0915100e+04   0.0000000e+00
  -1.8050180e-01  -1.9462022e+00   1.0916600e+04   0.0000000e+00
  -1.7951890e-01  -1.9128800e+00   1.0918900e+04   0.0000000e+00
  -1.7853600e-01  -1.8867299e+00   1.0920400e+04   0.0000000e+00
  -1.7755310e-01  -1.8611416e+00   1.0922600e+04   0.0000000e+00
  -1.7653770e-01  -1.8364280e+00   1.0924800e+04   0.0000000e+00
  -1.7554400e-01  -1.8016044e+00   1.0926300e+04   0.0000000e+00
  -1.7457190e-01  -1.7751517e+00   1.0927800e+04   0.0000000e+00
  -1.7356730e-01  -1.7464957e+00   1.0930000e+04   0.0000000e+00
  -1.7257360e-01  -1.7210260e+00   1.0931500e+04   0.0000000e+00
  -1.7156910e-01  -1.6893996e+00   1.0933000e+04   0.0000000e+00
  -1.7059700e-01  -1.6670409e+00   1.0935300e+04   0.0000000e+00
  -1.6959240e-01  -1.6338915e+00   1.0937500e+04   0.0000000e+00
  -1.6859870e-01  -1.5981822e+00   1.0938200e+04   0.0000000e+00
  -1.6763740e-01  -1.5826498e+00   1.0940500e+04   0.0000000e+00
  -1.6663290e-01  -1.5567373e+00   1.0942000e+04   0.0000000e+00
  -1.6562830e-01  -1.5241387e+00   1.0943500e+04   0.0000000e+00
  -1.6462380e-01  -1.5012506e+00   1.0944200e+04   0.0000000e+00
  -1.6364090e-01  -1.4660382e+00   1.0945700e+04   0.0000000e+00
  -1.6264720e-01  -1.4419187e+00   1.0947200e+04   0.0000000e+00
  -1.6166420e-01  -1.4181665e+00   1.0948700e+04   0.0000000e+00
  -1.6065970e-01  -1.3843259e+00   1.0950200e+04   0.0000000e+00
  -1.5969840e-01  -1.3609301e+00   1.0950900e+04   0.0000000e+00
  -1.5868310e-01  -1.3407963e+00   1.0953100e+04   0.0000000e+00
  -1.5770010e-01  -1.3002803e+00   1.0954600e+04   0.0000000e+00
  -1.5673880e-01  -1.2775759e+00   1.0956900e+04   0.0000000e+00
  -1.5571270e-01  -1.2507019e+00   1.0957600e+04   0.0000000e+00
  -1.5472980e-01  -1.2270145e+00   1.0959100e+04   0.0000000e+00
  -1.5371440e-01  -1.1962090e+00   1.0961300e+04   0.0000000e+00
  -1.5275310e-01  -1.1744226e+00   1.0962800e+04   0.0000000e+00
  -1.5174860e-01  -1.1566544e+00   1.0964300e+04   0.0000000e+00
  -1.5076570e-01  -1.1299967e+00   1.0966600e+04   0.0000000e+00
  -1.4975030e-01  -1.0987051e+00   1.0968800e+04   0.0000000e+00
  -1.4877820e-01  -1.0720150e+00   1.0969500e+04   0.0000000e+00
  -1.4777370e-01  -1.0538039e+00   1.0971000e+04   0.0000000e+00
  -1.4678000e-01  -1.0159881e+00   1.0973300e+04   0.0000000e+00
  -1.4581860e-01  -9.9591910e-01   1.0974800e+04   0.0000000e+00
  -1.4480330e-01  -9.7120560e-01   1.0976200e+04   0.0000000e+00
  -1.4382040e-01  -9.5445270e-01   1.0978500e+04   0.0000000e+00
  -1.4282670e-01  -9.2145460e-01   1.0980700e+04   0.0000000e+00
  -1.4182210e-01  -8.9290660e-01   1.0982200e+04   0.0000000e+00
  -1.4085000e-01  -8.7006170e-01   1.0983700e+04   0.0000000e+00
  -1.3984550e-01  -8.6111820e-01   1.0985900e+04   0.0000000e+00
  -1.3885180e-01  -8.4265870e-01   1.0987400e+04   0.0000000e+00
  -1.3787960e-01  -8.1099970e-01   1.0988900e+04   0.0000000e+00
  -1.3686430e-01  -7.7445860e-01   1.0990400e+04   0.0000000e+00
  -1.3587060e-01  -7.5970400e-01   1.0992600e+04   0.0000000e+00
  -1.3488770e-01  -7.3866290e-01   1.0994900e+04   0.0000000e+00
  -1.3389390e-01  -7.3024860e-01   1.0996400e+04   0.0000000e+00
  -1.3290020e-01  -6.9706690e-01   1.0997800e+04   0.0000000e+00
  -1.3189570e-01  -6.7641460e-01   1.1000100e+04   0.0000000e+00
  -1.3092360e-01  -6.3654680e-01   1.1000800e+04   0.0000000e+00
  -1.2992980e-01  -6.2305590e-01   1.1003100e+04   0.0000000e+00
  -1.2892530e-01  -6.1545150e-01   1.1004600e+04   0.0000000e+00
  -1.2794240e-01  -6.0997520e-01   1.1006000e+04   0.0000000e+00
  -1.2694870e-01  -5.7314260e-01   1.1007500e+04   0.0000000e+00
  -1.2596570e-01  -5.4976840e-01   1.1008300e+04   0.0000000e+00
  -1.2497200e-01  -5.2429880e-01   1.1009800e+04   0.0000000e+00
  -1.2397830e-01  -5.0582860e-01   1.1011300e+04   0.0000000e+00
  -1.2299540e-01  -4.9382830e-01   1.1012700e+04   0.0000000e+00
  -1.2199080e-01  -4.8771470e-01   1.1013500e+04   0.0000000e+00
  -1.2098630e-01  -4.5566700e-01   1.1015000e+04   0.0000000e+00
  -1.2003580e-01  -4.4028590e-01   1.1017200e+04   0.0000000e+00
  -1.1903130e-01  -4.2211800e-01   1.1018700e+04   0.0000000e+00
  -1.1802670e-01  -4.0450080e-01   1.1020200e+04   0.0000000e+00
  -1.1702220e-01  -3.9462830e-01   1.1021700e+04   0.0000000e+00
  -1.1603930e-01  -3.9509280e-01   1.1023200e+04   0.0000000e+00
  -1.1505640e-01  -3.5845450e-01   1.1025400e+04   0.0000000e+00
  -1.1406260e-01  -3.3972500e-01   1.1026200e+04   0.0000000e+00
  -1.1305810e-01  -3.2600720e-01   1.1028400e+04   0.0000000e+00
  -1.1209680e-01  -3.2269120e-01   1.1029900e+04   0.0000000e+00
  -1.1109220e-01  -3.2384700e-01   1.1031400e+04   0.0000000e+00
  -1.1007690e-01  -2.8990910e-01   1.1032900e+04   0.0000000e+00
  -1.0909400e-01  -2.6770150e-01   1.1033600e+04   0.0000000e+00
  -1.0812190e-01  -2.5901720e-01   1.1035800e+04   0.0000000e+00
  -1.0711730e-01  -2.3968270e-01   1.1037300e+04   0.0000000e+00
  -1.0612360e-01  -2.3515690e-01   1.1038800e+04   0.0000000e+00
  -1.0512990e-01  -2.4092490e-01   1.1039600e+04   0.0000000e+00
  -1.0413620e-01  -2.0059240e-01   1.1041100e+04   0.0000000e+00
  -1.0314240e-01  -2.0218020e-01   1.1042600e+04   0.0000000e+00
  -1.0215950e-01  -1.9061190e-01   1.1044000e+04   0.0000000e+00
  -1.0116580e-01  -1.8837600e-01   1.1045500e+04   0.0000000e+00
  -1.0016130e-01  -1.9578580e-01   1.1047000e+04   0.0000000e+00
  -9.9178300e-02  -1.7274640e-01   1.1049300e+04   0.0000000e+00
  -9.8216800e-02  -1.5193220e-01   1.1050700e+04   0.0000000e+00
  -9.7201500e-02  -1.5166220e-01   1.1052200e+04   0.0000000e+00
  -9.6207800e-02  -1.3014590e-01   1.1053700e+04   0.0000000e+00
  -9.5214000e-02  -1.3013510e-01   1.1055200e+04   0.0000000e+00
  -9.4252700e-02  -1.3771760e-01   1.1057500e+04   0.0000000e+00
  -9.3237400e-02  -1.2271450e-01   1.1058200e+04   0.0000000e+00
  -9.2254500e-02  -1.0497870e-01   1.1059700e+04   0.0000000e+00
  -9.1239100e-02  -9.9578000e-02   1.1061900e+04   0.0000000e+00
  -9.0256200e-02  -8.9640500e-02   1.1063400e+04   0.0000000e+00
  -8.9273300e-02  -9.4900800e-02   1.1064200e+04   0.0000000e+00
  -8.8279600e-02  -9.0839500e-02   1.1066400e+04   0.0000000e+00
  -8.7296600e-02  -7.6938100e-02   1.1067900e+04   0.0000000e+00
  -8.6292100e-02  -6.5467100e-02   1.1070100e+04   0.0000000e+00
  -8.5298400e-02  -6.6687600e-02   1.1070900e+04   0.0000000e+00
  -8.4293900e-02  -5.7765700e-02   1.1073100e+04   0.0000000e+00
  -8.3332500e-02  -6.2302300e-02   1.1074600e+04   0.0000000e+00
  -8.2338800e-02  -5.6156300e-02   1.1076100e+04   0.0000000e+00
  -8.1334300e-02  -5.1565700e-02   1.1076800e+04   0.0000000e+00
  -8.0319000e-02  -4.3940000e-02   1.1078300e+04   0.0000000e+00
  -7.9357600e-02  -4.2859800e-02   1.1080600e+04   0.0000000e+00
  -7.8385500e-02  -4.4750100e-02   1.1082000e+04   0.0000000e+00
  -7.7359400e-02  -4.4166800e-02   1.1083500e+04   0.0000000e+00
  -7.6398100e-02  -3.6087400e-02   1.1084300e+04   0.0000000e+00
  -7.5404300e-02  -3.2728100e-02   1.1085800e+04   0.0000000e+00
  -7.4389000e-02  -2.7349100e-02   1.1087300e+04   0.0000000e+00
  -7.3395300e-02  -2.6528200e-02   1.1088000e+04   0.0000000e+00
  -7.2401600e-02  -2.6668600e-02   1.1089500e+04   0.0000000e+00
  -7.1418600e-02  -2.7025000e-02   1.1089500e+04   0.0000000e+00
  -7.0424900e-02  -2.0825000e-02   1.1091000e+04   0.0000000e+00
  -6.9431200e-02  -1.8286700e-02   1.1092500e+04   0.0000000e+00
  -6.8448300e-02  -1.7066200e-02   1.1094000e+04   0.0000000e+00
  -6.7454500e-02  -1.5413500e-02   1.1096200e+04   0.0000000e+00
  -6.6450000e-02  -1.5111100e-02   1.1096900e+04   0.0000000e+00
  -6.5477900e-02  -1.3977000e-02   1.1098400e+04   0.0000000e+00
  -6.4473400e-02  -1.4765500e-02   1.1099900e+04   0.0000000e+00
  -6.3490400e-02  -1.0596100e-02   1.1102200e+04   0.0000000e+00
  -6.2485900e-02  -9.5160000e-03   1.1102900e+04   0.0000000e+00
  -6.1503000e-02  -1.1233400e-02   1.1104400e+04   0.0000000e+00
  -6.0509300e-02  -9.3540000e-03   1.1105900e+04   0.0000000e+00
  -5.9504700e-02  -1.0466500e-02   1.1107400e+04   0.0000000e+00
  -5.8521800e-02  -7.4421000e-03   1.1108900e+04   0.0000000e+00
  -5.7538900e-02  -4.7418000e-03   1.1109600e+04   0.0000000e+00
  -5.6534300e-02  -4.7634000e-03   1.1111100e+04   0.0000000e+00
  -5.5529800e-02  -3.5536000e-03   1.1112600e+04   0.0000000e+00
  -5.4557700e-02  -3.6725000e-03   1.1114100e+04   0.0000000e+00
  -5.3564000e-02  -4.4070000e-03   1.1114800e+04   0.0000000e+00
  -5.2570200e-02  -1.9442000e-03   1.1115600e+04   0.0000000e+00
  -5.1587300e-02  -1.0800000e-04   1.1117100e+04   0.0000000e+00
  -5.0604400e-02  -5.4000000e-05   1.1118500e+04   0.0000000e+00
  -4.9610700e-02   1.6310000e-03   1.1120800e+04   0.0000000e+00
  -4.8616900e-02   1.6958000e-03   1.1121500e+04   0.0000000e+00
  -4.7590800e-02   1.7606000e-03   1.1123000e+04   0.0000000e+00
  -4.6640300e-02   3.5212000e-03   1.1125300e+04   0.0000000e+00
  -4.5625000e-02   4.4502000e-03   1.1126700e+04   0.0000000e+00
  -4.4631200e-02   5.8867000e-03   1.1127500e+04   0.0000000e+00
  -4.3669900e-02   8.1226000e-03   1.1129000e+04   0.0000000e+00
  -4.2654600e-02   6.9993000e-03   1.1130500e+04   0.0000000e+00
  -4.1660900e-02   8.5115000e-03   1.1132000e+04   0.0000000e+00
  -4.0667100e-02   9.5052000e-03   1.1133400e+04   0.0000000e+00
  -3.9684200e-02   1.0736600e-02   1.1134200e+04   0.0000000e+00
  -3.8701300e-02   1.5121900e-02   1.1135700e+04   0.0000000e+00
  -3.7696800e-02   1.6137200e-02   1.1137200e+04   0.0000000e+00
  -3.6703000e-02   1.4171400e-02   1.1138700e+04   0.0000000e+00
  -3.5741700e-02   1.5737600e-02   1.1140200e+04   0.0000000e+00
  -3.4726400e-02   1.8729600e-02   1.1140900e+04   0.0000000e+00
  -3.3711100e-02   2.3665800e-02   1.1143100e+04   0.0000000e+00
  -3.2771300e-02   2.7122200e-02   1.1144600e+04   0.0000000e+00
  -3.1745200e-02   2.8245600e-02   1.1146900e+04   0.0000000e+00
  -3.0751500e-02   2.6452500e-02   1.1147600e+04   0.0000000e+00
  -2.9768600e-02   2.6506600e-02   1.1149100e+04   0.0000000e+00
  -2.8785600e-02   3.0697500e-02   1.1151300e+04   0.0000000e+00
  -2.7770300e-02   3.4456400e-02   1.1152100e+04   0.0000000e+00
  -2.6787400e-02   4.3237900e-02   1.1152800e+04   0.0000000e+00
  -2.5782900e-02   3.9457400e-02   1.1154300e+04   0.0000000e+00
  -2.4810700e-02   3.9252200e-02   1.1155100e+04   0.0000000e+00
  -2.3817000e-02   4.4177600e-02   1.1156500e+04   0.0000000e+00
  -2.2812500e-02   4.8422500e-02   1.1158000e+04   0.0000000e+00
  -2.1840400e-02   5.7355300e-02   1.1158800e+04   0.0000000e+00
  -2.0846600e-02   6.9009900e-02   1.1159500e+04   0.0000000e+00
  -1.9842100e-02   7.1623900e-02   1.1161000e+04   0.0000000e+00
  -1.8826800e-02   6.6622800e-02   1.1162500e+04   0.0000000e+00
  -1.7887100e-02   7.2066700e-02   1.1163300e+04   0.0000000e+00
  -1.6882500e-02   7.9854500e-02   1.1164700e+04   0.0000000e+00
  -1.5888800e-02   9.4576800e-02   1.1165500e+04   0.0000000e+00
  -1.4884300e-02   1.0097120e-01   1.1167000e+04   0.0000000e+00
  -1.3923000e-02   1.0006390e-01   1.1167700e+04   0.0000000e+00
  -1.2918400e-02   9.9134900e-02   1.1169200e+04   0.0000000e+00
  -1.1913900e-02   1.1449450e-01   1.1170700e+04   0.0000000e+00
  -1.0931000e-02   1.1849100e-01   1.1172200e+04   0.0000000e+00
  -9.9265000e-03   1.4692020e-01   1.1172900e+04   0.0000000e+00
  -8.9435000e-03   1.4904800e-01   1.1174400e+04   0.0000000e+00
  -7.9498000e-03   1.4154110e-01   1.1175900e+04   0.0000000e+00
  -6.9669000e-03   1.4482470e-01   1.1177400e+04   0.0000000e+00
  -5.9624000e-03   1.5537760e-01   1.1178200e+04   0.0000000e+00
  -4.9686000e-03   1.8994200e-01   1.1179600e+04   0.0000000e+00
  -3.9749000e-03   2.0404860e-01   1.1181100e+04   0.0000000e+00
  -2.9812000e-03   2.0337890e-01   1.1182600e+04   0.0000000e+00
  -1.9766000e-03   1.9963080e-01   1.1184100e+04   0.0000000e+00
  -9.8290000e-04   2.3327730e-01   1.1184900e+04   0.0000000e+00
  -3.2400000e-05   2.2653720e-01   1.1185600e+04   0.0000000e+00
   9.5050000e-04   2.6303510e-01   1.1187800e+04   0.0000000e+00
   1.9658000e-03   2.8339560e-01   1.1189300e+04   0.0000000e+00
   2.9596000e-03   2.7951790e-01   1.1190800e+04   0.0000000e+00
   3.9317000e-03   2.7395520e-01   1.1191600e+04   0.0000000e+00
   4.9470000e-03   3.0134750e-01   1.1193100e+04   0.0000000e+00
   5.9299000e-03   3.2274500e-01   1.1194500e+04   0.0000000e+00
   6.9345000e-03   3.7552050e-01   1.1196000e+04   0.0000000e+00
   7.9174000e-03   3.5587280e-01   1.1197500e+04   0.0000000e+00
   8.9219000e-03   3.5606720e-01   1.1198300e+04   0.0000000e+00
   9.9265000e-03   3.7330620e-01   1.1199800e+04   0.0000000e+00
   1.0898600e-02   3.9840860e-01   1.1201200e+04   0.0000000e+00
   1.1881500e-02   4.1688970e-01   1.1202700e+04   0.0000000e+00
   1.2886000e-02   4.4853790e-01   1.1203500e+04   0.0000000e+00
   1.3869000e-02   4.6139150e-01   1.1205000e+04   0.0000000e+00
   1.4851900e-02   4.6223410e-01   1.1206500e+04   0.0000000e+00
   1.5834800e-02   4.9640960e-01   1.1208000e+04   0.0000000e+00
   1.6850100e-02   5.0495350e-01   1.1208700e+04   0.0000000e+00
   1.7833100e-02   5.4282310e-01   1.1210200e+04   0.0000000e+00
   1.8816000e-02   5.5872280e-01   1.1210900e+04   0.0000000e+00
   1.9820500e-02   5.6742870e-01   1.1211700e+04   0.0000000e+00
   2.0825000e-02   5.7912650e-01   1.1213200e+04   0.0000000e+00
   2.1797200e-02   6.0579510e-01   1.1213900e+04   0.0000000e+00
   2.2780100e-02   6.2888840e-01   1.1215400e+04   0.0000000e+00
   2.3795400e-02   6.6468440e-01   1.1216200e+04   0.0000000e+00
   2.4778300e-02   6.7829410e-01   1.1216900e+04   0.0000000e+00
   2.5761300e-02   6.9548990e-01   1.1218400e+04   0.0000000e+00
   2.6765800e-02   7.1110860e-01   1.1220600e+04   0.0000000e+00
   2.7759500e-02   7.3774480e-01   1.1221400e+04   0.0000000e+00
   2.8753200e-02   7.7987010e-01   1.1222900e+04   0.0000000e+00
   2.9725400e-02   8.1283590e-01   1.1223600e+04   0.0000000e+00
   3.0729900e-02   8.2279480e-01   1.1225100e+04   0.0000000e+00
   3.1734400e-02   8.3815430e-01   1.1225800e+04   0.0000000e+00
   3.2728100e-02   8.6233880e-01   1.1227300e+04   0.0000000e+00
   3.3700300e-02   8.9479690e-01   1.1228800e+04   0.0000000e+00
   3.4694000e-02   9.3231000e-01   1.1229600e+04   0.0000000e+00
   3.5698500e-02   9.5652680e-01   1.1230300e+04   0.0000000e+00
   3.6670600e-02   9.7536430e-01   1.1231800e+04   0.0000000e+00
   3.7664400e-02   1.0026162e+00   1.1233300e+04   0.0000000e+00
   3.8658100e-02   1.0330328e+00   1.1234800e+04   0.0000000e+00
   3.9651800e-02   1.0630392e+00   1.1235500e+04   0.0000000e+00
   4.0623900e-02   1.0916953e+00   1.1236300e+04   0.0000000e+00
   4.1617700e-02   1.1321356e+00   1.1237800e+04   0.0000000e+00
   4.2633000e-02   1.1481216e+00   1.1239200e+04   0.0000000e+00
   4.3626700e-02   1.1714526e+00   1.1240000e+04   0.0000000e+00
   4.4598800e-02   1.1992338e+00   1.1241500e+04   0.0000000e+00
   4.5603400e-02   1.2398793e+00   1.1242200e+04   0.0000000e+00
   4.6586300e-02   1.2642690e+00   1.1243700e+04   0.0000000e+00
   4.7569200e-02   1.2938107e+00   1.1245200e+04   0.0000000e+00
   4.8573700e-02   1.3168068e+00   1.1246700e+04   0.0000000e+00
   4.9567500e-02   1.3465322e+00   1.1247400e+04   0.0000000e+00
   5.0572000e-02   1.3800059e+00   1.1248200e+04   0.0000000e+00
   5.1544100e-02   1.4090940e+00   1.1249700e+04   0.0000000e+00
   5.2516200e-02   1.4452246e+00   1.1250400e+04   0.0000000e+00
   5.3531600e-02   1.4705970e+00   1.1251200e+04   0.0000000e+00
   5.4525300e-02   1.4961206e+00   1.1251900e+04   0.0000000e+00
   5.5497400e-02   1.5227676e+00   1.1253400e+04   0.0000000e+00
   5.6491100e-02   1.5644176e+00   1.1254100e+04   0.0000000e+00
   5.7506500e-02   1.5993820e+00   1.1254900e+04   0.0000000e+00
   5.8489400e-02   1.6259641e+00   1.1256400e+04   0.0000000e+00
   5.9483100e-02   1.6510773e+00   1.1257100e+04   0.0000000e+00
   6.0487600e-02   1.6804031e+00   1.1257900e+04   0.0000000e+00
   6.1481400e-02   1.7147623e+00   1.1259400e+04   0.0000000e+00
   6.2442700e-02   1.7511304e+00   1.1260900e+04   0.0000000e+00
   6.3447200e-02   1.7794516e+00   1.1261600e+04   0.0000000e+00
   6.4451800e-02   1.8029664e+00   1.1263100e+04   0.0000000e+00
   6.5445500e-02   1.8377252e+00   1.1265300e+04   0.0000000e+00
   6.6439200e-02   1.8722464e+00   1.1266800e+04   0.0000000e+00
   6.7422100e-02   1.9066920e+00   1.1267600e+04   0.0000000e+00
   6.8415900e-02   1.9418721e+00   1.1269000e+04   0.0000000e+00
   6.9398800e-02   1.9701500e+00   1.1270500e+04   0.0000000e+00
   7.0403300e-02   1.9994761e+00   1.1272000e+04   0.0000000e+00
   7.1386200e-02   2.0401972e+00   1.1272800e+04   0.0000000e+00
   7.2380000e-02   2.0692097e+00   1.1273500e+04   0.0000000e+00
   7.3362900e-02   2.1024564e+00   1.1274300e+04   0.0000000e+00
   7.4356600e-02   2.1330134e+00   1.1275000e+04   0.0000000e+00
   7.5361100e-02   2.1708182e+00   1.1275800e+04   0.0000000e+00
   7.6344100e-02   2.1871175e+00   1.1277200e+04   0.0000000e+00
   7.7337800e-02   2.2278282e+00   1.1278000e+04   0.0000000e+00
   7.8320700e-02   2.2520017e+00   1.1279500e+04   0.0000000e+00
   7.9314400e-02   2.2951207e+00   1.1279500e+04   0.0000000e+00
   8.0308200e-02   2.3277950e+00   1.1281000e+04   0.0000000e+00
   8.1312700e-02   2.3531242e+00   1.1282500e+04   0.0000000e+00
   8.2295600e-02   2.3895896e+00   1.1284000e+04   0.0000000e+00
   8.3300100e-02   2.4203844e+00   1.1284700e+04   0.0000000e+00
   8.4261500e-02   2.4529505e+00   1.1286200e+04   0.0000000e+00
   8.5276800e-02   2.4912846e+00   1.1286900e+04   0.0000000e+00
   8.6270500e-02   2.5245315e+00   1.1288400e+04   0.0000000e+00
   8.7264200e-02   2.5502495e+00   1.1289900e+04   0.0000000e+00
   8.8247200e-02   2.5850515e+00   1.1290700e+04   0.0000000e+00
   8.9230100e-02   2.6230616e+00   1.1292100e+04   0.0000000e+00
   9.0245400e-02   2.6600239e+00   1.1292100e+04   0.0000000e+00
   9.1206700e-02   2.6848238e+00   1.1293600e+04   0.0000000e+00
   9.2189700e-02   2.7153917e+00   1.1295100e+04   0.0000000e+00
   9.3205000e-02   2.7453118e+00   1.1295900e+04   0.0000000e+00
   9.4198700e-02   2.7883228e+00   1.1297400e+04   0.0000000e+00
   9.5192400e-02   2.8196792e+00   1.1298100e+04   0.0000000e+00
   9.6186200e-02   2.8486809e+00   1.1298900e+04   0.0000000e+00
   9.7169100e-02   2.8814199e+00   1.1298900e+04   0.0000000e+00
   9.8173600e-02   2.9145801e+00   1.1299600e+04   0.0000000e+00
   9.9156500e-02   2.9485291e+00   1.1301100e+04   0.0000000e+00
   1.0015030e-01   2.9812572e+00   1.1301800e+04   0.0000000e+00
   1.0114400e-01   3.0200341e+00   1.1303300e+04   0.0000000e+00
   1.0211610e-01   3.0456768e+00   1.1304800e+04   0.0000000e+00
   1.0312060e-01   3.0773356e+00   1.1305600e+04   0.0000000e+00
   1.0410360e-01   3.1220640e+00   1.1307000e+04   0.0000000e+00
   1.0512970e-01   3.1462484e+00   1.1308500e+04   0.0000000e+00
   1.0609100e-01   3.1813636e+00   1.1309300e+04   0.0000000e+00
   1.0708470e-01   3.2120503e+00   1.1310800e+04   0.0000000e+00
   1.0807850e-01   3.2395074e+00   1.1311500e+04   0.0000000e+00
   1.0906140e-01   3.2726571e+00   1.1312300e+04   0.0000000e+00
   1.1004430e-01   3.3156465e+00   1.1313800e+04   0.0000000e+00
   1.1104880e-01   3.3454367e+00   1.1315200e+04   0.0000000e+00
   1.1204260e-01   3.3862444e+00   1.1316000e+04   0.0000000e+00
   1.1303630e-01   3.4070371e+00   1.1317500e+04   0.0000000e+00
   1.1401920e-01   3.4399704e+00   1.1317500e+04   0.0000000e+00
   1.1503450e-01   3.4652133e+00   1.1319000e+04   0.0000000e+00
   1.1601750e-01   3.5097473e+00   1.1319700e+04   0.0000000e+00
   1.1698960e-01   3.5414602e+00   1.1320500e+04   0.0000000e+00
   1.1799410e-01   3.5720824e+00   1.1321200e+04   0.0000000e+00
   1.1899860e-01   3.5989022e+00   1.1321900e+04   0.0000000e+00
   1.1999240e-01   3.6328401e+00   1.1322700e+04   0.0000000e+00
   1.2096450e-01   3.6644773e+00   1.1324200e+04   0.0000000e+00
   1.2196900e-01   3.7035892e+00   1.1324200e+04   0.0000000e+00
   1.2294110e-01   3.7328069e+00   1.1325700e+04   0.0000000e+00
   1.2392410e-01   3.7661291e+00   1.1326400e+04   0.0000000e+00
   1.2493940e-01   3.7985118e+00   1.1327900e+04   0.0000000e+00
   1.2593310e-01   3.8265413e+00   1.1328700e+04   0.0000000e+00
   1.2692690e-01   3.8640004e+00   1.1329400e+04   0.0000000e+00
   1.2790980e-01   3.9015787e+00   1.1330100e+04   0.0000000e+00
   1.2891430e-01   3.9334967e+00   1.1330900e+04   0.0000000e+00
   1.2990800e-01   3.9583399e+00   1.1331600e+04   0.0000000e+00
   1.3089100e-01   3.9965769e+00   1.1332400e+04   0.0000000e+00
   1.3186310e-01   4.0271016e+00   1.1333100e+04   0.0000000e+00
   1.3286760e-01   4.0578207e+00   1.1333900e+04   0.0000000e+00
   1.3388290e-01   4.0953664e+00   1.1335400e+04   0.0000000e+00
   1.3484430e-01   4.1212573e+00   1.1336100e+04   0.0000000e+00
   1.3584880e-01   4.1534670e+00   1.1336900e+04   0.0000000e+00
   1.3685330e-01   4.1829439e+00   1.1338300e+04   0.0000000e+00
   1.3783620e-01   4.2205221e+00   1.1339100e+04   0.0000000e+00
   1.3879760e-01   4.2575276e+00   1.1339800e+04   0.0000000e+00
   1.3982370e-01   4.2715046e+00   1.1341300e+04   0.0000000e+00
   1.4083900e-01   4.2989617e+00   1.1342100e+04   0.0000000e+00
   1.4181110e-01   4.3404715e+00   1.1342800e+04   0.0000000e+00
   1.4277250e-01   4.3761592e+00   1.1343600e+04   0.0000000e+00
   1.4377700e-01   4.4045994e+00   1.1344300e+04   0.0000000e+00
   1.4477070e-01   4.4342492e+00   1.1345800e+04   0.0000000e+00
   1.4575360e-01   4.4649682e+00   1.1346500e+04   0.0000000e+00
   1.4674740e-01   4.5007856e+00   1.1348000e+04   0.0000000e+00
   1.4775190e-01   4.5294202e+00   1.1348800e+04   0.0000000e+00
   1.4874560e-01   4.5640710e+00   1.1349500e+04   0.0000000e+00
   1.4972850e-01   4.5953625e+00   1.1349500e+04   0.0000000e+00
   1.5073310e-01   4.6245158e+00   1.1350300e+04   0.0000000e+00
   1.5171600e-01   4.6529666e+00   1.1351000e+04   0.0000000e+00
   1.5272050e-01   4.6866129e+00   1.1352500e+04   0.0000000e+00
   1.5369260e-01   4.7133355e+00   1.1354000e+04   0.0000000e+00
   1.5469720e-01   4.7555582e+00   1.1354700e+04   0.0000000e+00
   1.5570170e-01   4.7800557e+00   1.1355500e+04   0.0000000e+00
   1.5669540e-01   4.8076532e+00   1.1357000e+04   0.0000000e+00
   1.5768910e-01   4.8422934e+00   1.1357700e+04   0.0000000e+00
   1.5865050e-01   4.8736281e+00   1.1358500e+04   0.0000000e+00
   1.5964420e-01   4.8969483e+00   1.1359900e+04   0.0000000e+00
   1.6064870e-01   4.9329710e+00   1.1360700e+04   0.0000000e+00
   1.6163160e-01   4.9667901e+00   1.1362200e+04   0.0000000e+00
   1.6262540e-01   4.9901643e+00   1.1362200e+04   0.0000000e+00
   1.6361910e-01   5.0248258e+00   1.1362900e+04   0.0000000e+00
   1.6461280e-01   5.0580726e+00   1.1364400e+04   0.0000000e+00
   1.6559570e-01   5.0894614e+00   1.1365200e+04   0.0000000e+00
   1.6660030e-01   5.1177286e+00   1.1366700e+04   0.0000000e+00
   1.6759400e-01   5.1424639e+00   1.1367400e+04   0.0000000e+00
   1.6857690e-01   5.1785513e+00   1.1368100e+04   0.0000000e+00
   1.6955980e-01   5.2098860e+00   1.1368900e+04   0.0000000e+00
   1.7057520e-01   5.2370407e+00   1.1369600e+04   0.0000000e+00
   1.7154730e-01   5.2676736e+00   1.1370400e+04   0.0000000e+00
   1.7253020e-01   5.3005853e+00   1.1371100e+04   0.0000000e+00
   1.7354550e-01   5.3232790e+00   1.1372600e+04   0.0000000e+00
   1.7452850e-01   5.3559426e+00   1.1373400e+04   0.0000000e+00
   1.7551140e-01   5.3909390e+00   1.1374100e+04   0.0000000e+00
   1.7649430e-01   5.4176724e+00   1.1374800e+04   0.0000000e+00
   1.7750960e-01   5.4486723e+00   1.1375600e+04   0.0000000e+00
   1.7849260e-01   5.4712476e+00   1.1376300e+04   0.0000000e+00
   1.7948630e-01   5.5044402e+00   1.1377100e+04   0.0000000e+00
   1.8048000e-01   5.5422666e+00   1.1377800e+04   0.0000000e+00
   1.8148460e-01   5.5642584e+00   1.1378600e+04   0.0000000e+00
   1.8245670e-01   5.5938109e+00   1.1380100e+04   0.0000000e+00
   1.8343960e-01   5.6168826e+00   1.1380800e+04   0.0000000e+00
   1.8445490e-01   5.6529808e+00   1.1381600e+04   0.0000000e+00
   1.8544870e-01   5.6845643e+00   1.1382300e+04   0.0000000e+00
   1.8642080e-01   5.7134687e+00   1.1383800e+04   0.0000000e+00
   1.8742530e-01   5.7413795e+00   1.1384500e+04   0.0000000e+00
   1.8841900e-01   5.7695172e+00   1.1385300e+04   0.0000000e+00
   1.8943440e-01   5.7980004e+00   1.1386000e+04   0.0000000e+00
   1.9038490e-01   5.8293892e+00   1.1386800e+04   0.0000000e+00
   1.9138940e-01   5.8636943e+00   1.1387500e+04   0.0000000e+00
   1.9239390e-01   5.8903199e+00   1.1387500e+04   0.0000000e+00
   1.9336610e-01   5.9180362e+00   1.1389000e+04   0.0000000e+00
   1.9437060e-01   5.9508399e+00   1.1389700e+04   0.0000000e+00
   1.9534270e-01   5.9735444e+00   1.1390500e+04   0.0000000e+00
   1.9635800e-01   6.0072990e+00   1.1391200e+04   0.0000000e+00
   1.9733020e-01   6.0340000e+00   1.1392000e+04   0.0000000e+00
   1.9832390e-01   6.0648595e+00   1.1392700e+04   0.0000000e+00
   1.9931760e-01   6.0907614e+00   1.1393500e+04   0.0000000e+00
   2.0031130e-01   6.1222258e+00   1.1393500e+04   0.0000000e+00
   2.0129430e-01   6.1506118e+00   1.1394200e+04   0.0000000e+00
   2.0227720e-01   6.1805748e+00   1.1395000e+04   0.0000000e+00
   2.0330330e-01   6.2039706e+00   1.1396500e+04   0.0000000e+00
   2.0426460e-01   6.2321513e+00   1.1397200e+04   0.0000000e+00
   2.0526920e-01   6.2575669e+00   1.1397900e+04   0.0000000e+00
   2.0626290e-01   6.2880052e+00   1.1398700e+04   0.0000000e+00
   2.0725660e-01   6.3193078e+00   1.1399400e+04   0.0000000e+00
   2.0826110e-01   6.3476182e+00   1.1400200e+04   0.0000000e+00
   2.0923330e-01   6.3783913e+00   1.1400900e+04   0.0000000e+00
   2.1024880e-01   6.4044444e+00   1.1401700e+04   0.0000000e+00
   2.1123170e-01   6.4277754e+00   1.1402400e+04   0.0000000e+00
   2.1221460e-01   6.4583000e+00   1.1403900e+04   0.0000000e+00
   2.1318680e-01   6.4896132e+00   1.1404700e+04   0.0000000e+00
   2.1419130e-01   6.5144242e+00   1.1406100e+04   0.0000000e+00
   2.1518500e-01   6.5397750e+00   1.1406100e+04   0.0000000e+00
   2.1616790e-01   6.5645750e+00   1.1407600e+04   0.0000000e+00
   2.1717250e-01   6.5953589e+00   1.1408400e+04   0.0000000e+00
   2.1818780e-01   6.6306904e+00   1.1409900e+04   0.0000000e+00
   2.1914910e-01   6.6514831e+00   1.1410600e+04   0.0000000e+00
   2.2014280e-01   6.6810356e+00   1.1411400e+04   0.0000000e+00
   2.2114740e-01   6.7020658e+00   1.1411400e+04   0.0000000e+00
   2.2214110e-01   6.7336709e+00   1.1412800e+04   0.0000000e+00
   2.2311320e-01   6.7630939e+00   1.1412800e+04   0.0000000e+00
   2.2410690e-01   6.7844590e+00   1.1412800e+04   0.0000000e+00
   2.2510070e-01   6.8107495e+00   1.1413600e+04   0.0000000e+00
   2.2608360e-01   6.8412420e+00   1.1414300e+04   0.0000000e+00
   2.2708810e-01   6.8644110e+00   1.1415100e+04   0.0000000e+00
   2.2809260e-01   6.8897510e+00   1.1415800e+04   0.0000000e+00
   2.2909720e-01   6.9275667e+00   1.1416600e+04   0.0000000e+00
   2.3003690e-01   6.9496987e+00   1.1418100e+04   0.0000000e+00
   2.3105220e-01   6.9747686e+00   1.1418800e+04   0.0000000e+00
   2.3205670e-01   6.9956045e+00   1.1419600e+04   0.0000000e+00
   2.3302890e-01   7.0292725e+00   1.1420300e+04   0.0000000e+00
   2.3402260e-01   7.0565568e+00   1.1421000e+04   0.0000000e+00
   2.3501630e-01   7.0817132e+00   1.1421800e+04   0.0000000e+00
   2.3602080e-01   7.1128211e+00   1.1421800e+04   0.0000000e+00
   2.3699300e-01   7.1326419e+00   1.1422500e+04   0.0000000e+00
   2.3798670e-01   7.1605958e+00   1.1423300e+04   0.0000000e+00
   2.3899120e-01   7.1930647e+00   1.1424000e+04   0.0000000e+00
   2.3998490e-01   7.2129393e+00   1.1424800e+04   0.0000000e+00
   2.4096790e-01   7.2473094e+00   1.1425500e+04   0.0000000e+00
   2.4195080e-01   7.2720769e+00   1.1426300e+04   0.0000000e+00
   2.4297690e-01   7.2889055e+00   1.1427700e+04   0.0000000e+00
   2.4397070e-01   7.3193869e+00   1.1428500e+04   0.0000000e+00
   2.4494280e-01   7.3548373e+00   1.1429200e+04   0.0000000e+00
   2.4593650e-01   7.3754247e+00   1.1430700e+04   0.0000000e+00
   2.4691940e-01   7.3937006e+00   1.1431500e+04   0.0000000e+00
   2.4792400e-01   7.4267636e+00   1.1431500e+04   0.0000000e+00
   2.4889610e-01   7.4516610e+00   1.1433000e+04   0.0000000e+00
   2.4988980e-01   7.4849184e+00   1.1433700e+04   0.0000000e+00
   2.5088350e-01   7.5108417e+00   1.1433700e+04   0.0000000e+00
   2.5186650e-01   7.5369162e+00   1.1434500e+04   0.0000000e+00
   2.5284940e-01   7.5633581e+00   1.1435200e+04   0.0000000e+00
   2.5387550e-01   7.5815152e+00   1.1435900e+04   0.0000000e+00
   2.5486920e-01   7.6079353e+00   1.1436700e+04   0.0000000e+00
   2.5584140e-01   7.6428237e+00   1.1438200e+04   0.0000000e+00
   2.5683510e-01   7.6709292e+00   1.1438200e+04   0.0000000e+00
   2.5782880e-01   7.7022963e+00   1.1438900e+04   0.0000000e+00
   2.5880090e-01   7.7168782e+00   1.1438900e+04   0.0000000e+00
   2.5982710e-01   7.7459447e+00   1.1439700e+04   0.0000000e+00
   2.6081000e-01   7.7781438e+00   1.1440400e+04   0.0000000e+00
   2.6181450e-01   7.7940866e+00   1.1441200e+04   0.0000000e+00
   2.6277580e-01   7.8230559e+00   1.1441200e+04   0.0000000e+00
   2.6376960e-01   7.8456200e+00   1.1441900e+04   0.0000000e+00
   2.6477410e-01   7.8760908e+00   1.1442600e+04   0.0000000e+00
   2.6576780e-01   7.9002319e+00   1.1443400e+04   0.0000000e+00
   2.6673990e-01   7.9198472e+00   1.1444100e+04   0.0000000e+00
   2.6773370e-01   7.9572631e+00   1.1444900e+04   0.0000000e+00
   2.6872740e-01   7.9811992e+00   1.1445600e+04   0.0000000e+00
   2.6972110e-01   8.0008361e+00   1.1446400e+04   0.0000000e+00
   2.7070400e-01   8.0274183e+00   1.1446400e+04   0.0000000e+00
   2.7170860e-01   8.0501659e+00   1.1447100e+04   0.0000000e+00
   2.7270230e-01   8.0796214e+00   1.1447900e+04   0.0000000e+00
   2.7368520e-01   8.1032763e+00   1.1448600e+04   0.0000000e+00
   2.7467890e-01   8.1286056e+00   1.1449400e+04   0.0000000e+00
   2.7567270e-01   8.1530490e+00   1.1450100e+04   0.0000000e+00
   2.7667720e-01   8.1719514e+00   1.1450800e+04   0.0000000e+00
   2.7764930e-01   8.2025089e+00   1.1450800e+04   0.0000000e+00
   2.7866460e-01   8.2212385e+00   1.1451600e+04   0.0000000e+00
   2.7965840e-01   8.2525192e+00   1.1452300e+04   0.0000000e+00
   2.8063050e-01   8.2678572e+00   1.1453100e+04   0.0000000e+00
   2.8161340e-01   8.3000993e+00   1.1453800e+04   0.0000000e+00
   2.8261790e-01   8.3216049e+00   1.1454600e+04   0.0000000e+00
   2.8361170e-01   8.3537821e+00   1.1455300e+04   0.0000000e+00
   2.8458380e-01   8.3732570e+00   1.1455300e+04   0.0000000e+00
   2.8557750e-01   8.4020104e+00   1.1456800e+04   0.0000000e+00
   2.8658200e-01   8.4213665e+00   1.1456800e+04   0.0000000e+00
   2.8757580e-01   8.4394480e+00   1.1457500e+04   0.0000000e+00
   2.8856950e-01   8.4705451e+00   1.1458300e+04   0.0000000e+00
   2.8956320e-01   8.4987154e+00   1.1459000e+04   0.0000000e+00
   2.9054610e-01   8.5152306e+00   1.1459800e+04   0.0000000e+00
   2.9155070e-01   8.5388100e+00   1.1460500e+04   0.0000000e+00
   2.9252280e-01   8.5628647e+00   1.1461300e+04   0.0000000e+00
   2.9351650e-01   8.5907430e+00   1.1462000e+04   0.0000000e+00
   2.9453180e-01   8.6045257e+00   1.1462000e+04   0.0000000e+00
   2.9549320e-01   8.6390037e+00   1.1462800e+04   0.0000000e+00
   2.9649770e-01   8.6592131e+00   1.1463500e+04   0.0000000e+00
   2.9749140e-01   8.6837646e+00   1.1463500e+04   0.0000000e+00
