   6.0100000e+02   4.0000000e-03   1.0000000e-07
  -3.4710230e-01  -7.2339163e+00   1.0926300e+04   0.0000000e+00
  -3.4610860e-01  -7.2033598e+00   1.0921100e+04   0.0000000e+00
  -3.4511480e-01  -7.1759892e+00   1.0917400e+04   0.0000000e+00
  -3.4411030e-01  -7.1471495e+00   1.0912200e+04   0.0000000e+00
  -3.4312740e-01  -7.1187963e+00   1.0908400e+04   0.0000000e+00
  -3.4214450e-01  -7.0930242e+00   1.0904700e+04   0.0000000e+00
  -3.4113990e-01  -7.0619703e+00   1.0900200e+04   0.0000000e+00
  -3.4014620e-01  -7.0346644e+00   1.0896500e+04   0.0000000e+00
  -3.3914170e-01  -7.0041616e+00   1.0892800e+04   0.0000000e+00
  -3.3818040e-01  -6.9771473e+00   1.0889100e+04   0.0000000e+00
  -3.3717580e-01  -6.9468711e+00   1.0885300e+04   0.0000000e+00
  -3.3619290e-01  -6.9211315e+00   1.0881600e+04   0.0000000e+00
  -3.3519920e-01  -6.8957811e+00   1.0877900e+04   0.0000000e+00
  -3.3421630e-01  -6.8631394e+00   1.0874200e+04   0.0000000e+00
  -3.3320090e-01  -6.8313726e+00   1.0871200e+04   0.0000000e+00
  -3.3221800e-01  -6.8099103e+00   1.0868200e+04   0.0000000e+00
  -3.3125670e-01  -6.7785866e+00   1.0865200e+04   0.0000000e+00
  -3.3024140e-01  -6.7524257e+00   1.0861500e+04   0.0000000e+00
  -3.2923680e-01  -6.7235645e+00   1.0859300e+04   0.0000000e+00
  -3.2822150e-01  -6.6884063e+00   1.0855500e+04   0.0000000e+00
  -3.2726020e-01  -6.6649350e+00   1.0852600e+04   0.0000000e+00
  -3.2626650e-01  -6.6323040e+00   1.0849600e+04   0.0000000e+00
  -3.2527270e-01  -6.6082818e+00   1.0847300e+04   0.0000000e+00
  -3.2427900e-01  -6.5793020e+00   1.0843600e+04   0.0000000e+00
  -3.2329610e-01  -6.5484641e+00   1.0840600e+04   0.0000000e+00
  -3.2229160e-01  -6.5235994e+00   1.0836900e+04   0.0000000e+00
  -3.2131940e-01  -6.4915304e+00   1.0834700e+04   0.0000000e+00
  -3.2034730e-01  -6.4710078e+00   1.0831700e+04   0.0000000e+00
  -3.1934280e-01  -6.4381393e+00   1.0829500e+04   0.0000000e+00
  -3.1834910e-01  -6.4131557e+00   1.0826500e+04   0.0000000e+00
  -3.1733370e-01  -6.3790344e+00   1.0824300e+04   0.0000000e+00
  -3.1635080e-01  -6.3475484e+00   1.0822000e+04   0.0000000e+00
  -3.1535710e-01  -6.3247467e+00   1.0819800e+04   0.0000000e+00
  -3.1436340e-01  -6.2926127e+00   1.0817500e+04   0.0000000e+00
  -3.1340200e-01  -6.2704486e+00   1.0815300e+04   0.0000000e+00
  -3.1238670e-01  -6.2406908e+00   1.0812300e+04   0.0000000e+00
  -3.1140380e-01  -6.2091940e+00   1.0810100e+04   0.0000000e+00
  -3.1039930e-01  -6.1846749e+00   1.0807900e+04   0.0000000e+00
  -3.0941630e-01  -6.1542479e+00   1.0804900e+04   0.0000000e+00
  -3.0843340e-01  -6.1251166e+00   1.0803400e+04   0.0000000e+00
  -3.0741810e-01  -6.0991285e+00   1.0801200e+04   0.0000000e+00
  -3.0642440e-01  -6.0663575e+00   1.0798900e+04   0.0000000e+00
  -3.0546300e-01  -6.0392028e+00   1.0797400e+04   0.0000000e+00
  -3.0445850e-01  -6.0132255e+00   1.0795200e+04   0.0000000e+00
  -3.0345400e-01  -5.9852284e+00   1.0793000e+04   0.0000000e+00
  -3.0248190e-01  -5.9589706e+00   1.0792200e+04   0.0000000e+00
  -3.0148810e-01  -5.9288024e+00   1.0790000e+04   0.0000000e+00
  -3.0047280e-01  -5.8996819e+00   1.0788500e+04   0.0000000e+00
  -2.9948990e-01  -5.8680339e+00   1.0786300e+04   0.0000000e+00
  -2.9851780e-01  -5.8410415e+00   1.0785500e+04   0.0000000e+00
  -2.9752400e-01  -5.8155178e+00   1.0784000e+04   0.0000000e+00
  -2.9650870e-01  -5.7879852e+00   1.0782500e+04   0.0000000e+00
  -2.9550420e-01  -5.7622887e+00   1.0781000e+04   0.0000000e+00
  -2.9456450e-01  -5.7325311e+00   1.0779500e+04   0.0000000e+00
  -2.9353830e-01  -5.7049012e+00   1.0778800e+04   0.0000000e+00
  -2.9256620e-01  -5.6753163e+00   1.0777300e+04   0.0000000e+00
  -2.9155090e-01  -5.6495121e+00   1.0776600e+04   0.0000000e+00
  -2.9056790e-01  -5.6210397e+00   1.0775100e+04   0.0000000e+00
  -2.8957420e-01  -5.5946304e+00   1.0774300e+04   0.0000000e+00
  -2.8858050e-01  -5.5660500e+00   1.0772800e+04   0.0000000e+00
  -2.8760840e-01  -5.5385175e+00   1.0772800e+04   0.0000000e+00
  -2.8662540e-01  -5.5091162e+00   1.0771400e+04   0.0000000e+00
  -2.8562090e-01  -5.4844783e+00   1.0770600e+04   0.0000000e+00
  -2.8462720e-01  -5.4546881e+00   1.0769900e+04   0.0000000e+00
  -2.8364430e-01  -5.4285056e+00   1.0768400e+04   0.0000000e+00
  -2.8263970e-01  -5.3950322e+00   1.0767600e+04   0.0000000e+00
  -2.8164600e-01  -5.3654904e+00   1.0766900e+04   0.0000000e+00
  -2.8065230e-01  -5.3373640e+00   1.0766900e+04   0.0000000e+00
  -2.7966940e-01  -5.3135794e+00   1.0766100e+04   0.0000000e+00
  -2.7867560e-01  -5.2895463e+00   1.0766100e+04   0.0000000e+00
  -2.7768190e-01  -5.2643575e+00   1.0765400e+04   0.0000000e+00
  -2.7668820e-01  -5.2370085e+00   1.0764600e+04   0.0000000e+00
  -2.7569450e-01  -5.2078882e+00   1.0763900e+04   0.0000000e+00
  -2.7470070e-01  -5.1817489e+00   1.0763200e+04   0.0000000e+00
  -2.7369620e-01  -5.1548967e+00   1.0762400e+04   0.0000000e+00
  -2.7273490e-01  -5.1267377e+00   1.0761700e+04   0.0000000e+00
  -2.7173040e-01  -5.1011169e+00   1.0761700e+04   0.0000000e+00
  -2.7073660e-01  -5.0714779e+00   1.0760900e+04   0.0000000e+00
  -2.6973210e-01  -5.0453170e+00   1.0760900e+04   0.0000000e+00
  -2.6874920e-01  -5.0182058e+00   1.0760200e+04   0.0000000e+00
  -2.6776630e-01  -4.9924662e+00   1.0760200e+04   0.0000000e+00
  -2.6678330e-01  -4.9655491e+00   1.0760200e+04   0.0000000e+00
  -2.6580040e-01  -4.9356294e+00   1.0760200e+04   0.0000000e+00
  -2.6478510e-01  -4.9103868e+00   1.0760200e+04   0.0000000e+00
  -2.6379140e-01  -4.8833510e+00   1.0759400e+04   0.0000000e+00
  -2.6279760e-01  -4.8518650e+00   1.0759400e+04   0.0000000e+00
  -2.6181470e-01  -4.8274863e+00   1.0759400e+04   0.0000000e+00
  -2.6082100e-01  -4.7992625e+00   1.0759400e+04   0.0000000e+00
  -2.5981650e-01  -4.7671609e+00   1.0759400e+04   0.0000000e+00
  -2.5882270e-01  -4.7422205e+00   1.0759400e+04   0.0000000e+00
  -2.5785060e-01  -4.7143314e+00   1.0759400e+04   0.0000000e+00
  -2.5686770e-01  -4.6859564e+00   1.0759400e+04   0.0000000e+00
  -2.5586320e-01  -4.6653042e+00   1.0760200e+04   0.0000000e+00
  -2.5488020e-01  -4.6359137e+00   1.0760200e+04   0.0000000e+00
  -2.5388650e-01  -4.6058535e+00   1.0760900e+04   0.0000000e+00
  -2.5289280e-01  -4.5807295e+00   1.0761700e+04   0.0000000e+00
  -2.5189910e-01  -4.5548818e+00   1.0761700e+04   0.0000000e+00
  -2.5089450e-01  -4.5272735e+00   1.0762400e+04   0.0000000e+00
  -2.4992240e-01  -4.4960686e+00   1.0762400e+04   0.0000000e+00
  -2.4891790e-01  -4.4704477e+00   1.0762400e+04   0.0000000e+00
  -2.4792420e-01  -4.4430663e+00   1.0762400e+04   0.0000000e+00
  -2.4696280e-01  -4.4153716e+00   1.0763200e+04   0.0000000e+00
  -2.4595830e-01  -4.3863701e+00   1.0763200e+04   0.0000000e+00
  -2.4494300e-01  -4.3680618e+00   1.0763900e+04   0.0000000e+00
  -2.4398170e-01  -4.3365434e+00   1.0764600e+04   0.0000000e+00
  -2.4297710e-01  -4.3104365e+00   1.0765400e+04   0.0000000e+00
  -2.4197260e-01  -4.2814242e+00   1.0766100e+04   0.0000000e+00
  -2.4098970e-01  -4.2557386e+00   1.0766900e+04   0.0000000e+00
  -2.3999600e-01  -4.2273742e+00   1.0766900e+04   0.0000000e+00
  -2.3901300e-01  -4.1966983e+00   1.0767600e+04   0.0000000e+00
  -2.3804090e-01  -4.1737129e+00   1.0768400e+04   0.0000000e+00
  -2.3702560e-01  -4.1428534e+00   1.0769100e+04   0.0000000e+00
  -2.3603180e-01  -4.1146834e+00   1.0769900e+04   0.0000000e+00
  -2.3503810e-01  -4.0889438e+00   1.0770600e+04   0.0000000e+00
  -2.3404440e-01  -4.0588838e+00   1.0771400e+04   0.0000000e+00
  -2.3307230e-01  -4.0372919e+00   1.0772100e+04   0.0000000e+00
  -2.3207850e-01  -4.0059031e+00   1.0772800e+04   0.0000000e+00
  -2.3108480e-01  -3.9804119e+00   1.0773600e+04   0.0000000e+00
  -2.3008030e-01  -3.9569407e+00   1.0775100e+04   0.0000000e+00
  -2.2910820e-01  -3.9255843e+00   1.0776600e+04   0.0000000e+00
  -2.2811440e-01  -3.8982569e+00   1.0777300e+04   0.0000000e+00
  -2.2710990e-01  -3.8717934e+00   1.0778800e+04   0.0000000e+00
  -2.2612700e-01  -3.8502015e+00   1.0779500e+04   0.0000000e+00
  -2.2514410e-01  -3.8180998e+00   1.0781000e+04   0.0000000e+00
  -2.2412870e-01  -3.7905780e+00   1.0782500e+04   0.0000000e+00
  -2.2312420e-01  -3.7601291e+00   1.0784000e+04   0.0000000e+00
  -2.2217370e-01  -3.7315919e+00   1.0785500e+04   0.0000000e+00
  -2.2118000e-01  -3.7049233e+00   1.0786300e+04   0.0000000e+00
  -2.2015380e-01  -3.6799506e+00   1.0787000e+04   0.0000000e+00
  -2.1914930e-01  -3.6534333e+00   1.0788500e+04   0.0000000e+00
  -2.1820960e-01  -3.6234919e+00   1.0790000e+04   0.0000000e+00
  -2.1719430e-01  -3.5940690e+00   1.0791500e+04   0.0000000e+00
  -2.1620050e-01  -3.5665795e+00   1.0792200e+04   0.0000000e+00
  -2.1520680e-01  -3.5402890e+00   1.0793000e+04   0.0000000e+00
  -2.1423470e-01  -3.5125835e+00   1.0794400e+04   0.0000000e+00
  -2.1321940e-01  -3.4866170e+00   1.0795900e+04   0.0000000e+00
  -2.1222560e-01  -3.4604885e+00   1.0797400e+04   0.0000000e+00
  -2.1126430e-01  -3.4327723e+00   1.0798900e+04   0.0000000e+00
  -2.1025980e-01  -3.4042567e+00   1.0800400e+04   0.0000000e+00
  -2.0925530e-01  -3.3753414e+00   1.0802600e+04   0.0000000e+00
  -2.0827230e-01  -3.3427107e+00   1.0804100e+04   0.0000000e+00
  -2.0727860e-01  -3.3160205e+00   1.0804900e+04   0.0000000e+00
  -2.0628490e-01  -3.2857335e+00   1.0807100e+04   0.0000000e+00
  -2.0530200e-01  -3.2632343e+00   1.0808600e+04   0.0000000e+00
  -2.0429740e-01  -3.2309381e+00   1.0810100e+04   0.0000000e+00
  -2.0331450e-01  -3.2033082e+00   1.0810800e+04   0.0000000e+00
  -2.0232060e-01  -3.1733992e+00   1.0812300e+04   0.0000000e+00
  -2.0131610e-01  -3.1479512e+00   1.0813800e+04   0.0000000e+00
  -2.0033310e-01  -3.1190360e+00   1.0816100e+04   0.0000000e+00
  -1.9933940e-01  -3.0905960e+00   1.0817500e+04   0.0000000e+00
  -1.9833490e-01  -3.0678808e+00   1.0819000e+04   0.0000000e+00
  -1.9736280e-01  -3.0326901e+00   1.0820500e+04   0.0000000e+00
  -1.9637980e-01  -3.0021871e+00   1.0822800e+04   0.0000000e+00
  -1.9537530e-01  -2.9772251e+00   1.0823500e+04   0.0000000e+00
  -1.9439240e-01  -2.9456527e+00   1.0825700e+04   0.0000000e+00
  -1.9338790e-01  -2.9191137e+00   1.0828000e+04   0.0000000e+00
  -1.9240490e-01  -2.8960419e+00   1.0829500e+04   0.0000000e+00
  -1.9141120e-01  -2.8655713e+00   1.0830200e+04   0.0000000e+00
  -1.9041750e-01  -2.8375201e+00   1.0832400e+04   0.0000000e+00
  -1.8942380e-01  -2.8031827e+00   1.0833900e+04   0.0000000e+00
  -1.8844080e-01  -2.7770434e+00   1.0836200e+04   0.0000000e+00
  -1.8743630e-01  -2.7474368e+00   1.0837700e+04   0.0000000e+00
  -1.8643180e-01  -2.7168905e+00   1.0840600e+04   0.0000000e+00
  -1.8547050e-01  -2.6842596e+00   1.0842900e+04   0.0000000e+00
  -1.8448750e-01  -2.6579150e+00   1.0843600e+04   0.0000000e+00
  -1.8347220e-01  -2.6276712e+00   1.0845900e+04   0.0000000e+00
  -1.8247850e-01  -2.5967038e+00   1.0848100e+04   0.0000000e+00
  -1.8148480e-01  -2.5711261e+00   1.0849600e+04   0.0000000e+00
  -1.8050180e-01  -2.5408283e+00   1.0851800e+04   0.0000000e+00
  -1.7949730e-01  -2.5070523e+00   1.0853300e+04   0.0000000e+00
  -1.7853600e-01  -2.4817988e+00   1.0855500e+04   0.0000000e+00
  -1.7753150e-01  -2.4515225e+00   1.0856300e+04   0.0000000e+00
  -1.7653770e-01  -2.4264093e+00   1.0858500e+04   0.0000000e+00
  -1.7554400e-01  -2.3944914e+00   1.0860800e+04   0.0000000e+00
  -1.7458270e-01  -2.3616337e+00   1.0862200e+04   0.0000000e+00
  -1.7355650e-01  -2.3301153e+00   1.0864500e+04   0.0000000e+00
  -1.7257360e-01  -2.3024530e+00   1.0866700e+04   0.0000000e+00
  -1.7156910e-01  -2.2691741e+00   1.0868200e+04   0.0000000e+00
  -1.7058620e-01  -2.2437152e+00   1.0871200e+04   0.0000000e+00
  -1.6960320e-01  -2.2166902e+00   1.0873400e+04   0.0000000e+00
  -1.6860950e-01  -2.1834759e+00   1.0875700e+04   0.0000000e+00
  -1.6763740e-01  -2.1569802e+00   1.0877900e+04   0.0000000e+00
  -1.6662210e-01  -2.1282377e+00   1.0880900e+04   0.0000000e+00
  -1.6562830e-01  -2.0969138e+00   1.0883100e+04   0.0000000e+00
  -1.6463460e-01  -2.0660004e+00   1.0885300e+04   0.0000000e+00
  -1.6367330e-01  -2.0398827e+00   1.0887600e+04   0.0000000e+00
  -1.6264720e-01  -2.0089800e+00   1.0889800e+04   0.0000000e+00
  -1.6164260e-01  -1.9744154e+00   1.0892800e+04   0.0000000e+00
  -1.6065970e-01  -1.9405207e+00   1.0894300e+04   0.0000000e+00
  -1.5969840e-01  -1.9121239e+00   1.0896500e+04   0.0000000e+00
  -1.5869390e-01  -1.8875616e+00   1.0899500e+04   0.0000000e+00
  -1.5768930e-01  -1.8526841e+00   1.0901000e+04   0.0000000e+00
  -1.5671720e-01  -1.8279382e+00   1.0903200e+04   0.0000000e+00
  -1.5573430e-01  -1.7948104e+00   1.0905500e+04   0.0000000e+00
  -1.5470820e-01  -1.7668346e+00   1.0907000e+04   0.0000000e+00
  -1.5372520e-01  -1.7372389e+00   1.0909900e+04   0.0000000e+00
  -1.5274230e-01  -1.7076972e+00   1.0912200e+04   0.0000000e+00
  -1.5177020e-01  -1.6745478e+00   1.0913700e+04   0.0000000e+00
  -1.5075490e-01  -1.6486246e+00   1.0915900e+04   0.0000000e+00
  -1.4975030e-01  -1.6132393e+00   1.0918100e+04   0.0000000e+00
  -1.4878900e-01  -1.5828011e+00   1.0920400e+04   0.0000000e+00
  -1.4778450e-01  -1.5574178e+00   1.0922600e+04   0.0000000e+00
  -1.4676920e-01  -1.5289021e+00   1.0924800e+04   0.0000000e+00
  -1.4580780e-01  -1.4948886e+00   1.0927100e+04   0.0000000e+00
  -1.4481410e-01  -1.4623873e+00   1.0930000e+04   0.0000000e+00
  -1.4379880e-01  -1.4300913e+00   1.0932300e+04   0.0000000e+00
  -1.4282670e-01  -1.4021049e+00   1.0934500e+04   0.0000000e+00
  -1.4185450e-01  -1.3730276e+00   1.0937500e+04   0.0000000e+00
  -1.4082840e-01  -1.3437558e+00   1.0939700e+04   0.0000000e+00
  -1.3984550e-01  -1.3093319e+00   1.0942700e+04   0.0000000e+00
  -1.3885180e-01  -1.2809999e+00   1.0944900e+04   0.0000000e+00
  -1.3787960e-01  -1.2512419e+00   1.0947200e+04   0.0000000e+00
  -1.3688590e-01  -1.2173364e+00   1.0950200e+04   0.0000000e+00
  -1.3587060e-01  -1.1914780e+00   1.0952400e+04   0.0000000e+00
  -1.3487690e-01  -1.1513509e+00   1.0954600e+04   0.0000000e+00
  -1.3389390e-01  -1.1294998e+00   1.0956900e+04   0.0000000e+00
  -1.3290020e-01  -1.1006386e+00   1.0959100e+04   0.0000000e+00
  -1.3190650e-01  -1.0687638e+00   1.0962100e+04   0.0000000e+00
  -1.3092360e-01  -1.0397403e+00   1.0963600e+04   0.0000000e+00
  -1.2994060e-01  -1.0120348e+00   1.0966600e+04   0.0000000e+00
  -1.2894690e-01  -9.7374390e-01   1.0969500e+04   0.0000000e+00
  -1.2793160e-01  -9.4786390e-01   1.0971800e+04   0.0000000e+00
  -1.2697030e-01  -9.1946720e-01   1.0974800e+04   0.0000000e+00
  -1.2596570e-01  -8.9020630e-01   1.0977000e+04   0.0000000e+00
  -1.2498280e-01  -8.5455100e-01   1.0980000e+04   0.0000000e+00
  -1.2396750e-01  -8.2684530e-01   1.0982900e+04   0.0000000e+00
  -1.2301700e-01  -8.0384920e-01   1.0985900e+04   0.0000000e+00
  -1.2200160e-01  -7.7201750e-01   1.0988200e+04   0.0000000e+00
  -1.2099710e-01  -7.4472250e-01   1.0991100e+04   0.0000000e+00
  -1.2002500e-01  -7.2010620e-01   1.0994100e+04   0.0000000e+00
  -1.1902050e-01  -6.9205500e-01   1.0997100e+04   0.0000000e+00
  -1.1802670e-01  -6.5874360e-01   1.1000100e+04   0.0000000e+00
  -1.1702220e-01  -6.3439730e-01   1.1002300e+04   0.0000000e+00
  -1.1606090e-01  -6.1221110e-01   1.1006000e+04   0.0000000e+00
  -1.1505640e-01  -5.8875060e-01   1.1008300e+04   0.0000000e+00
  -1.1406260e-01  -5.6345380e-01   1.1010500e+04   0.0000000e+00
  -1.1305810e-01  -5.3956110e-01   1.1013500e+04   0.0000000e+00
  -1.1208600e-01  -5.0903660e-01   1.1015700e+04   0.0000000e+00
  -1.1109220e-01  -4.9084710e-01   1.1018700e+04   0.0000000e+00
  -1.1008770e-01  -4.6004160e-01   1.1020900e+04   0.0000000e+00
  -1.0912640e-01  -4.5761130e-01   1.1023200e+04   0.0000000e+00
  -1.0811110e-01  -4.1521590e-01   1.1026200e+04   0.0000000e+00
  -1.0712810e-01  -3.9968330e-01   1.1028400e+04   0.0000000e+00
  -1.0612360e-01  -3.7946320e-01   1.1031400e+04   0.0000000e+00
  -1.0512990e-01  -3.6073360e-01   1.1033600e+04   0.0000000e+00
  -1.0414700e-01  -3.3826680e-01   1.1037300e+04   0.0000000e+00
  -1.0315320e-01  -3.2786510e-01   1.1039600e+04   0.0000000e+00
  -1.0214870e-01  -2.9635750e-01   1.1043300e+04   0.0000000e+00
  -1.0116580e-01  -2.8553450e-01   1.1045500e+04   0.0000000e+00
  -1.0016130e-01  -2.6888960e-01   1.1048500e+04   0.0000000e+00
  -9.9178300e-02  -2.5592800e-01   1.1051500e+04   0.0000000e+00
  -9.8195200e-02  -2.5316280e-01   1.1054500e+04   0.0000000e+00
  -9.7190700e-02  -2.2560850e-01   1.1058200e+04   0.0000000e+00
  -9.6207800e-02  -2.0922290e-01   1.1060400e+04   0.0000000e+00
  -9.5203200e-02  -1.9486760e-01   1.1064200e+04   0.0000000e+00
  -9.4241900e-02  -1.8063140e-01   1.1066400e+04   0.0000000e+00
  -9.3226600e-02  -1.6286320e-01   1.1070100e+04   0.0000000e+00
  -9.2243700e-02  -1.6829630e-01   1.1072400e+04   0.0000000e+00
  -9.1217500e-02  -1.4641270e-01   1.1075300e+04   0.0000000e+00
  -9.0288600e-02  -1.3224130e-01   1.1077600e+04   0.0000000e+00
  -8.9284100e-02  -1.1940930e-01   1.1080600e+04   0.0000000e+00
  -8.8268800e-02  -1.1209680e-01   1.1083500e+04   0.0000000e+00
  -8.7296600e-02  -1.0213790e-01   1.1085800e+04   0.0000000e+00
  -8.6313700e-02  -1.0242960e-01   1.1088700e+04   0.0000000e+00
  -8.5287600e-02  -8.8420000e-02   1.1091000e+04   0.0000000e+00
  -8.4304700e-02  -7.4853500e-02   1.1094700e+04   0.0000000e+00
  -8.3321700e-02  -7.0273700e-02   1.1096900e+04   0.0000000e+00
  -8.2317200e-02  -6.8577900e-02   1.1099900e+04   0.0000000e+00
  -8.1334300e-02  -6.4981000e-02   1.1102200e+04   0.0000000e+00
  -8.0351400e-02  -5.9493900e-02   1.1105900e+04   0.0000000e+00
  -7.9357600e-02  -4.8476500e-02   1.1108900e+04   0.0000000e+00
  -7.8353100e-02  -4.3345900e-02   1.1111100e+04   0.0000000e+00
  -7.7359400e-02  -3.9533000e-02   1.1114800e+04   0.0000000e+00
  -7.6387300e-02  -3.7383500e-02   1.1117100e+04   0.0000000e+00
  -7.5382700e-02  -3.6314200e-02   1.1120800e+04   0.0000000e+00
  -7.4389000e-02  -3.0665100e-02   1.1123800e+04   0.0000000e+00
  -7.3406100e-02  -2.5102400e-02   1.1127500e+04   0.0000000e+00
  -7.2434000e-02  -2.2693700e-02   1.1129700e+04   0.0000000e+00
  -7.1429400e-02  -2.0079700e-02   1.1133400e+04   0.0000000e+00
  -7.0435700e-02  -1.8859200e-02   1.1135700e+04   0.0000000e+00
  -6.9452800e-02  -1.8049100e-02   1.1139400e+04   0.0000000e+00
  -6.8437500e-02  -1.7023000e-02   1.1142400e+04   0.0000000e+00
  -6.7465300e-02  -1.1849100e-02   1.1145400e+04   0.0000000e+00
  -6.6450000e-02  -1.0995800e-02   1.1148400e+04   0.0000000e+00
  -6.5477900e-02  -1.0801400e-02   1.1151300e+04   0.0000000e+00
  -6.4473400e-02  -9.7860000e-03   1.1154300e+04   0.0000000e+00
  -6.3479600e-02  -7.8418000e-03   1.1158000e+04   0.0000000e+00
  -6.2485900e-02  -8.0146000e-03   1.1161000e+04   0.0000000e+00
  -6.1513800e-02  -4.8390000e-03   1.1164000e+04   0.0000000e+00
  -6.0498500e-02  -5.1090000e-03   1.1167000e+04   0.0000000e+00
  -5.9515500e-02  -4.1477000e-03   1.1170000e+04   0.0000000e+00
  -5.8511000e-02  -3.5212000e-03   1.1172200e+04   0.0000000e+00
  -5.7538900e-02  -2.9272000e-03   1.1175900e+04   0.0000000e+00
  -5.6545200e-02  -2.4627000e-03   1.1178200e+04   0.0000000e+00
  -5.5540600e-02  -6.2650000e-04   1.1181100e+04   0.0000000e+00
  -5.4568500e-02  -1.0153000e-03   1.1184900e+04   0.0000000e+00
  -5.3585600e-02  -2.7000000e-04   1.1187100e+04   0.0000000e+00
  -5.2581000e-02   7.4530000e-04   1.1190800e+04   0.0000000e+00
  -5.1576500e-02   3.5640000e-04   1.1193100e+04   0.0000000e+00
  -5.0604400e-02   1.1990000e-03   1.1196800e+04   0.0000000e+00
  -4.9589100e-02   2.1063000e-03   1.1199000e+04   0.0000000e+00
  -4.8606100e-02   2.3439000e-03   1.1202700e+04   0.0000000e+00
  -4.7623200e-02   3.5212000e-03   1.1205000e+04   0.0000000e+00
  -4.6640300e-02   4.3313000e-03   1.1208700e+04   0.0000000e+00
  -4.5635800e-02   3.5753000e-03   1.1211700e+04   0.0000000e+00
  -4.4620400e-02   4.8066000e-03   1.1215400e+04   0.0000000e+00
  -4.3669900e-02   5.9732000e-03   1.1218400e+04   0.0000000e+00
  -4.2665400e-02   7.3881000e-03   1.1222100e+04   0.0000000e+00
  -4.1660900e-02   9.2244000e-03   1.1224300e+04   0.0000000e+00
  -4.0645500e-02   9.3324000e-03   1.1227300e+04   0.0000000e+00
  -3.9695000e-02   9.7428000e-03   1.1230300e+04   0.0000000e+00
  -3.8690500e-02   1.1373800e-02   1.1233300e+04   0.0000000e+00
  -3.7696800e-02   1.2616000e-02   1.1235500e+04   0.0000000e+00
  -3.6692200e-02   1.4452200e-02   1.1239200e+04   0.0000000e+00
  -3.5730900e-02   1.8286700e-02   1.1241500e+04   0.0000000e+00
  -3.4737200e-02   1.8178700e-02   1.1245200e+04   0.0000000e+00
  -3.3732700e-02   2.0122900e-02   1.1248200e+04   0.0000000e+00
  -3.2749700e-02   2.2499200e-02   1.1250400e+04   0.0000000e+00
  -3.1756000e-02   2.6917000e-02   1.1254100e+04   0.0000000e+00
  -3.0762300e-02   3.0438200e-02   1.1256400e+04   0.0000000e+00
  -2.9768600e-02   3.6681400e-02   1.1260100e+04   0.0000000e+00
  -2.8774800e-02   3.7340300e-02   1.1262300e+04   0.0000000e+00
  -2.7781100e-02   3.8744500e-02   1.1266100e+04   0.0000000e+00
  -2.6776600e-02   4.3151500e-02   1.1269000e+04   0.0000000e+00
  -2.5772100e-02   4.9805100e-02   1.1272800e+04   0.0000000e+00
  -2.4799900e-02   6.1902600e-02   1.1275000e+04   0.0000000e+00
  -2.3806200e-02   6.8621100e-02   1.1278700e+04   0.0000000e+00
  -2.2812500e-02   6.8534700e-02   1.1281000e+04   0.0000000e+00
  -2.1840400e-02   7.5101900e-02   1.1284700e+04   0.0000000e+00
  -2.0846600e-02   7.9357600e-02   1.1287700e+04   0.0000000e+00
  -1.9852900e-02   9.0429000e-02   1.1290700e+04   0.0000000e+00
  -1.8848400e-02   1.0350950e-01   1.1293600e+04   0.0000000e+00
  -1.7897900e-02   1.0705230e-01   1.1297400e+04   0.0000000e+00
  -1.6871700e-02   1.1061680e-01   1.1300300e+04   0.0000000e+00
  -1.5888800e-02   1.2741290e-01   1.1304100e+04   0.0000000e+00
  -1.4884300e-02   1.3385050e-01   1.1307000e+04   0.0000000e+00
  -1.3912200e-02   1.5511840e-01   1.1310800e+04   0.0000000e+00
  -1.2907600e-02   1.7085600e-01   1.1313800e+04   0.0000000e+00
  -1.1913900e-02   1.7543580e-01   1.1316700e+04   0.0000000e+00
  -1.0941800e-02   1.8193820e-01   1.1319700e+04   0.0000000e+00
  -9.9373000e-03   2.0490190e-01   1.1323400e+04   0.0000000e+00
  -8.9435000e-03   2.2451740e-01   1.1325700e+04   0.0000000e+00
  -7.9498000e-03   2.5371350e-01   1.1329400e+04   0.0000000e+00
  -6.9561000e-03   2.5429680e-01   1.1332400e+04   0.0000000e+00
  -5.9732000e-03   2.6878140e-01   1.1336100e+04   0.0000000e+00
  -4.9578000e-03   2.8897990e-01   1.1339100e+04   0.0000000e+00
  -3.9641000e-03   3.1130640e-01   1.1342100e+04   0.0000000e+00
  -2.9812000e-03   3.2716280e-01   1.1345000e+04   0.0000000e+00
  -1.9983000e-03   3.6319610e-01   1.1348800e+04   0.0000000e+00
  -1.0153000e-03   3.7490480e-01   1.1351800e+04   0.0000000e+00
  -4.3200000e-05   3.9065320e-01   1.1354700e+04   0.0000000e+00
   9.6130000e-04   4.1724620e-01   1.1357700e+04   0.0000000e+00
   1.9658000e-03   4.5121670e-01   1.1360700e+04   0.0000000e+00
   2.9596000e-03   4.6821800e-01   1.1362900e+04   0.0000000e+00
   3.9317000e-03   5.0951160e-01   1.1365900e+04   0.0000000e+00
   4.9362000e-03   5.2988310e-01   1.1368100e+04   0.0000000e+00
   5.9408000e-03   5.4850470e-01   1.1371900e+04   0.0000000e+00
   6.9237000e-03   5.7775480e-01   1.1374800e+04   0.0000000e+00
   7.9174000e-03   6.0760970e-01   1.1377800e+04   0.0000000e+00
   8.9003000e-03   6.3914990e-01   1.1380800e+04   0.0000000e+00
   9.9049000e-03   6.6367980e-01   1.1385300e+04   0.0000000e+00
   1.0887800e-02   6.9637560e-01   1.1388300e+04   0.0000000e+00
   1.1870700e-02   7.2629530e-01   1.1392000e+04   0.0000000e+00
   1.2875200e-02   7.5165700e-01   1.1395700e+04   0.0000000e+00
   1.3890600e-02   7.8352100e-01   1.1399400e+04   0.0000000e+00
   1.4851900e-02   8.1701600e-01   1.1402400e+04   0.0000000e+00
   1.5845600e-02   8.4970120e-01   1.1405400e+04   0.0000000e+00
   1.6850100e-02   8.8148960e-01   1.1408400e+04   0.0000000e+00
   1.7843900e-02   9.1103130e-01   1.1412100e+04   0.0000000e+00
   1.8816000e-02   9.4332740e-01   1.1415100e+04   0.0000000e+00
   1.9809700e-02   9.6986650e-01   1.1418800e+04   0.0000000e+00
   2.0814200e-02   1.0059646e+00   1.1421800e+04   0.0000000e+00
   2.1808000e-02   1.0404102e+00   1.1425500e+04   0.0000000e+00
   2.2758500e-02   1.0720692e+00   1.1428500e+04   0.0000000e+00
   2.3784600e-02   1.1138813e+00   1.1431500e+04   0.0000000e+00
   2.4778300e-02   1.1421052e+00   1.1434500e+04   0.0000000e+00
   2.5761300e-02   1.1728352e+00   1.1437400e+04   0.0000000e+00
   2.6755000e-02   1.2078424e+00   1.1440400e+04   0.0000000e+00
   2.7748700e-02   1.2412727e+00   1.1443400e+04   0.0000000e+00
   2.8742400e-02   1.2794881e+00   1.1445600e+04   0.0000000e+00
   2.9725400e-02   1.3111037e+00   1.1449400e+04   0.0000000e+00
   3.0751500e-02   1.3518249e+00   1.1452300e+04   0.0000000e+00
   3.1723600e-02   1.3814209e+00   1.1455300e+04   0.0000000e+00
   3.2728100e-02   1.4146999e+00   1.1458300e+04   0.0000000e+00
   3.3689500e-02   1.4496207e+00   1.1461300e+04   0.0000000e+00
   3.4694000e-02   1.4887757e+00   1.1464300e+04   0.0000000e+00
   3.5687700e-02   1.5193651e+00   1.1468000e+04   0.0000000e+00
   3.6649000e-02   1.5519313e+00   1.1471000e+04   0.0000000e+00
   3.7664400e-02   1.5918210e+00   1.1474700e+04   0.0000000e+00
   3.8668900e-02   1.6228641e+00   1.1477700e+04   0.0000000e+00
   3.9662600e-02   1.6548470e+00   1.1480600e+04   0.0000000e+00
   4.0623900e-02   1.6939480e+00   1.1483600e+04   0.0000000e+00
   4.1628500e-02   1.7267950e+00   1.1486600e+04   0.0000000e+00
   4.2611400e-02   1.7615862e+00   1.1489600e+04   0.0000000e+00
   4.3626700e-02   1.7921218e+00   1.1492600e+04   0.0000000e+00
   4.4598800e-02   1.8307367e+00   1.1495500e+04   0.0000000e+00
   4.5603400e-02   1.8713931e+00   1.1499300e+04   0.0000000e+00
   4.6607900e-02   1.9009673e+00   1.1501500e+04   0.0000000e+00
   4.7580000e-02   1.9361689e+00   1.1505200e+04   0.0000000e+00
   4.8584500e-02   1.9692535e+00   1.1508200e+04   0.0000000e+00
   4.9567500e-02   1.9974454e+00   1.1511900e+04   0.0000000e+00
   5.0561200e-02   2.0380693e+00   1.1515700e+04   0.0000000e+00
   5.1565700e-02   2.0761225e+00   1.1519400e+04   0.0000000e+00
   5.2548600e-02   2.1097581e+00   1.1522400e+04   0.0000000e+00
   5.3520800e-02   2.1377336e+00   1.1526100e+04   0.0000000e+00
   5.4536100e-02   2.1770290e+00   1.1529100e+04   0.0000000e+00
   5.5508200e-02   2.2031579e+00   1.1532100e+04   0.0000000e+00
   5.6491100e-02   2.2410599e+00   1.1535000e+04   0.0000000e+00
   5.7506500e-02   2.2770717e+00   1.1538800e+04   0.0000000e+00
   5.8478600e-02   2.3103616e+00   1.1541000e+04   0.0000000e+00
   5.9472300e-02   2.3441158e+00   1.1544700e+04   0.0000000e+00
   6.0476800e-02   2.3719510e+00   1.1547000e+04   0.0000000e+00
   6.1470600e-02   2.4099718e+00   1.1550700e+04   0.0000000e+00
   6.2453500e-02   2.4428188e+00   1.1552900e+04   0.0000000e+00
   6.3458000e-02   2.4727170e+00   1.1555900e+04   0.0000000e+00
   6.4462600e-02   2.5066225e+00   1.1558900e+04   0.0000000e+00
   6.5456300e-02   2.5400098e+00   1.1561900e+04   0.0000000e+00
   6.6439200e-02   2.5785491e+00   1.1564800e+04   0.0000000e+00
   6.7411300e-02   2.6071403e+00   1.1567800e+04   0.0000000e+00
   6.8415900e-02   2.6432926e+00   1.1570800e+04   0.0000000e+00
   6.9366400e-02   2.6985632e+00   1.1573800e+04   0.0000000e+00
   7.0392500e-02   2.7109847e+00   1.1577500e+04   0.0000000e+00
   7.1386200e-02   2.7438860e+00   1.1579700e+04   0.0000000e+00
   7.2390800e-02   2.7764953e+00   1.1583500e+04   0.0000000e+00
   7.3384500e-02   2.8111677e+00   1.1585700e+04   0.0000000e+00
   7.4356600e-02   2.8441984e+00   1.1590200e+04   0.0000000e+00
   7.5361100e-02   2.8780391e+00   1.1593100e+04   0.0000000e+00
   7.6344100e-02   2.9177665e+00   1.1596100e+04   0.0000000e+00
   7.7327000e-02   2.9398664e+00   1.1599900e+04   0.0000000e+00
   7.8342300e-02   2.9733398e+00   1.1602800e+04   0.0000000e+00
   7.9314400e-02   3.0094164e+00   1.1605800e+04   0.0000000e+00
   8.0308200e-02   3.0459360e+00   1.1608800e+04   0.0000000e+00
   8.1312700e-02   3.0740519e+00   1.1611800e+04   0.0000000e+00
   8.2306400e-02   3.1043066e+00   1.1614800e+04   0.0000000e+00
   8.3289300e-02   3.1427054e+00   1.1617700e+04   0.0000000e+00
   8.4283100e-02   3.1709079e+00   1.1620700e+04   0.0000000e+00
   8.5276800e-02   3.2031500e+00   1.1623700e+04   0.0000000e+00
   8.6281300e-02   3.2384056e+00   1.1626700e+04   0.0000000e+00
   8.7264200e-02   3.2664787e+00   1.1628900e+04   0.0000000e+00
   8.8225600e-02   3.3007190e+00   1.1632600e+04   0.0000000e+00
   8.9230100e-02   3.3299259e+00   1.1634900e+04   0.0000000e+00
   9.0234600e-02   3.3713169e+00   1.1638600e+04   0.0000000e+00
   9.1206700e-02   3.4002322e+00   1.1640800e+04   0.0000000e+00
   9.2200500e-02   3.4306272e+00   1.1644600e+04   0.0000000e+00
   9.3205000e-02   3.4608604e+00   1.1647500e+04   0.0000000e+00
   9.4209500e-02   3.4953491e+00   1.1651300e+04   0.0000000e+00
   9.5192400e-02   3.5255065e+00   1.1653500e+04   0.0000000e+00
   9.6186200e-02   3.5590988e+00   1.1657200e+04   0.0000000e+00
   9.7179900e-02   3.5951649e+00   1.1660200e+04   0.0000000e+00
   9.8162800e-02   3.6247283e+00   1.1663200e+04   0.0000000e+00
   9.9145700e-02   3.6519909e+00   1.1666200e+04   0.0000000e+00
   1.0015030e-01   3.6784760e+00   1.1669900e+04   0.0000000e+00
   1.0116560e-01   3.7136560e+00   1.1672100e+04   0.0000000e+00
   1.0212690e-01   3.7474319e+00   1.1675900e+04   0.0000000e+00
   1.0310980e-01   3.7741113e+00   1.1678800e+04   0.0000000e+00
   1.0411440e-01   3.8091079e+00   1.1682600e+04   0.0000000e+00
   1.0511890e-01   3.8365002e+00   1.1685500e+04   0.0000000e+00
   1.0606940e-01   3.8675109e+00   1.1689300e+04   0.0000000e+00
   1.0707390e-01   3.9041278e+00   1.1692200e+04   0.0000000e+00
   1.0807850e-01   3.9377093e+00   1.1696000e+04   0.0000000e+00
   1.0906140e-01   3.9669486e+00   1.1698900e+04   0.0000000e+00
   1.1005510e-01   3.9950215e+00   1.1702700e+04   0.0000000e+00
   1.1105960e-01   4.0246497e+00   1.1704900e+04   0.0000000e+00
   1.1204260e-01   4.0569673e+00   1.1708600e+04   0.0000000e+00
   1.1303630e-01   4.0892418e+00   1.1710900e+04   0.0000000e+00
   1.1401920e-01   4.1164399e+00   1.1713800e+04   0.0000000e+00
   1.1502370e-01   4.1465973e+00   1.1716800e+04   0.0000000e+00
   1.1603910e-01   4.1747240e+00   1.1719800e+04   0.0000000e+00
   1.1701120e-01   4.2086082e+00   1.1722800e+04   0.0000000e+00
   1.1799410e-01   4.2328681e+00   1.1725800e+04   0.0000000e+00
   1.1898780e-01   4.2693551e+00   1.1728800e+04   0.0000000e+00
   1.1999240e-01   4.3002904e+00   1.1731000e+04   0.0000000e+00
   1.2096450e-01   4.3333426e+00   1.1734700e+04   0.0000000e+00
   1.2197980e-01   4.3614694e+00   1.1736900e+04   0.0000000e+00
   1.2297360e-01   4.3905466e+00   1.1740700e+04   0.0000000e+00
   1.2393490e-01   4.4182739e+00   1.1742900e+04   0.0000000e+00
   1.2492860e-01   4.4483017e+00   1.1746600e+04   0.0000000e+00
   1.2593310e-01   4.4800361e+00   1.1748900e+04   0.0000000e+00
   1.2693770e-01   4.5093945e+00   1.1751800e+04   0.0000000e+00
   1.2790980e-01   4.5407832e+00   1.1754800e+04   0.0000000e+00
   1.2889270e-01   4.5688020e+00   1.1757800e+04   0.0000000e+00
   1.2989720e-01   4.6019082e+00   1.1760800e+04   0.0000000e+00
   1.3091260e-01   4.6293008e+00   1.1763000e+04   0.0000000e+00
   1.3187390e-01   4.6635412e+00   1.1766700e+04   0.0000000e+00
   1.3287840e-01   4.6902097e+00   1.1769700e+04   0.0000000e+00
   1.3387210e-01   4.7182501e+00   1.1772700e+04   0.0000000e+00
   1.3483350e-01   4.7508812e+00   1.1775700e+04   0.0000000e+00
   1.3585960e-01   4.7787919e+00   1.1779400e+04   0.0000000e+00
   1.3684250e-01   4.8087333e+00   1.1782400e+04   0.0000000e+00
   1.3783620e-01   4.8343760e+00   1.1785400e+04   0.0000000e+00
   1.3881920e-01   4.8611958e+00   1.1787600e+04   0.0000000e+00
   1.3980210e-01   4.8963542e+00   1.1790600e+04   0.0000000e+00
   1.4080660e-01   4.9228283e+00   1.1792800e+04   0.0000000e+00
   1.4180030e-01   4.9533316e+00   1.1796600e+04   0.0000000e+00
   1.4279410e-01   4.9800542e+00   1.1798800e+04   0.0000000e+00
   1.4377700e-01   5.0106977e+00   1.1801800e+04   0.0000000e+00
   1.4475990e-01   5.0375068e+00   1.1805500e+04   0.0000000e+00
   1.4577520e-01   5.0630953e+00   1.1807700e+04   0.0000000e+00
   1.4675820e-01   5.0905092e+00   1.1811500e+04   0.0000000e+00
   1.4775190e-01   5.1209582e+00   1.1813700e+04   0.0000000e+00
   1.4875640e-01   5.1534381e+00   1.1817400e+04   0.0000000e+00
   1.4970690e-01   5.1814352e+00   1.1819600e+04   0.0000000e+00
   1.5072230e-01   5.2088275e+00   1.1823400e+04   0.0000000e+00
   1.5172680e-01   5.2364358e+00   1.1826400e+04   0.0000000e+00
   1.5273130e-01   5.2701147e+00   1.1830100e+04   0.0000000e+00
   1.5370340e-01   5.2987167e+00   1.1833100e+04   0.0000000e+00
   1.5469720e-01   5.3285068e+00   1.1836000e+04   0.0000000e+00
   1.5569090e-01   5.3584161e+00   1.1839000e+04   0.0000000e+00
   1.5668460e-01   5.3821683e+00   1.1842700e+04   0.0000000e+00
   1.5767830e-01   5.4141512e+00   1.1845000e+04   0.0000000e+00
   1.5865050e-01   5.4423859e+00   1.1848000e+04   0.0000000e+00
   1.5965500e-01   5.4654041e+00   1.1850900e+04   0.0000000e+00
   1.6062710e-01   5.4982618e+00   1.1853900e+04   0.0000000e+00
   1.6163160e-01   5.5239151e+00   1.1856200e+04   0.0000000e+00
   1.6263620e-01   5.5527547e+00   1.1859900e+04   0.0000000e+00
   1.6360830e-01   5.5826855e+00   1.1862100e+04   0.0000000e+00
   1.6460200e-01   5.6115035e+00   1.1865100e+04   0.0000000e+00
   1.6560650e-01   5.6398679e+00   1.1868800e+04   0.0000000e+00
   1.6661110e-01   5.6667528e+00   1.1871100e+04   0.0000000e+00
   1.6760480e-01   5.6962622e+00   1.1874800e+04   0.0000000e+00
   1.6856610e-01   5.7219154e+00   1.1877000e+04   0.0000000e+00
   1.6955980e-01   5.7513275e+00   1.1880700e+04   0.0000000e+00
   1.7058600e-01   5.7817552e+00   1.1883000e+04   0.0000000e+00
   1.7155810e-01   5.8118586e+00   1.1886000e+04   0.0000000e+00
   1.7255180e-01   5.8363237e+00   1.1888200e+04   0.0000000e+00
   1.7354550e-01   5.8661894e+00   1.1890400e+04   0.0000000e+00
   1.7455010e-01   5.8978268e+00   1.1893400e+04   0.0000000e+00
   1.7553300e-01   5.9258888e+00   1.1895600e+04   0.0000000e+00
   1.7649430e-01   5.9578824e+00   1.1898600e+04   0.0000000e+00
   1.7749880e-01   5.9832984e+00   1.1900900e+04   0.0000000e+00
   1.7850340e-01   6.0100965e+00   1.1903800e+04   0.0000000e+00
   1.7948630e-01   6.0376616e+00   1.1906800e+04   0.0000000e+00
   1.8046920e-01   6.0695365e+00   1.1909100e+04   0.0000000e+00
   1.8146290e-01   6.0938182e+00   1.1912000e+04   0.0000000e+00
   1.8244590e-01   6.1213293e+00   1.1914300e+04   0.0000000e+00
   1.8343960e-01   6.1517352e+00   1.1917300e+04   0.0000000e+00
   1.8444410e-01   6.1801427e+00   1.1920200e+04   0.0000000e+00
   1.8544870e-01   6.2063685e+00   1.1923200e+04   0.0000000e+00
   1.8641000e-01   6.2400039e+00   1.1926200e+04   0.0000000e+00
   1.8741450e-01   6.2643286e+00   1.1929200e+04   0.0000000e+00
   1.8844060e-01   6.2892257e+00   1.1932200e+04   0.0000000e+00
   1.8941280e-01   6.3158838e+00   1.1935100e+04   0.0000000e+00
   1.9038490e-01   6.3403381e+00   1.1938100e+04   0.0000000e+00
   1.9138940e-01   6.3719213e+00   1.1941100e+04   0.0000000e+00
   1.9238310e-01   6.4005235e+00   1.1944100e+04   0.0000000e+00
   1.9335530e-01   6.4259175e+00   1.1946300e+04   0.0000000e+00
   1.9437060e-01   6.4524565e+00   1.1949300e+04   0.0000000e+00
   1.9533190e-01   6.4774076e+00   1.1950800e+04   0.0000000e+00
   1.9634720e-01   6.5071549e+00   1.1954500e+04   0.0000000e+00
   1.9730860e-01   6.5350980e+00   1.1957500e+04   0.0000000e+00
   1.9833470e-01   6.5631384e+00   1.1959700e+04   0.0000000e+00
   1.9933920e-01   6.5860697e+00   1.1963400e+04   0.0000000e+00
   2.0032210e-01   6.6192626e+00   1.1965700e+04   0.0000000e+00
   2.0129430e-01   6.6413406e+00   1.1969400e+04   0.0000000e+00
   2.0230960e-01   6.6680415e+00   1.1971600e+04   0.0000000e+00
   2.0329250e-01   6.6943861e+00   1.1974600e+04   0.0000000e+00
   2.0427540e-01   6.7205257e+00   1.1976900e+04   0.0000000e+00
   2.0528000e-01   6.7489117e+00   1.1979800e+04   0.0000000e+00
   2.0627370e-01   6.7726315e+00   1.1982800e+04   0.0000000e+00
   2.0725660e-01   6.8019680e+00   1.1985800e+04   0.0000000e+00
   2.0825030e-01   6.8311752e+00   1.1988800e+04   0.0000000e+00
   2.0925490e-01   6.8574333e+00   1.1991800e+04   0.0000000e+00
   2.1023800e-01   6.8878391e+00   1.1994700e+04   0.0000000e+00
   2.1124250e-01   6.9130495e+00   1.1997000e+04   0.0000000e+00
   2.1220380e-01   6.9413708e+00   1.2000000e+04   0.0000000e+00
   2.1320840e-01   6.9644317e+00   1.2002200e+04   0.0000000e+00
   2.1421290e-01   6.9905278e+00   1.2005200e+04   0.0000000e+00
   2.1517420e-01   7.0182225e+00   1.2008100e+04   0.0000000e+00
   2.1617870e-01   7.0419857e+00   1.2010400e+04   0.0000000e+00
   2.1716170e-01   7.0748111e+00   1.2013400e+04   0.0000000e+00
   2.1815540e-01   7.0982609e+00   1.2015600e+04   0.0000000e+00
   2.1913830e-01   7.1255343e+00   1.2018600e+04   0.0000000e+00
   2.2013200e-01   7.1515767e+00   1.2021600e+04   0.0000000e+00
   2.2114740e-01   7.1823930e+00   1.2024500e+04   0.0000000e+00
   2.2214110e-01   7.2071497e+00   1.2027500e+04   0.0000000e+00
   2.2310240e-01   7.2338939e+00   1.2030500e+04   0.0000000e+00
   2.2412850e-01   7.2570846e+00   1.2033500e+04   0.0000000e+00
   2.2510070e-01   7.2845093e+00   1.2036500e+04   0.0000000e+00
   2.2609440e-01   7.3117179e+00   1.2039400e+04   0.0000000e+00
   2.2708810e-01   7.3380841e+00   1.2042400e+04   0.0000000e+00
   2.2808180e-01   7.3612641e+00   1.2045400e+04   0.0000000e+00
   2.2907560e-01   7.3883647e+00   1.2047600e+04   0.0000000e+00
   2.3003690e-01   7.4150657e+00   1.2049900e+04   0.0000000e+00
   2.3105220e-01   7.4385155e+00   1.2052100e+04   0.0000000e+00
   2.3205670e-01   7.4681331e+00   1.2055100e+04   0.0000000e+00
   2.3303970e-01   7.4917125e+00   1.2058100e+04   0.0000000e+00
   2.3401180e-01   7.5151191e+00   1.2060300e+04   0.0000000e+00
   2.3499470e-01   7.5424141e+00   1.2063300e+04   0.0000000e+00
   2.3602080e-01   7.5692016e+00   1.2065500e+04   0.0000000e+00
   2.3699300e-01   7.5943904e+00   1.2069200e+04   0.0000000e+00
   2.3799750e-01   7.6241266e+00   1.2071500e+04   0.0000000e+00
   2.3898040e-01   7.6514756e+00   1.2073700e+04   0.0000000e+00
   2.3999580e-01   7.6785765e+00   1.2076700e+04   0.0000000e+00
   2.4094630e-01   7.7059256e+00   1.2078200e+04   0.0000000e+00
   2.4195080e-01   7.7291269e+00   1.2081200e+04   0.0000000e+00
   2.4295530e-01   7.7518206e+00   1.2084100e+04   0.0000000e+00
   2.4395990e-01   7.7811142e+00   1.2085600e+04   0.0000000e+00
   2.4494280e-01   7.8072859e+00   1.2088600e+04   0.0000000e+00
   2.4592570e-01   7.8297204e+00   1.2090800e+04   0.0000000e+00
   2.4694100e-01   7.8564321e+00   1.2093100e+04   0.0000000e+00
   2.4790240e-01   7.8830577e+00   1.2096100e+04   0.0000000e+00
