   7.0100000e+02   2.0000000e-04   1.0000000e-08
  -1.1009842e+00  -4.3255210e-01   1.2578900e+04   0.0000000e+00
  -1.0998609e+00  -4.3502560e-01   1.2580400e+04   0.0000000e+00
  -1.0991588e+00  -4.2166430e-01   1.2581100e+04   0.0000000e+00
  -1.0981867e+00  -4.1630680e-01   1.2583400e+04   0.0000000e+00
  -1.0970957e+00  -4.1451380e-01   1.2584100e+04   0.0000000e+00
  -1.0960912e+00  -4.1604760e-01   1.2585600e+04   0.0000000e+00
  -1.0949787e+00  -4.2571480e-01   1.2586400e+04   0.0000000e+00
  -1.0939849e+00  -4.1130560e-01   1.2587800e+04   0.0000000e+00
  -1.0932829e+00  -4.2103780e-01   1.2589300e+04   0.0000000e+00
  -1.0922027e+00  -4.0777360e-01   1.2590800e+04   0.0000000e+00
  -1.0911766e+00  -4.0326940e-01   1.2591600e+04   0.0000000e+00
  -1.0901073e+00  -4.0656380e-01   1.2593100e+04   0.0000000e+00
  -1.0890919e+00  -4.0731990e-01   1.2593800e+04   0.0000000e+00
  -1.0883898e+00  -4.0257810e-01   1.2595300e+04   0.0000000e+00
  -1.0873205e+00  -4.0221090e-01   1.2596800e+04   0.0000000e+00
  -1.0862944e+00  -4.0054750e-01   1.2597500e+04   0.0000000e+00
  -1.0851602e+00  -4.0916690e-01   1.2599000e+04   0.0000000e+00
  -1.0841665e+00  -3.9784710e-01   1.2600500e+04   0.0000000e+00
  -1.0830648e+00  -4.0919930e-01   1.2602000e+04   0.0000000e+00
  -1.0823411e+00  -3.9421790e-01   1.2603500e+04   0.0000000e+00
  -1.0813257e+00  -3.9449870e-01   1.2604200e+04   0.0000000e+00
  -1.0802240e+00  -3.9093420e-01   1.2605700e+04   0.0000000e+00
  -1.0791763e+00  -3.8742380e-01   1.2607200e+04   0.0000000e+00
  -1.0781285e+00  -3.9024300e-01   1.2608700e+04   0.0000000e+00
  -1.0773832e+00  -3.8718620e-01   1.2609500e+04   0.0000000e+00
  -1.0762923e+00  -3.8253080e-01   1.2610900e+04   0.0000000e+00
  -1.0752554e+00  -3.8156950e-01   1.2611700e+04   0.0000000e+00
  -1.0742076e+00  -3.7781060e-01   1.2613200e+04   0.0000000e+00
  -1.0731059e+00  -3.7488340e-01   1.2614700e+04   0.0000000e+00
  -1.0720366e+00  -3.6896430e-01   1.2616200e+04   0.0000000e+00
  -1.0713129e+00  -3.6946110e-01   1.2616900e+04   0.0000000e+00
  -1.0702651e+00  -3.6957990e-01   1.2618400e+04   0.0000000e+00
  -1.0691958e+00  -3.7434330e-01   1.2620600e+04   0.0000000e+00
  -1.0681805e+00  -3.7751890e-01   1.2622100e+04   0.0000000e+00
  -1.0670787e+00  -3.6104690e-01   1.2622900e+04   0.0000000e+00
  -1.0663443e+00  -3.6694440e-01   1.2624400e+04   0.0000000e+00
  -1.0652965e+00  -3.5403680e-01   1.2625800e+04   0.0000000e+00
  -1.0642164e+00  -3.5056950e-01   1.2626600e+04   0.0000000e+00
  -1.0632011e+00  -3.5472810e-01   1.2628100e+04   0.0000000e+00
  -1.0621317e+00  -3.4550370e-01   1.2628800e+04   0.0000000e+00
  -1.0610516e+00  -3.4118310e-01   1.2630300e+04   0.0000000e+00
  -1.0603927e+00  -3.4236050e-01   1.2631800e+04   0.0000000e+00
  -1.0592802e+00  -3.4095630e-01   1.2633300e+04   0.0000000e+00
  -1.0582432e+00  -3.4505000e-01   1.2634800e+04   0.0000000e+00
  -1.0571415e+00  -3.3968180e-01   1.2636300e+04   0.0000000e+00
  -1.0560505e+00  -3.3867720e-01   1.2637800e+04   0.0000000e+00
  -1.0553161e+00  -3.3535040e-01   1.2640000e+04   0.0000000e+00
  -1.0543115e+00  -3.3051140e-01   1.2641500e+04   0.0000000e+00
  -1.0531882e+00  -3.3120270e-01   1.2643000e+04   0.0000000e+00
  -1.0522053e+00  -3.3009010e-01   1.2644500e+04   0.0000000e+00
  -1.0511143e+00  -3.3442150e-01   1.2646000e+04   0.0000000e+00
  -1.0500450e+00  -3.2085500e-01   1.2647500e+04   0.0000000e+00
  -1.0493321e+00  -3.2996050e-01   1.2647500e+04   0.0000000e+00
  -1.0482736e+00  -3.1680450e-01   1.2648900e+04   0.0000000e+00
  -1.0472366e+00  -3.1518430e-01   1.2649700e+04   0.0000000e+00
  -1.0461349e+00  -3.1211670e-01   1.2651200e+04   0.0000000e+00
  -1.0450872e+00  -3.1299160e-01   1.2652700e+04   0.0000000e+00
  -1.0443743e+00  -3.1376930e-01   1.2654200e+04   0.0000000e+00
  -1.0432617e+00  -3.1041010e-01   1.2654900e+04   0.0000000e+00
  -1.0422464e+00  -3.1056130e-01   1.2656400e+04   0.0000000e+00
  -1.0411553e+00  -3.0737490e-01   1.2657900e+04   0.0000000e+00
  -1.0401183e+00  -3.0773130e-01   1.2659400e+04   0.0000000e+00
  -1.0389950e+00  -3.0154210e-01   1.2660100e+04   0.0000000e+00
  -1.0382821e+00  -3.0033240e-01   1.2660900e+04   0.0000000e+00
  -1.0372668e+00  -3.0076440e-01   1.2663100e+04   0.0000000e+00
  -1.0361542e+00  -3.0324870e-01   1.2664600e+04   0.0000000e+00
  -1.0351173e+00  -2.9978150e-01   1.2666100e+04   0.0000000e+00
  -1.0340480e+00  -3.0593830e-01   1.2666800e+04   0.0000000e+00
  -1.0333243e+00  -2.9366790e-01   1.2668300e+04   0.0000000e+00
  -1.0322765e+00  -3.0440450e-01   1.2669100e+04   0.0000000e+00
  -1.0311964e+00  -2.9826930e-01   1.2670600e+04   0.0000000e+00
  -1.0301703e+00  -2.9416480e-01   1.2671300e+04   0.0000000e+00
  -1.0290793e+00  -3.0115330e-01   1.2672800e+04   0.0000000e+00
  -1.0283448e+00  -2.9626030e-01   1.2672800e+04   0.0000000e+00
  -1.0273079e+00  -2.8428160e-01   1.2674300e+04   0.0000000e+00
  -1.0262602e+00  -2.8446520e-01   1.2675800e+04   0.0000000e+00
  -1.0252016e+00  -2.8692790e-01   1.2677300e+04   0.0000000e+00
  -1.0241107e+00  -2.7929130e-01   1.2678700e+04   0.0000000e+00
  -1.0230630e+00  -2.8005820e-01   1.2679500e+04   0.0000000e+00
  -1.0223717e+00  -2.8158120e-01   1.2681000e+04   0.0000000e+00
  -1.0212375e+00  -2.7714180e-01   1.2682500e+04   0.0000000e+00
  -1.0202438e+00  -2.7651540e-01   1.2684000e+04   0.0000000e+00
  -1.0191205e+00  -2.7288610e-01   1.2685500e+04   0.0000000e+00
  -1.0181268e+00  -2.7075820e-01   1.2686200e+04   0.0000000e+00
  -1.0174031e+00  -2.7579170e-01   1.2687700e+04   0.0000000e+00
  -1.0162905e+00  -2.7032620e-01   1.2689200e+04   0.0000000e+00
  -1.0152428e+00  -2.7732550e-01   1.2690700e+04   0.0000000e+00
  -1.0141951e+00  -2.6904080e-01   1.2692200e+04   0.0000000e+00
  -1.0131257e+00  -2.7381500e-01   1.2692900e+04   0.0000000e+00
  -1.0120240e+00  -2.6405060e-01   1.2694400e+04   0.0000000e+00
  -1.0112787e+00  -2.6731260e-01   1.2695900e+04   0.0000000e+00
  -1.0102958e+00  -2.5844470e-01   1.2696600e+04   0.0000000e+00
  -1.0091832e+00  -2.6194430e-01   1.2698100e+04   0.0000000e+00
  -1.0081247e+00  -2.5401610e-01   1.2698900e+04   0.0000000e+00
  -1.0070446e+00  -2.5165060e-01   1.2700400e+04   0.0000000e+00
  -1.0063425e+00  -2.5256870e-01   1.2701800e+04   0.0000000e+00
  -1.0053055e+00  -2.5065690e-01   1.2703300e+04   0.0000000e+00
  -1.0041930e+00  -2.4789170e-01   1.2704100e+04   0.0000000e+00
  -1.0031885e+00  -2.4621750e-01   1.2704800e+04   0.0000000e+00
  -1.0020975e+00  -2.4595830e-01   1.2706300e+04   0.0000000e+00
  -1.0010930e+00  -2.4300950e-01   1.2707800e+04   0.0000000e+00
  -1.0003693e+00  -2.5476140e-01   1.2708500e+04   0.0000000e+00
  -9.9926760e-01  -2.2321060e-01   1.2710000e+04   0.0000000e+00
  -9.9824140e-01  -2.1866330e-01   1.2710800e+04   0.0000000e+00
  -9.9712890e-01  -2.1676220e-01   1.2712300e+04   0.0000000e+00
  -9.9609200e-01  -2.1760470e-01   1.2713800e+04   0.0000000e+00
  -9.9538990e-01  -2.1678380e-01   1.2715300e+04   0.0000000e+00
  -9.9428810e-01  -2.1747510e-01   1.2716700e+04   0.0000000e+00
  -9.9326200e-01  -2.0994660e-01   1.2717500e+04   0.0000000e+00
  -9.9217110e-01  -2.0967650e-01   1.2718200e+04   0.0000000e+00
  -9.9116650e-01  -2.0884480e-01   1.2719700e+04   0.0000000e+00
  -9.9004320e-01  -2.0331450e-01   1.2721200e+04   0.0000000e+00
  -9.8930870e-01  -2.0409220e-01   1.2722700e+04   0.0000000e+00
  -9.8823940e-01  -2.0211540e-01   1.2723400e+04   0.0000000e+00
  -9.8722400e-01  -2.0172650e-01   1.2724200e+04   0.0000000e+00
  -9.8610070e-01  -2.0037630e-01   1.2725700e+04   0.0000000e+00
  -9.8507460e-01  -1.9914500e-01   1.2727200e+04   0.0000000e+00
  -9.8437250e-01  -1.9672550e-01   1.2728700e+04   0.0000000e+00
  -9.8323830e-01  -1.9610980e-01   1.2730200e+04   0.0000000e+00
  -9.8223380e-01  -1.9316100e-01   1.2730900e+04   0.0000000e+00
  -9.8112130e-01  -1.9290180e-01   1.2731600e+04   0.0000000e+00
  -9.8013830e-01  -1.8832200e-01   1.2733100e+04   0.0000000e+00
  -9.7899340e-01  -1.9351750e-01   1.2734600e+04   0.0000000e+00
  -9.7826970e-01  -1.8957500e-01   1.2736100e+04   0.0000000e+00
  -9.7723280e-01  -1.9114120e-01   1.2736900e+04   0.0000000e+00
  -9.7615260e-01  -1.8539480e-01   1.2737600e+04   0.0000000e+00
  -9.7511570e-01  -1.8416350e-01   1.2739100e+04   0.0000000e+00
  -9.7400320e-01  -1.8569730e-01   1.2740600e+04   0.0000000e+00
  -9.7327950e-01  -1.8562170e-01   1.2742100e+04   0.0000000e+00
  -9.7224260e-01  -1.8072870e-01   1.2742800e+04   0.0000000e+00
  -9.7114080e-01  -1.8057740e-01   1.2744300e+04   0.0000000e+00
  -9.7013630e-01  -1.7984290e-01   1.2745800e+04   0.0000000e+00
  -9.6903450e-01  -1.7640810e-01   1.2748000e+04   0.0000000e+00
  -9.6801920e-01  -1.7584640e-01   1.2748800e+04   0.0000000e+00
  -9.6730630e-01  -1.7847120e-01   1.2750300e+04   0.0000000e+00
  -9.6619380e-01  -1.7428020e-01   1.2751800e+04   0.0000000e+00
  -9.6521090e-01  -1.7654850e-01   1.2753300e+04   0.0000000e+00
  -9.6409830e-01  -1.7166630e-01   1.2754700e+04   0.0000000e+00
  -9.6306140e-01  -1.6978690e-01   1.2755500e+04   0.0000000e+00
  -9.6234850e-01  -1.7470150e-01   1.2757000e+04   0.0000000e+00
  -9.6122520e-01  -1.6692450e-01   1.2758500e+04   0.0000000e+00
  -9.6020980e-01  -1.7042420e-01   1.2759200e+04   0.0000000e+00
  -9.5909730e-01  -1.6517470e-01   1.2760700e+04   0.0000000e+00
  -9.5806040e-01  -1.6594160e-01   1.2761400e+04   0.0000000e+00
  -9.5736910e-01  -1.6239870e-01   1.2762200e+04   0.0000000e+00
  -9.5627810e-01  -1.6584440e-01   1.2763700e+04   0.0000000e+00
  -9.5525200e-01  -1.6003320e-01   1.2765200e+04   0.0000000e+00
  -9.5412870e-01  -1.6004400e-01   1.2766700e+04   0.0000000e+00
  -9.5309170e-01  -1.5906110e-01   1.2768200e+04   0.0000000e+00
  -9.5197920e-01  -1.5860750e-01   1.2768900e+04   0.0000000e+00
  -9.5127710e-01  -1.5472980e-01   1.2770400e+04   0.0000000e+00
  -9.5026180e-01  -1.5868310e-01   1.2771900e+04   0.0000000e+00
  -9.4912760e-01  -1.5367120e-01   1.2773400e+04   0.0000000e+00
  -9.4811230e-01  -1.5036600e-01   1.2774100e+04   0.0000000e+00
  -9.4701060e-01  -1.4878900e-01   1.2775600e+04   0.0000000e+00
  -9.4630850e-01  -1.5134890e-01   1.2776300e+04   0.0000000e+00
  -9.4528230e-01  -1.5420050e-01   1.2777800e+04   0.0000000e+00
  -9.4416980e-01  -1.4759010e-01   1.2778600e+04   0.0000000e+00
  -9.4312210e-01  -1.5006360e-01   1.2780100e+04   0.0000000e+00
  -9.4206350e-01  -1.4353960e-01   1.2780800e+04   0.0000000e+00
  -9.4102660e-01  -1.4667190e-01   1.2782300e+04   0.0000000e+00
  -9.4027050e-01  -1.4318310e-01   1.2784500e+04   0.0000000e+00
  -9.3922280e-01  -1.4337750e-01   1.2786000e+04   0.0000000e+00
  -9.3816420e-01  -1.4024510e-01   1.2786800e+04   0.0000000e+00
  -9.3713820e-01  -1.3826850e-01   1.2789000e+04   0.0000000e+00
  -9.3603650e-01  -1.3666990e-01   1.2789800e+04   0.0000000e+00
  -9.3531280e-01  -1.3972670e-01   1.2791200e+04   0.0000000e+00
  -9.3428670e-01  -1.3461760e-01   1.2792700e+04   0.0000000e+00
  -9.3317410e-01  -1.3585980e-01   1.2793500e+04   0.0000000e+00
  -9.3213720e-01  -1.2752110e-01   1.2794200e+04   0.0000000e+00
  -9.3105700e-01  -1.2623580e-01   1.2795700e+04   0.0000000e+00
  -9.3005250e-01  -1.2648420e-01   1.2796500e+04   0.0000000e+00
  -9.2930720e-01  -1.2127790e-01   1.2797200e+04   0.0000000e+00
  -9.2819470e-01  -1.2705670e-01   1.2798700e+04   0.0000000e+00
  -9.2719020e-01  -1.2236890e-01   1.2799400e+04   0.0000000e+00
  -9.2608840e-01  -1.2579290e-01   1.2800900e+04   0.0000000e+00
  -9.2505150e-01  -1.1920410e-01   1.2802400e+04   0.0000000e+00
  -9.2433860e-01  -1.2158040e-01   1.2803900e+04   0.0000000e+00
  -9.2323690e-01  -1.1696820e-01   1.2804700e+04   0.0000000e+00
  -9.2215670e-01  -1.2068390e-01   1.2806200e+04   0.0000000e+00
  -9.2111980e-01  -1.1478630e-01   1.2806200e+04   0.0000000e+00
  -9.2006130e-01  -1.1450550e-01   1.2807600e+04   0.0000000e+00
  -9.1898110e-01  -1.1162150e-01   1.2809100e+04   0.0000000e+00
  -9.1827900e-01  -1.1081140e-01   1.2810600e+04   0.0000000e+00
  -9.1719890e-01  -1.1166470e-01   1.2812100e+04   0.0000000e+00
  -9.1608630e-01  -1.0943960e-01   1.2812900e+04   0.0000000e+00
  -9.1501700e-01  -1.0799230e-01   1.2814300e+04   0.0000000e+00
  -9.1396930e-01  -1.0689050e-01   1.2815800e+04   0.0000000e+00
  -9.1325640e-01  -1.0519470e-01   1.2817300e+04   0.0000000e+00
  -9.1215470e-01  -1.0482750e-01   1.2818800e+04   0.0000000e+00
  -9.1112850e-01  -1.0845670e-01   1.2818800e+04   0.0000000e+00
  -9.1003760e-01  -9.9966800e-02   1.2820300e+04   0.0000000e+00
  -9.0900070e-01  -1.0070130e-01   1.2821800e+04   0.0000000e+00
  -9.0790970e-01  -9.8270800e-02   1.2822500e+04   0.0000000e+00
  -9.0719680e-01  -1.0295880e-01   1.2824000e+04   0.0000000e+00
  -9.0614910e-01  -9.9621200e-02   1.2824800e+04   0.0000000e+00
  -9.0504740e-01  -9.8044000e-02   1.2826300e+04   0.0000000e+00
  -9.0404280e-01  -9.7374300e-02   1.2827000e+04   0.0000000e+00
  -9.0295190e-01  -9.7903600e-02   1.2828500e+04   0.0000000e+00
  -9.0222820e-01  -9.5624500e-02   1.2830000e+04   0.0000000e+00
  -9.0120210e-01  -9.5365300e-02   1.2830700e+04   0.0000000e+00
  -9.0011110e-01  -9.2394900e-02   1.2831500e+04   0.0000000e+00
  -8.9906340e-01  -8.8830400e-02   1.2832200e+04   0.0000000e+00
  -8.9796170e-01  -8.9413700e-02   1.2833700e+04   0.0000000e+00
  -8.9692470e-01  -8.7188600e-02   1.2835200e+04   0.0000000e+00
  -8.9623340e-01  -8.5978900e-02   1.2836700e+04   0.0000000e+00
  -8.9511010e-01  -8.6151700e-02   1.2837400e+04   0.0000000e+00
  -8.9407320e-01  -8.6951000e-02   1.2838200e+04   0.0000000e+00
  -8.9300380e-01  -8.3537800e-02   1.2839700e+04   0.0000000e+00
  -8.9194530e-01  -8.0805000e-02   1.2841200e+04   0.0000000e+00
  -8.9125400e-01  -7.6711300e-02   1.2842700e+04   0.0000000e+00
  -8.9015230e-01  -7.7845400e-02   1.2844100e+04   0.0000000e+00
  -8.8911530e-01  -7.5004700e-02   1.2844900e+04   0.0000000e+00
  -8.8800280e-01  -7.8407100e-02   1.2846400e+04   0.0000000e+00
  -8.8697670e-01  -7.2574400e-02   1.2847100e+04   0.0000000e+00
  -8.8626380e-01  -7.1926300e-02   1.2848600e+04   0.0000000e+00
  -8.8519440e-01  -6.9226000e-02   1.2850100e+04   0.0000000e+00
  -8.8414670e-01  -6.6784800e-02   1.2850100e+04   0.0000000e+00
  -8.8303420e-01  -6.7422100e-02   1.2851600e+04   0.0000000e+00
  -8.8200800e-01  -6.6612000e-02   1.2853100e+04   0.0000000e+00
  -8.8090630e-01  -6.4970200e-02   1.2854600e+04   0.0000000e+00
  -8.8019340e-01  -6.6017900e-02   1.2856100e+04   0.0000000e+00
  -8.7916730e-01  -6.3522800e-02   1.2856800e+04   0.0000000e+00
  -8.7810870e-01  -6.2496700e-02   1.2856800e+04   0.0000000e+00
  -8.7705020e-01  -6.1060100e-02   1.2858300e+04   0.0000000e+00
  -8.7601330e-01  -5.9234700e-02   1.2859100e+04   0.0000000e+00
  -8.7528960e-01  -5.5702600e-02   1.2859800e+04   0.0000000e+00
  -8.7419870e-01  -5.7031200e-02   1.2861300e+04   0.0000000e+00
  -8.7316170e-01  -5.7538900e-02   1.2862000e+04   0.0000000e+00
  -8.7204920e-01  -5.4255300e-02   1.2862800e+04   0.0000000e+00
  -8.7101220e-01  -5.6156300e-02   1.2864300e+04   0.0000000e+00
  -8.6995370e-01  -4.9718700e-02   1.2865800e+04   0.0000000e+00
  -8.6925160e-01  -5.2105800e-02   1.2867200e+04   0.0000000e+00
  -8.6821470e-01  -4.9729500e-02   1.2868700e+04   0.0000000e+00
  -8.6709140e-01  -4.8973400e-02   1.2869500e+04   0.0000000e+00
  -8.6608680e-01  -4.5830200e-02   1.2870200e+04   0.0000000e+00
  -8.6498510e-01  -4.5895000e-02   1.2871000e+04   0.0000000e+00
  -8.6426140e-01  -4.5625000e-02   1.2872500e+04   0.0000000e+00
  -8.6322450e-01  -4.5419700e-02   1.2874000e+04   0.0000000e+00
  -8.6213350e-01  -4.3227100e-02   1.2874700e+04   0.0000000e+00
  -8.6107500e-01  -4.3821100e-02   1.2875400e+04   0.0000000e+00
  -8.5998410e-01  -4.0786000e-02   1.2876900e+04   0.0000000e+00
  -8.5896870e-01  -4.2309000e-02   1.2878400e+04   0.0000000e+00
  -8.5827740e-01  -4.2309000e-02   1.2879200e+04   0.0000000e+00
  -8.5717570e-01  -3.9165800e-02   1.2880700e+04   0.0000000e+00
  -8.5612800e-01  -4.1315200e-02   1.2882100e+04   0.0000000e+00
  -8.5502620e-01  -3.8215200e-02   1.2882900e+04   0.0000000e+00
  -8.5400010e-01  -4.0040700e-02   1.2884400e+04   0.0000000e+00
  -8.5326560e-01  -3.6238600e-02   1.2885900e+04   0.0000000e+00
  -8.5215310e-01  -3.5892900e-02   1.2887400e+04   0.0000000e+00
  -8.5113770e-01  -3.7696800e-02   1.2888100e+04   0.0000000e+00
  -8.4999280e-01  -3.6821900e-02   1.2889600e+04   0.0000000e+00
  -8.4899910e-01  -3.4726400e-02   1.2891100e+04   0.0000000e+00
  -8.4788650e-01  -3.5882100e-02   1.2892600e+04   0.0000000e+00
  -8.4718440e-01  -3.4564400e-02   1.2893300e+04   0.0000000e+00
  -8.4616910e-01  -3.3462600e-02   1.2894800e+04   0.0000000e+00
  -8.4507820e-01  -3.2317700e-02   1.2894800e+04   0.0000000e+00
  -8.4396560e-01  -3.2015200e-02   1.2895600e+04   0.0000000e+00
  -8.4296110e-01  -3.0135800e-02   1.2897000e+04   0.0000000e+00
  -8.4223740e-01  -3.2047700e-02   1.2897800e+04   0.0000000e+00
  -8.4112490e-01  -3.1561600e-02   1.2899300e+04   0.0000000e+00
  -8.4008790e-01  -3.0200600e-02   1.2900000e+04   0.0000000e+00
  -8.3897540e-01  -3.0600300e-02   1.2900800e+04   0.0000000e+00
  -8.3794930e-01  -2.7327500e-02   1.2902300e+04   0.0000000e+00
  -8.3685830e-01  -2.8872100e-02   1.2903800e+04   0.0000000e+00
  -8.3616700e-01  -2.6701000e-02   1.2905200e+04   0.0000000e+00
  -8.3514090e-01  -2.7835100e-02   1.2906700e+04   0.0000000e+00
  -8.3403920e-01  -2.6031300e-02   1.2907500e+04   0.0000000e+00
  -8.3298060e-01  -2.3363400e-02   1.2908200e+04   0.0000000e+00
  -8.3191110e-01  -2.3201300e-02   1.2909000e+04   0.0000000e+00
  -8.3118740e-01  -2.1170700e-02   1.2910500e+04   0.0000000e+00
  -8.3015050e-01  -1.8491900e-02   1.2911900e+04   0.0000000e+00
  -8.2905950e-01  -1.9237200e-02   1.2913400e+04   0.0000000e+00
  -8.2802260e-01  -1.8880800e-02   1.2914200e+04   0.0000000e+00
  -8.2688850e-01  -1.6364100e-02   1.2915700e+04   0.0000000e+00
  -8.2587310e-01  -1.4182200e-02   1.2916400e+04   0.0000000e+00
  -8.2514940e-01  -1.3285700e-02   1.2917900e+04   0.0000000e+00
  -8.2406930e-01  -1.4063400e-02   1.2918700e+04   0.0000000e+00
  -8.2305400e-01  -1.1946300e-02   1.2920100e+04   0.0000000e+00
  -8.2193060e-01  -1.2842800e-02   1.2920900e+04   0.0000000e+00
  -8.2092610e-01  -7.5934000e-03   1.2922400e+04   0.0000000e+00
  -8.2022400e-01  -1.0488100e-02   1.2923900e+04   0.0000000e+00
  -8.1911150e-01  -8.2738000e-03   1.2925400e+04   0.0000000e+00
  -8.1805300e-01  -8.5871000e-03   1.2926100e+04   0.0000000e+00
  -8.1702680e-01  -3.9857000e-03   1.2926900e+04   0.0000000e+00
  -8.1594670e-01  -4.7202000e-03   1.2927600e+04   0.0000000e+00
  -8.1490980e-01  -3.5536000e-03   1.2929100e+04   0.0000000e+00
  -8.1418610e-01  -3.3592000e-03   1.2929800e+04   0.0000000e+00
  -8.1311670e-01  -9.7210000e-04   1.2930600e+04   0.0000000e+00
  -8.1205820e-01   6.8050000e-04   1.2932100e+04   0.0000000e+00
  -8.1096730e-01   2.9272000e-03   1.2932800e+04   0.0000000e+00
  -8.0990870e-01   3.3916000e-03   1.2933600e+04   0.0000000e+00
  -8.0924980e-01   3.2944000e-03   1.2935000e+04   0.0000000e+00
  -8.0813730e-01   5.1847000e-03   1.2936500e+04   0.0000000e+00
  -8.0707880e-01   4.6554000e-03   1.2938000e+04   0.0000000e+00
  -8.0597700e-01   5.7895000e-03   1.2938800e+04   0.0000000e+00
  -8.0497250e-01   4.6554000e-03   1.2939500e+04   0.0000000e+00
  -8.0423800e-01   8.7599000e-03   1.2941000e+04   0.0000000e+00
  -8.0312550e-01   8.8463000e-03   1.2941800e+04   0.0000000e+00
  -8.0211010e-01   1.1168600e-02   1.2943200e+04   0.0000000e+00
  -8.0101920e-01   9.9373000e-03   1.2944700e+04   0.0000000e+00
  -7.9998230e-01   1.1687100e-02   1.2945500e+04   0.0000000e+00
  -7.9885890e-01   1.2021900e-02   1.2946200e+04   0.0000000e+00
  -7.9818920e-01   1.6104800e-02   1.2947000e+04   0.0000000e+00
  -7.9714150e-01   1.6104800e-02   1.2947700e+04   0.0000000e+00
  -7.9606140e-01   1.8610800e-02   1.2948500e+04   0.0000000e+00
  -7.9501360e-01   2.0187800e-02   1.2949900e+04   0.0000000e+00
  -7.9391190e-01   1.9928500e-02   1.2950700e+04   0.0000000e+00
  -7.9318820e-01   2.1473100e-02   1.2951400e+04   0.0000000e+00
  -7.9214050e-01   2.2909700e-02   1.2952900e+04   0.0000000e+00
  -7.9106030e-01   2.4627100e-02   1.2953700e+04   0.0000000e+00
  -7.9001260e-01   2.3838600e-02   1.2955200e+04   0.0000000e+00
  -7.8887850e-01   2.5858500e-02   1.2955900e+04   0.0000000e+00
  -7.8787390e-01   2.7629900e-02   1.2957400e+04   0.0000000e+00
  -7.8716100e-01   2.8072800e-02   1.2958100e+04   0.0000000e+00
  -7.8609170e-01   2.8051100e-02   1.2958900e+04   0.0000000e+00
  -7.8508720e-01   2.8980100e-02   1.2959600e+04   0.0000000e+00
  -7.8396380e-01   2.7608300e-02   1.2961100e+04   0.0000000e+00
  -7.8287290e-01   3.0481500e-02   1.2961900e+04   0.0000000e+00
  -7.8221400e-01   2.8882900e-02   1.2963400e+04   0.0000000e+00
  -7.8110150e-01   3.1766800e-02   1.2964100e+04   0.0000000e+00
  -7.8007530e-01   3.3883900e-02   1.2964800e+04   0.0000000e+00
  -7.7897360e-01   3.6249400e-02   1.2965600e+04   0.0000000e+00
  -7.7795830e-01   3.8290800e-02   1.2967100e+04   0.0000000e+00
  -7.7684570e-01   3.8118000e-02   1.2967800e+04   0.0000000e+00
  -7.7613290e-01   3.6659800e-02   1.2969300e+04   0.0000000e+00
  -7.7507430e-01   3.8053200e-02   1.2970800e+04   0.0000000e+00
  -7.7400500e-01   4.0083900e-02   1.2971600e+04   0.0000000e+00
  -7.7296810e-01   4.0073100e-02   1.2973000e+04   0.0000000e+00
  -7.7185550e-01   4.0969600e-02   1.2973800e+04   0.0000000e+00
  -7.7118580e-01   4.2017300e-02   1.2975300e+04   0.0000000e+00
  -7.7008410e-01   4.1833700e-02   1.2976800e+04   0.0000000e+00
  -7.6902560e-01   4.4393600e-02   1.2976800e+04   0.0000000e+00
  -7.6792380e-01   4.4955300e-02   1.2978300e+04   0.0000000e+00
  -7.6689770e-01   4.4372000e-02   1.2979700e+04   0.0000000e+00
  -7.6576350e-01   4.6964300e-02   1.2980500e+04   0.0000000e+00
  -7.6508310e-01   4.8379300e-02   1.2982000e+04   0.0000000e+00
  -7.6404610e-01   4.8800600e-02   1.2982700e+04   0.0000000e+00
  -7.6295520e-01   4.8951800e-02   1.2983500e+04   0.0000000e+00
  -7.6192910e-01   5.0248000e-02   1.2984200e+04   0.0000000e+00
  -7.6080570e-01   5.2732300e-02   1.2985000e+04   0.0000000e+00
  -7.6008200e-01   5.4795300e-02   1.2986500e+04   0.0000000e+00
  -7.5908830e-01   5.6005100e-02   1.2987200e+04   0.0000000e+00
  -7.5796500e-01   5.6199500e-02   1.2988700e+04   0.0000000e+00
  -7.5694960e-01   5.7193200e-02   1.2989400e+04   0.0000000e+00
  -7.5593430e-01   5.8997100e-02   1.2990200e+04   0.0000000e+00
  -7.5484340e-01   5.8824200e-02   1.2991700e+04   0.0000000e+00
  -7.5411970e-01   6.0044800e-02   1.2992400e+04   0.0000000e+00
  -7.5309350e-01   6.0595700e-02   1.2993900e+04   0.0000000e+00
  -7.5198100e-01   6.1416600e-02   1.2995400e+04   0.0000000e+00
  -7.5095490e-01   6.2183500e-02   1.2996100e+04   0.0000000e+00
  -7.4985310e-01   6.3112400e-02   1.2997600e+04   0.0000000e+00
  -7.4915100e-01   6.4613800e-02   1.2998400e+04   0.0000000e+00
  -7.4812490e-01   6.5747900e-02   1.2999900e+04   0.0000000e+00
  -7.4703400e-01   6.9042300e-02   1.3000600e+04   0.0000000e+00
  -7.4599700e-01   6.9009900e-02   1.3002100e+04   0.0000000e+00
  -7.4488450e-01   6.9496000e-02   1.3002800e+04   0.0000000e+00
  -7.4389080e-01   7.1353800e-02   1.3004300e+04   0.0000000e+00
  -7.4315630e-01   7.0640900e-02   1.3005100e+04   0.0000000e+00
  -7.4203290e-01   7.2758000e-02   1.3006600e+04   0.0000000e+00
  -7.4101760e-01   7.2423200e-02   1.3007300e+04   0.0000000e+00
  -7.3991590e-01   7.5425900e-02   1.3008800e+04   0.0000000e+00
  -7.3887890e-01   7.7391800e-02   1.3008800e+04   0.0000000e+00
  -7.3817690e-01   7.9454800e-02   1.3009600e+04   0.0000000e+00
  -7.3706430e-01   8.0491800e-02   1.3010300e+04   0.0000000e+00
  -7.3605980e-01   8.0038100e-02   1.3011000e+04   0.0000000e+00
  -7.3492560e-01   8.1960800e-02   1.3011800e+04   0.0000000e+00
  -7.3392110e-01   8.2079600e-02   1.3013300e+04   0.0000000e+00
  -7.3316500e-01   8.4013000e-02   1.3014800e+04   0.0000000e+00
  -7.3212810e-01   8.5168800e-02   1.3015500e+04   0.0000000e+00
  -7.3104790e-01   8.5752000e-02   1.3017000e+04   0.0000000e+00
  -7.2994620e-01   8.7404700e-02   1.3018500e+04   0.0000000e+00
  -7.2892010e-01   8.6389300e-02   1.3020000e+04   0.0000000e+00
  -7.2779670e-01   8.8139100e-02   1.3020700e+04   0.0000000e+00
  -7.2708380e-01   9.0947500e-02   1.3021500e+04   0.0000000e+00
  -7.2605770e-01   9.2502900e-02   1.3022200e+04   0.0000000e+00
  -7.2497760e-01   9.3248200e-02   1.3023000e+04   0.0000000e+00
  -7.2396230e-01   9.7125900e-02   1.3023700e+04   0.0000000e+00
  -7.2286050e-01   9.7828000e-02   1.3024500e+04   0.0000000e+00
  -7.2212600e-01   9.8422000e-02   1.3025200e+04   0.0000000e+00
  -7.2112150e-01   1.0025830e-01   1.3025900e+04   0.0000000e+00
  -7.2004140e-01   9.9523800e-02   1.3026700e+04   0.0000000e+00
  -7.1893960e-01   1.0043110e-01   1.3027400e+04   0.0000000e+00
  -7.1792430e-01   1.0315300e-01   1.3028200e+04   0.0000000e+00
  -7.1677930e-01   1.0271020e-01   1.3028900e+04   0.0000000e+00
  -7.1606650e-01   1.0554010e-01   1.3030400e+04   0.0000000e+00
  -7.1502950e-01   1.0385510e-01   1.3031900e+04   0.0000000e+00
  -7.1398180e-01   1.0524850e-01   1.3033400e+04   0.0000000e+00
  -7.1293410e-01   1.0433040e-01   1.3034100e+04   0.0000000e+00
  -7.1181070e-01   1.0572380e-01   1.3035600e+04   0.0000000e+00
  -7.1109780e-01   1.0657710e-01   1.3037100e+04   0.0000000e+00
  -7.1008250e-01   1.0763560e-01   1.3037900e+04   0.0000000e+00
  -7.0898080e-01   1.0978510e-01   1.3039400e+04   0.0000000e+00
  -7.0794380e-01   1.0961230e-01   1.3040100e+04   0.0000000e+00
  -7.0682050e-01   1.1184810e-01   1.3040100e+04   0.0000000e+00
  -7.0580520e-01   1.1244220e-01   1.3040800e+04   0.0000000e+00
  -7.0507070e-01   1.1291750e-01   1.3041600e+04   0.0000000e+00
  -7.0397970e-01   1.1383560e-01   1.3042300e+04   0.0000000e+00
  -7.0292120e-01   1.1493730e-01   1.3043800e+04   0.0000000e+00
  -7.0185190e-01   1.1594190e-01   1.3044600e+04   0.0000000e+00
  -7.0083650e-01   1.1660070e-01   1.3046100e+04   0.0000000e+00
  -7.0011280e-01   1.1694640e-01   1.3046800e+04   0.0000000e+00
  -6.9898950e-01   1.1860980e-01   1.3048300e+04   0.0000000e+00
  -6.9800660e-01   1.1906350e-01   1.3049000e+04   0.0000000e+00
  -6.9690480e-01   1.2021920e-01   1.3050500e+04   0.0000000e+00
  -6.9579230e-01   1.2048920e-01   1.3051300e+04   0.0000000e+00
  -6.9476620e-01   1.2106170e-01   1.3052800e+04   0.0000000e+00
  -6.9406410e-01   1.2002480e-01   1.3052800e+04   0.0000000e+00
  -6.9295150e-01   1.2299520e-01   1.3054300e+04   0.0000000e+00
  -6.9190380e-01   1.2259550e-01   1.3055700e+04   0.0000000e+00
  -6.9081290e-01   1.2368640e-01   1.3056500e+04   0.0000000e+00
  -6.8975430e-01   1.2397810e-01   1.3058000e+04   0.0000000e+00
  -6.8905220e-01   1.2550110e-01   1.3058700e+04   0.0000000e+00
  -6.8796130e-01   1.2617080e-01   1.3059500e+04   0.0000000e+00
  -6.8692440e-01   1.2738050e-01   1.3060200e+04   0.0000000e+00
  -6.8585500e-01   1.2795300e-01   1.3061000e+04   0.0000000e+00
  -6.8480730e-01   1.2978920e-01   1.3062500e+04   0.0000000e+00
  -6.8369480e-01   1.3066410e-01   1.3063900e+04   0.0000000e+00
  -6.8299270e-01   1.3181990e-01   1.3064700e+04   0.0000000e+00
  -6.8195570e-01   1.3408820e-01   1.3065400e+04   0.0000000e+00
  -6.8085400e-01   1.3278120e-01   1.3066900e+04   0.0000000e+00
  -6.7980630e-01   1.3426100e-01   1.3067700e+04   0.0000000e+00
  -6.7871530e-01   1.3584880e-01   1.3068400e+04   0.0000000e+00
  -6.7800240e-01   1.3779300e-01   1.3069900e+04   0.0000000e+00
  -6.7697630e-01   1.3740420e-01   1.3070600e+04   0.0000000e+00
  -6.7588540e-01   1.4026650e-01   1.3072100e+04   0.0000000e+00
  -6.7485920e-01   1.4188670e-01   1.3072100e+04   0.0000000e+00
  -6.7374670e-01   1.4216760e-01   1.3073600e+04   0.0000000e+00
  -6.7269900e-01   1.4243760e-01   1.3075100e+04   0.0000000e+00
  -6.7201850e-01   1.4394980e-01   1.3075900e+04   0.0000000e+00
  -6.7089510e-01   1.4459790e-01   1.3077400e+04   0.0000000e+00
  -6.6985820e-01   1.4588320e-01   1.3078100e+04   0.0000000e+00
  -6.6875650e-01   1.5117590e-01   1.3078100e+04   0.0000000e+00
  -6.6773030e-01   1.5076550e-01   1.3078800e+04   0.0000000e+00
  -6.6701750e-01   1.5138110e-01   1.3079600e+04   0.0000000e+00
  -6.6590490e-01   1.5356300e-01   1.3081100e+04   0.0000000e+00
  -6.6487880e-01   1.5522640e-01   1.3082600e+04   0.0000000e+00
  -6.6378780e-01   1.5248290e-01   1.3084800e+04   0.0000000e+00
  -6.6277250e-01   1.5253690e-01   1.3085500e+04   0.0000000e+00
  -6.6205960e-01   1.5237490e-01   1.3087000e+04   0.0000000e+00
  -6.6093630e-01   1.5387630e-01   1.3088500e+04   0.0000000e+00
  -6.5993180e-01   1.5394110e-01   1.3089300e+04   0.0000000e+00
  -6.5883000e-01   1.5885570e-01   1.3090800e+04   0.0000000e+00
  -6.5778230e-01   1.5885570e-01   1.3091500e+04   0.0000000e+00
  -6.5670210e-01   1.6025990e-01   1.3093000e+04   0.0000000e+00
  -6.5597850e-01   1.6117800e-01   1.3093700e+04   0.0000000e+00
  -6.5490910e-01   1.6480720e-01   1.3095200e+04   0.0000000e+00
  -6.5382900e-01   1.6362990e-01   1.3096000e+04   0.0000000e+00
  -6.5283530e-01   1.6498010e-01   1.3096700e+04   0.0000000e+00
  -6.5171190e-01   1.6641660e-01   1.3097500e+04   0.0000000e+00
  -6.5099900e-01   1.6791800e-01   1.3097500e+04   0.0000000e+00
  -6.4997290e-01   1.6841490e-01   1.3098200e+04   0.0000000e+00
  -6.4887120e-01   1.6873890e-01   1.3099000e+04   0.0000000e+00
  -6.4783420e-01   1.7118000e-01   1.3099000e+04   0.0000000e+00
  -6.4671090e-01   1.7328630e-01   1.3099000e+04   0.0000000e+00
  -6.4569560e-01   1.6951660e-01   1.3099000e+04   0.0000000e+00
  -6.4498270e-01   1.7120170e-01   1.3099700e+04   0.0000000e+00
  -6.4384850e-01   1.7082360e-01   1.3100400e+04   0.0000000e+00
  -6.4284400e-01   1.7176330e-01   1.3101200e+04   0.0000000e+00
  -6.4174230e-01   1.7111520e-01   1.3101900e+04   0.0000000e+00
  -6.4070530e-01   1.7141770e-01   1.3102700e+04   0.0000000e+00
  -6.4002480e-01   1.7165530e-01   1.3103400e+04   0.0000000e+00
  -6.3891230e-01   1.7110440e-01   1.3104200e+04   0.0000000e+00
  -6.3781060e-01   1.7344830e-01   1.3105700e+04   0.0000000e+00
  -6.3679520e-01   1.7156890e-01   1.3107200e+04   0.0000000e+00
  -6.3568270e-01   1.7268140e-01   1.3108600e+04   0.0000000e+00
  -6.3474300e-01   1.7479850e-01   1.3110100e+04   0.0000000e+00
  -6.3398690e-01   1.7618110e-01   1.3110100e+04   0.0000000e+00
  -6.3297150e-01   1.7633230e-01   1.3111600e+04   0.0000000e+00
  -6.3184820e-01   1.7695880e-01   1.3113100e+04   0.0000000e+00
  -6.3081130e-01   1.7848180e-01   1.3113900e+04   0.0000000e+00
  -6.2972030e-01   1.8016680e-01   1.3114600e+04   0.0000000e+00
  -6.2897500e-01   1.8048000e-01   1.3115400e+04   0.0000000e+00
  -6.2795970e-01   1.7952950e-01   1.3116100e+04   0.0000000e+00
  -6.2686880e-01   1.8197060e-01   1.3116800e+04   0.0000000e+00
  -6.2587500e-01   1.8310480e-01   1.3118300e+04   0.0000000e+00
  -6.2476250e-01   1.8360160e-01   1.3119100e+04   0.0000000e+00
  -6.2371480e-01   1.8497340e-01   1.3120600e+04   0.0000000e+00
  -6.2300190e-01   1.8714450e-01   1.3121300e+04   0.0000000e+00
  -6.2191070e-01   1.8698240e-01   1.3122800e+04   0.0000000e+00
  -6.2088460e-01   1.8865670e-01   1.3122800e+04   0.0000000e+00
  -6.1976130e-01   1.8827860e-01   1.3123500e+04   0.0000000e+00
  -6.1877840e-01   1.9034170e-01   1.3124300e+04   0.0000000e+00
  -6.1806550e-01   1.9104380e-01   1.3125000e+04   0.0000000e+00
  -6.1690970e-01   1.9067650e-01   1.3126500e+04   0.0000000e+00
  -6.1589440e-01   1.9223190e-01   1.3127300e+04   0.0000000e+00
  -6.1482510e-01   1.9442460e-01   1.3128800e+04   0.0000000e+00
  -6.1377730e-01   1.9433820e-01   1.3129500e+04   0.0000000e+00
  -6.1268640e-01   1.9390610e-01   1.3130300e+04   0.0000000e+00
  -6.1195190e-01   1.9456500e-01   1.3131000e+04   0.0000000e+00
  -6.1092580e-01   1.9626080e-01   1.3132500e+04   0.0000000e+00
  -6.0982400e-01   1.9941480e-01   1.3133200e+04   0.0000000e+00
  -6.0880870e-01   2.0079740e-01   1.3134000e+04   0.0000000e+00
  -6.0769610e-01   2.0075420e-01   1.3135500e+04   0.0000000e+00
  -6.0698330e-01   2.0202870e-01   1.3135500e+04   0.0000000e+00
  -6.0594630e-01   2.0200710e-01   1.3137000e+04   0.0000000e+00
  -6.0483380e-01   2.0233120e-01   1.3138400e+04   0.0000000e+00
  -6.0380770e-01   2.0419980e-01   1.3139200e+04   0.0000000e+00
  -6.0272750e-01   2.0528000e-01   1.3140700e+04   0.0000000e+00
  -6.0170140e-01   2.0820710e-01   1.3142200e+04   0.0000000e+00
  -6.0097770e-01   2.0681380e-01   1.3142900e+04   0.0000000e+00
  -5.9972470e-01   2.0603610e-01   1.3144400e+04   0.0000000e+00
  -5.9866620e-01   2.0356250e-01   1.3145200e+04   0.0000000e+00
  -5.9762930e-01   2.0647890e-01   1.3146600e+04   0.0000000e+00
  -5.9659230e-01   2.0789390e-01   1.3147400e+04   0.0000000e+00
  -5.9559860e-01   2.0826110e-01   1.3148100e+04   0.0000000e+00
  -5.9456170e-01   2.1065920e-01   1.3148100e+04   0.0000000e+00
  -5.9355720e-01   2.1138290e-01   1.3148100e+04   0.0000000e+00
  -5.9255260e-01   2.1272230e-01   1.3148900e+04   0.0000000e+00
  -5.9156970e-01   2.1495820e-01   1.3148900e+04   0.0000000e+00
  -5.9055440e-01   2.1279790e-01   1.3149600e+04   0.0000000e+00
  -5.8954990e-01   2.1334880e-01   1.3149600e+04   0.0000000e+00
  -5.8855610e-01   2.1878190e-01   1.3150400e+04   0.0000000e+00
  -5.8754080e-01   2.1877110e-01   1.3151100e+04   0.0000000e+00
  -5.8654710e-01   2.2014280e-01   1.3152600e+04   0.0000000e+00
  -5.8553170e-01   2.2116900e-01   1.3154100e+04   0.0000000e+00
  -5.8453800e-01   2.2311320e-01   1.3154800e+04   0.0000000e+00
  -5.8354430e-01   2.2377210e-01   1.3156300e+04   0.0000000e+00
  -5.8252900e-01   2.2451740e-01   1.3157800e+04   0.0000000e+00
  -5.8150280e-01   2.2358850e-01   1.3158600e+04   0.0000000e+00
  -5.8054150e-01   2.2739060e-01   1.3160100e+04   0.0000000e+00
  -5.7951540e-01   2.2610520e-01   1.3160800e+04   0.0000000e+00
  -5.7851090e-01   2.2964800e-01   1.3160800e+04   0.0000000e+00
  -5.7753870e-01   2.2911880e-01   1.3161500e+04   0.0000000e+00
  -5.7652340e-01   2.3159230e-01   1.3163000e+04   0.0000000e+00
  -5.7550810e-01   2.3443300e-01   1.3163800e+04   0.0000000e+00
  -5.7451440e-01   2.3613970e-01   1.3165300e+04   0.0000000e+00
  -5.7353140e-01   2.3694980e-01   1.3166800e+04   0.0000000e+00
  -5.7251610e-01   2.4128110e-01   1.3167500e+04   0.0000000e+00
  -5.7150080e-01   2.4283650e-01   1.3169000e+04   0.0000000e+00
  -5.7050700e-01   2.4474840e-01   1.3169700e+04   0.0000000e+00
  -5.6953490e-01   2.4726510e-01   1.3171200e+04   0.0000000e+00
  -5.6851960e-01   2.5240650e-01   1.3172000e+04   0.0000000e+00
  -5.6751510e-01   2.5185560e-01   1.3172700e+04   0.0000000e+00
  -5.6649970e-01   2.5290340e-01   1.3173500e+04   0.0000000e+00
  -5.6551680e-01   2.5469640e-01   1.3173500e+04   0.0000000e+00
  -5.6450150e-01   2.5698630e-01   1.3175000e+04   0.0000000e+00
  -5.6349700e-01   2.5871450e-01   1.3175700e+04   0.0000000e+00
  -5.6252480e-01   2.5942740e-01   1.3177200e+04   0.0000000e+00
  -5.6152030e-01   2.6279740e-01   1.3178700e+04   0.0000000e+00
  -5.6049420e-01   2.6172810e-01   1.3179400e+04   0.0000000e+00
  -5.5950050e-01   2.6307830e-01   1.3180200e+04   0.0000000e+00
  -5.5850670e-01   2.6037790e-01   1.3181700e+04   0.0000000e+00
  -5.5751300e-01   2.6366150e-01   1.3182400e+04   0.0000000e+00
  -5.5648690e-01   2.6412600e-01   1.3183200e+04   0.0000000e+00
  -5.5549310e-01   2.6556260e-01   1.3184600e+04   0.0000000e+00
  -5.5451020e-01   2.6699920e-01   1.3185400e+04   0.0000000e+00
  -5.5350570e-01   2.6901900e-01   1.3186100e+04   0.0000000e+00
  -5.5250120e-01   2.6706400e-01   1.3186900e+04   0.0000000e+00
  -5.5151820e-01   2.6895420e-01   1.3187600e+04   0.0000000e+00
  -5.5051370e-01   2.7149250e-01   1.3188400e+04   0.0000000e+00
  -5.4948760e-01   2.6737720e-01   1.3189100e+04   0.0000000e+00
  -5.4848310e-01   2.6935390e-01   1.3189900e+04   0.0000000e+00
  -5.4751090e-01   2.6974270e-01   1.3190600e+04   0.0000000e+00
  -5.4650640e-01   2.7722810e-01   1.3191300e+04   0.0000000e+00
  -5.4549110e-01   2.7723890e-01   1.3192800e+04   0.0000000e+00
  -5.4447580e-01   2.7896710e-01   1.3192800e+04   0.0000000e+00
  -5.4350360e-01   2.7607230e-01   1.3194300e+04   0.0000000e+00
  -5.4248830e-01   2.8005800e-01   1.3195800e+04   0.0000000e+00
  -5.4148380e-01   2.7856740e-01   1.3196600e+04   0.0000000e+00
  -5.4049010e-01   2.8153780e-01   1.3198100e+04   0.0000000e+00
  -5.3950710e-01   2.8525350e-01   1.3198800e+04   0.0000000e+00
  -5.3848100e-01   2.8760820e-01   1.3198800e+04   0.0000000e+00
  -5.3748730e-01   2.8653880e-01   1.3199500e+04   0.0000000e+00
  -5.3649350e-01   2.8735970e-01   1.3200300e+04   0.0000000e+00
  -5.3548900e-01   2.9095660e-01   1.3201000e+04   0.0000000e+00
  -5.3449530e-01   2.9211230e-01   1.3201000e+04   0.0000000e+00
  -5.3349080e-01   2.9166950e-01   1.3201800e+04   0.0000000e+00
  -5.3249700e-01   2.9274960e-01   1.3202500e+04   0.0000000e+00
  -5.3148170e-01   2.9304130e-01   1.3203300e+04   0.0000000e+00
  -5.3048800e-01   2.9489910e-01   1.3204000e+04   0.0000000e+00
  -5.2950510e-01   2.9582800e-01   1.3204800e+04   0.0000000e+00
  -5.2850050e-01   2.9568760e-01   1.3205500e+04   0.0000000e+00
  -5.2748520e-01   3.0123950e-01   1.3205500e+04   0.0000000e+00
  -5.2648070e-01   3.0402620e-01   1.3206200e+04   0.0000000e+00
  -5.2549780e-01   3.0308650e-01   1.3207700e+04   0.0000000e+00
  -5.2447160e-01   3.0358340e-01   1.3208500e+04   0.0000000e+00
  -5.2348870e-01   3.0658620e-01   1.3210000e+04   0.0000000e+00
  -5.2248420e-01   3.0765550e-01   1.3211500e+04   0.0000000e+00
  -5.2149040e-01   3.0839000e-01   1.3212200e+04   0.0000000e+00
  -5.2048590e-01   3.1021540e-01   1.3213000e+04   0.0000000e+00
  -5.1949220e-01   3.1125240e-01   1.3214400e+04   0.0000000e+00
  -5.1848770e-01   3.1465480e-01   1.3215900e+04   0.0000000e+00
  -5.1749400e-01   3.1092830e-01   1.3216700e+04   0.0000000e+00
  -5.1647870e-01   3.1440640e-01   1.3218200e+04   0.0000000e+00
  -5.1547420e-01   3.1288340e-01   1.3218200e+04   0.0000000e+00
  -5.1449130e-01   3.1576730e-01   1.3218900e+04   0.0000000e+00
  -5.1349750e-01   3.1421190e-01   1.3220400e+04   0.0000000e+00
  -5.1248220e-01   3.1413630e-01   1.3221100e+04   0.0000000e+00
  -5.1148850e-01   3.1547570e-01   1.3221900e+04   0.0000000e+00
  -5.1048400e-01   3.1965580e-01   1.3222600e+04   0.0000000e+00
  -5.0949020e-01   3.1713910e-01   1.3223400e+04   0.0000000e+00
  -5.0848570e-01   3.1864050e-01   1.3224100e+04   0.0000000e+00
  -5.0751360e-01   3.2075760e-01   1.3224900e+04   0.0000000e+00
  -5.0647660e-01   3.2252900e-01   1.3226400e+04   0.0000000e+00
  -5.0546130e-01   3.2322030e-01   1.3227100e+04   0.0000000e+00
  -5.0445680e-01   3.2392240e-01   1.3228600e+04   0.0000000e+00
  -5.0349550e-01   3.2593140e-01   1.3229300e+04   0.0000000e+00
  -5.0248010e-01   3.2881540e-01   1.3230100e+04   0.0000000e+00
  -5.0147560e-01   3.2780010e-01   1.3230800e+04   0.0000000e+00
  -5.0047110e-01   3.3005750e-01   1.3231600e+04   0.0000000e+00
  -4.9948820e-01   3.3196940e-01   1.3232300e+04   0.0000000e+00
  -4.9848360e-01   3.3156970e-01   1.3233100e+04   0.0000000e+00
  -4.9747910e-01   3.3374080e-01   1.3233100e+04   0.0000000e+00
  -4.9648540e-01   3.3672200e-01   1.3233800e+04   0.0000000e+00
  -4.9549170e-01   3.4205790e-01   1.3234600e+04   0.0000000e+00
  -4.9447630e-01   3.3660320e-01   1.3234600e+04   0.0000000e+00
  -4.9346100e-01   3.4227390e-01   1.3235300e+04   0.0000000e+00
  -4.9247810e-01   3.3940070e-01   1.3236000e+04   0.0000000e+00
  -4.9148440e-01   3.4088050e-01   1.3236800e+04   0.0000000e+00
  -4.9045820e-01   3.4175540e-01   1.3238300e+04   0.0000000e+00
  -4.8945370e-01   3.4369970e-01   1.3239000e+04   0.0000000e+00
  -4.8848160e-01   3.4372130e-01   1.3240500e+04   0.0000000e+00
  -4.8746620e-01   3.4269510e-01   1.3241300e+04   0.0000000e+00
  -4.8645090e-01   3.4692930e-01   1.3242000e+04   0.0000000e+00
  -4.8548960e-01   3.4641080e-01   1.3242800e+04   0.0000000e+00
  -4.8447430e-01   3.4780420e-01   1.3243500e+04   0.0000000e+00
  -4.8346970e-01   3.4819300e-01   1.3244200e+04   0.0000000e+00
  -4.8246520e-01   3.5059090e-01   1.3245000e+04   0.0000000e+00
  -4.8147150e-01   3.5285920e-01   1.3246500e+04   0.0000000e+00
  -4.8047780e-01   3.5765500e-01   1.3248000e+04   0.0000000e+00
  -4.7947320e-01   3.5865960e-01   1.3248700e+04   0.0000000e+00
  -4.7845790e-01   3.6380100e-01   1.3249500e+04   0.0000000e+00
  -4.7746420e-01   3.6346620e-01   1.3249500e+04   0.0000000e+00
  -4.7647050e-01   3.6720340e-01   1.3250200e+04   0.0000000e+00
  -4.7545510e-01   3.6825120e-01   1.3250200e+04   0.0000000e+00
  -4.7447220e-01   3.6988220e-01   1.3251000e+04   0.0000000e+00
  -4.7346770e-01   3.6720340e-01   1.3251700e+04   0.0000000e+00
  -4.7246310e-01   3.7391110e-01   1.3252400e+04   0.0000000e+00
  -4.7145860e-01   3.7127560e-01   1.3252400e+04   0.0000000e+00
  -4.7045410e-01   3.7122150e-01   1.3253200e+04   0.0000000e+00
  -4.6946040e-01   3.7321980e-01   1.3253900e+04   0.0000000e+00
  -4.6844500e-01   3.7644940e-01   1.3254700e+04   0.0000000e+00
  -4.6744050e-01   3.7707590e-01   1.3255400e+04   0.0000000e+00
  -4.6646840e-01   3.7884730e-01   1.3256200e+04   0.0000000e+00
  -4.6544230e-01   3.7984100e-01   1.3256200e+04   0.0000000e+00
  -4.6443770e-01   3.8302740e-01   1.3257700e+04   0.0000000e+00
  -4.6347640e-01   3.8151520e-01   1.3259100e+04   0.0000000e+00
  -4.6246110e-01   3.8433440e-01   1.3260600e+04   0.0000000e+00
  -4.6144580e-01   3.8610580e-01   1.3262100e+04   0.0000000e+00
  -4.6045200e-01   3.8622460e-01   1.3262100e+04   0.0000000e+00
  -4.5945830e-01   3.9035080e-01   1.3263600e+04   0.0000000e+00
  -4.5845380e-01   3.9067480e-01   1.3264400e+04   0.0000000e+00
  -4.5744920e-01   3.9383960e-01   1.3265900e+04   0.0000000e+00
  -4.5644470e-01   3.8947590e-01   1.3266600e+04   0.0000000e+00
  -4.5544020e-01   3.9614030e-01   1.3267300e+04   0.0000000e+00
  -4.5445730e-01   3.9770650e-01   1.3268100e+04   0.0000000e+00
  -4.5343110e-01   3.9549220e-01   1.3268800e+04   0.0000000e+00
  -4.5244820e-01   3.9588110e-01   1.3269600e+04   0.0000000e+00
  -4.5145450e-01   3.9909990e-01   1.3270300e+04   0.0000000e+00
  -4.5045000e-01   3.9816020e-01   1.3271800e+04   0.0000000e+00
  -4.4944540e-01   3.9820340e-01   1.3272600e+04   0.0000000e+00
  -4.4845170e-01   4.0064450e-01   1.3272600e+04   0.0000000e+00
  -4.4744720e-01   4.0607760e-01   1.3273300e+04   0.0000000e+00
  -4.4645350e-01   4.0621800e-01   1.3273300e+04   0.0000000e+00
  -4.4543810e-01   4.0647720e-01   1.3274000e+04   0.0000000e+00
  -4.4445520e-01   4.1176990e-01   1.3274800e+04   0.0000000e+00
  -4.4345070e-01   4.1580960e-01   1.3275500e+04   0.0000000e+00
  -4.4243540e-01   4.1464300e-01   1.3276300e+04   0.0000000e+00
  -4.4145240e-01   4.1498870e-01   1.3277800e+04   0.0000000e+00
  -4.4043710e-01   4.1934160e-01   1.3278500e+04   0.0000000e+00
  -4.3943260e-01   4.2067040e-01   1.3280000e+04   0.0000000e+00
  -4.3841720e-01   4.2367320e-01   1.3280800e+04   0.0000000e+00
  -4.3745590e-01   4.2335990e-01   1.3281500e+04   0.0000000e+00
  -4.3645140e-01   4.2854460e-01   1.3281500e+04   0.0000000e+00
  -4.3543610e-01   4.2857700e-01   1.3282200e+04   0.0000000e+00
  -4.3442070e-01   4.3439890e-01   1.3283000e+04   0.0000000e+00
  -4.3343780e-01   4.3227110e-01   1.3284500e+04   0.0000000e+00
  -4.3242250e-01   4.3815780e-01   1.3285200e+04   0.0000000e+00
  -4.3142880e-01   4.4017770e-01   1.3286700e+04   0.0000000e+00
  -4.3040260e-01   4.4013450e-01   1.3287500e+04   0.0000000e+00
  -4.2943050e-01   4.4241350e-01   1.3288900e+04   0.0000000e+00
  -4.2843680e-01   4.4042610e-01   1.3289700e+04   0.0000000e+00
  -4.2743230e-01   4.4633440e-01   1.3291200e+04   0.0000000e+00
  -4.2644930e-01   4.4597800e-01   1.3292700e+04   0.0000000e+00
  -4.2543400e-01   4.5410060e-01   1.3293400e+04   0.0000000e+00
  -4.2442950e-01   4.5392780e-01   1.3294200e+04   0.0000000e+00
  -4.2342490e-01   4.5730860e-01   1.3294200e+04   0.0000000e+00
  -4.2243120e-01   4.6064630e-01   1.3294900e+04   0.0000000e+00
  -4.2142670e-01   4.5636890e-01   1.3294900e+04   0.0000000e+00
  -4.2042220e-01   4.6290370e-01   1.3295700e+04   0.0000000e+00
  -4.1941760e-01   4.6552850e-01   1.3296400e+04   0.0000000e+00
  -4.1842390e-01   4.6323860e-01   1.3297100e+04   0.0000000e+00
  -4.1743020e-01   4.6845560e-01   1.3297900e+04   0.0000000e+00
  -4.1642570e-01   4.6906050e-01   1.3297900e+04   0.0000000e+00
  -4.1543190e-01   4.7129640e-01   1.3298600e+04   0.0000000e+00
  -4.1441660e-01   4.6911450e-01   1.3299400e+04   0.0000000e+00
  -4.1341210e-01   4.7666470e-01   1.3300100e+04   0.0000000e+00
  -4.1241820e-01   4.7819850e-01   1.3300100e+04   0.0000000e+00
  -4.1141360e-01   4.7947300e-01   1.3300900e+04   0.0000000e+00
  -4.1041990e-01   4.8075840e-01   1.3301600e+04   0.0000000e+00
  -4.0942620e-01   4.8255140e-01   1.3301600e+04   0.0000000e+00
  -4.0841080e-01   4.8443090e-01   1.3303100e+04   0.0000000e+00
  -4.0741710e-01   4.8618070e-01   1.3303100e+04   0.0000000e+00
  -4.0641260e-01   4.8849220e-01   1.3303800e+04   0.0000000e+00
  -4.0540810e-01   4.8976670e-01   1.3305300e+04   0.0000000e+00
  -4.0441430e-01   4.9145170e-01   1.3306100e+04   0.0000000e+00
  -4.0339900e-01   4.9413050e-01   1.3306800e+04   0.0000000e+00
  -4.0240530e-01   5.0060050e-01   1.3308300e+04   0.0000000e+00
  -4.0141160e-01   4.9824580e-01   1.3309800e+04   0.0000000e+00
  -4.0041780e-01   5.0193990e-01   1.3310600e+04   0.0000000e+00
