   1.2010000e+03   2.0000000e-04   1.0000000e-07
  -4.0046501e+00  -3.3476253e+00   1.1494800e+04   0.0000000e+00
  -3.9996707e+00  -3.3346529e+00   1.1494800e+04   0.0000000e+00
  -3.9947021e+00  -3.3273620e+00   1.1495500e+04   0.0000000e+00
  -3.9897442e+00  -3.3179540e+00   1.1497000e+04   0.0000000e+00
  -3.9847540e+00  -3.3057484e+00   1.1497800e+04   0.0000000e+00
  -3.9797746e+00  -3.2975178e+00   1.1498500e+04   0.0000000e+00
  -3.9747846e+00  -3.2888659e+00   1.1500000e+04   0.0000000e+00
  -3.9697835e+00  -3.2772544e+00   1.1500800e+04   0.0000000e+00
  -3.9647825e+00  -3.2673064e+00   1.1501500e+04   0.0000000e+00
  -3.9597923e+00  -3.2610092e+00   1.1502300e+04   0.0000000e+00
  -3.9544456e+00  -3.2476155e+00   1.1503000e+04   0.0000000e+00
  -3.9494446e+00  -3.2382938e+00   1.1503700e+04   0.0000000e+00
  -3.9444867e+00  -3.2292747e+00   1.1504500e+04   0.0000000e+00
  -3.9395181e+00  -3.2205904e+00   1.1504500e+04   0.0000000e+00
  -3.9345387e+00  -3.2094110e+00   1.1505200e+04   0.0000000e+00
  -3.9295700e+00  -3.2000030e+00   1.1506000e+04   0.0000000e+00
  -3.9245906e+00  -3.1900009e+00   1.1506000e+04   0.0000000e+00
  -3.9196220e+00  -3.1805281e+00   1.1506700e+04   0.0000000e+00
  -3.9146426e+00  -3.1710229e+00   1.1506700e+04   0.0000000e+00
  -3.9096739e+00  -3.1622954e+00   1.1507500e+04   0.0000000e+00
  -3.9046729e+00  -3.1517425e+00   1.1508200e+04   0.0000000e+00
  -3.8996611e+00  -3.1449808e+00   1.1509000e+04   0.0000000e+00
  -3.8943144e+00  -3.1339743e+00   1.1510400e+04   0.0000000e+00
  -3.8893566e+00  -3.1250200e+00   1.1511200e+04   0.0000000e+00
  -3.8844095e+00  -3.1141862e+00   1.1512700e+04   0.0000000e+00
  -3.8794193e+00  -3.1053399e+00   1.1513400e+04   0.0000000e+00
  -3.8744291e+00  -3.0938040e+00   1.1514200e+04   0.0000000e+00
  -3.8694495e+00  -3.0839100e+00   1.1515700e+04   0.0000000e+00
  -3.8645025e+00  -3.0748368e+00   1.1516400e+04   0.0000000e+00
  -3.8594691e+00  -3.0664010e+00   1.1517900e+04   0.0000000e+00
  -3.8544788e+00  -3.0591965e+00   1.1519400e+04   0.0000000e+00
  -3.8495318e+00  -3.0490756e+00   1.1520100e+04   0.0000000e+00
  -3.8445416e+00  -3.0399052e+00   1.1520900e+04   0.0000000e+00
  -3.8395298e+00  -3.0310807e+00   1.1521600e+04   0.0000000e+00
  -3.8342587e+00  -3.0229797e+00   1.1522400e+04   0.0000000e+00
  -3.8292901e+00  -3.0168553e+00   1.1522400e+04   0.0000000e+00
  -3.8243322e+00  -3.0093268e+00   1.1523100e+04   0.0000000e+00
  -3.8193420e+00  -3.0026407e+00   1.1523900e+04   0.0000000e+00
  -3.8143626e+00  -2.9918826e+00   1.1524600e+04   0.0000000e+00
  -3.8094047e+00  -2.9855422e+00   1.1524600e+04   0.0000000e+00
  -3.8044361e+00  -2.9789857e+00   1.1525300e+04   0.0000000e+00
  -3.7994783e+00  -2.9684328e+00   1.1525300e+04   0.0000000e+00
  -3.7944989e+00  -2.9588088e+00   1.1526100e+04   0.0000000e+00
  -3.7894762e+00  -2.9521011e+00   1.1526800e+04   0.0000000e+00
  -3.7845508e+00  -2.9444646e+00   1.1527600e+04   0.0000000e+00
  -3.7791609e+00  -2.9364607e+00   1.1528300e+04   0.0000000e+00
  -3.7741815e+00  -2.9294939e+00   1.1529800e+04   0.0000000e+00
  -3.7692237e+00  -2.9214467e+00   1.1530600e+04   0.0000000e+00
  -3.7642444e+00  -2.9141990e+00   1.1532100e+04   0.0000000e+00
  -3.7592650e+00  -2.9043482e+00   1.1532800e+04   0.0000000e+00
  -3.7543072e+00  -2.8979322e+00   1.1533500e+04   0.0000000e+00
  -3.7493061e+00  -2.8907061e+00   1.1534300e+04   0.0000000e+00
  -3.7444131e+00  -2.8830371e+00   1.1535000e+04   0.0000000e+00
  -3.7394229e+00  -2.8745040e+00   1.1536500e+04   0.0000000e+00
  -3.7344759e+00  -2.8669863e+00   1.1537300e+04   0.0000000e+00
  -3.7294748e+00  -2.8582588e+00   1.1537300e+04   0.0000000e+00
  -3.7245494e+00  -2.8520156e+00   1.1538000e+04   0.0000000e+00
  -3.7191271e+00  -2.8454915e+00   1.1538000e+04   0.0000000e+00
  -3.7141585e+00  -2.8382654e+00   1.1538800e+04   0.0000000e+00
  -3.7092007e+00  -2.8302184e+00   1.1539500e+04   0.0000000e+00
  -3.7042104e+00  -2.8205945e+00   1.1539500e+04   0.0000000e+00
  -3.6992310e+00  -2.8139841e+00   1.1541000e+04   0.0000000e+00
  -3.6942408e+00  -2.8081513e+00   1.1542500e+04   0.0000000e+00
  -3.6893046e+00  -2.8000503e+00   1.1544000e+04   0.0000000e+00
  -3.6843251e+00  -2.7937423e+00   1.1544700e+04   0.0000000e+00
  -3.6793349e+00  -2.7857601e+00   1.1545500e+04   0.0000000e+00
  -3.6743879e+00  -2.7801974e+00   1.1545500e+04   0.0000000e+00
  -3.6693868e+00  -2.7726472e+00   1.1545500e+04   0.0000000e+00
  -3.6643966e+00  -2.7644274e+00   1.1545500e+04   0.0000000e+00
  -3.6590608e+00  -2.7582490e+00   1.1546200e+04   0.0000000e+00
  -3.6540922e+00  -2.7523083e+00   1.1547000e+04   0.0000000e+00
  -3.6491128e+00  -2.7454818e+00   1.1547700e+04   0.0000000e+00
  -3.6441225e+00  -2.7376616e+00   1.1547700e+04   0.0000000e+00
  -3.6391647e+00  -2.7310512e+00   1.1548400e+04   0.0000000e+00
  -3.6341853e+00  -2.7218484e+00   1.1548400e+04   0.0000000e+00
  -3.6292383e+00  -2.7188779e+00   1.1549200e+04   0.0000000e+00
  -3.6242588e+00  -2.7099668e+00   1.1550700e+04   0.0000000e+00
  -3.6192578e+00  -2.7015093e+00   1.1551400e+04   0.0000000e+00
  -3.6142676e+00  -2.6962599e+00   1.1552200e+04   0.0000000e+00
  -3.6093205e+00  -2.6911724e+00   1.1552200e+04   0.0000000e+00
  -3.6043195e+00  -2.6828230e+00   1.1553700e+04   0.0000000e+00
  -3.5989620e+00  -2.6755321e+00   1.1554400e+04   0.0000000e+00
  -3.5939502e+00  -2.6686300e+00   1.1555200e+04   0.0000000e+00
  -3.5890140e+00  -2.6612202e+00   1.1555900e+04   0.0000000e+00
  -3.5840237e+00  -2.6550851e+00   1.1557400e+04   0.0000000e+00
  -3.5790767e+00  -2.6461091e+00   1.1558100e+04   0.0000000e+00
  -3.5740649e+00  -2.6403412e+00   1.1558100e+04   0.0000000e+00
  -3.5690963e+00  -2.6342276e+00   1.1558900e+04   0.0000000e+00
  -3.5641276e+00  -2.6278008e+00   1.1559600e+04   0.0000000e+00
  -3.5591698e+00  -2.6222273e+00   1.1560400e+04   0.0000000e+00
  -3.5542228e+00  -2.6129274e+00   1.1561100e+04   0.0000000e+00
  -3.5492541e+00  -2.6048588e+00   1.1561900e+04   0.0000000e+00
  -3.5442747e+00  -2.5986048e+00   1.1562600e+04   0.0000000e+00
  -3.5389820e+00  -2.5901798e+00   1.1564100e+04   0.0000000e+00
  -3.5339594e+00  -2.5847359e+00   1.1564800e+04   0.0000000e+00
  -3.5290448e+00  -2.5767645e+00   1.1564800e+04   0.0000000e+00
  -3.5240654e+00  -2.5711261e+00   1.1566300e+04   0.0000000e+00
  -3.5190319e+00  -2.5627875e+00   1.1567100e+04   0.0000000e+00
  -3.5140633e+00  -2.5578729e+00   1.1567800e+04   0.0000000e+00
  -3.5090515e+00  -2.5488753e+00   1.1567800e+04   0.0000000e+00
  -3.5040612e+00  -2.5417032e+00   1.1568600e+04   0.0000000e+00
  -3.4991682e+00  -2.5358057e+00   1.1570100e+04   0.0000000e+00
  -3.4941888e+00  -2.5313447e+00   1.1570800e+04   0.0000000e+00
  -3.4892093e+00  -2.5230385e+00   1.1570800e+04   0.0000000e+00
  -3.4838195e+00  -2.5156827e+00   1.1571500e+04   0.0000000e+00
  -3.4788616e+00  -2.5100011e+00   1.1571500e+04   0.0000000e+00
  -3.4738498e+00  -2.5031639e+00   1.1572300e+04   0.0000000e+00
  -3.4689244e+00  -2.4964562e+00   1.1572300e+04   0.0000000e+00
  -3.4639342e+00  -2.4905047e+00   1.1573000e+04   0.0000000e+00
  -3.4589547e+00  -2.4846287e+00   1.1573000e+04   0.0000000e+00
  -3.4539645e+00  -2.4778346e+00   1.1573800e+04   0.0000000e+00
  -3.4489960e+00  -2.4725420e+00   1.1574500e+04   0.0000000e+00
  -3.4440057e+00  -2.4637389e+00   1.1575300e+04   0.0000000e+00
  -3.4390695e+00  -2.4549250e+00   1.1576000e+04   0.0000000e+00
  -3.4340901e+00  -2.4504532e+00   1.1577500e+04   0.0000000e+00
  -3.4291431e+00  -2.4440912e+00   1.1577500e+04   0.0000000e+00
  -3.4237640e+00  -2.4361090e+00   1.1578200e+04   0.0000000e+00
  -3.4187845e+00  -2.4306867e+00   1.1579000e+04   0.0000000e+00
  -3.4138051e+00  -2.4273599e+00   1.1580500e+04   0.0000000e+00
  -3.4088365e+00  -2.4191184e+00   1.1581200e+04   0.0000000e+00
  -3.4038895e+00  -2.4151867e+00   1.1582000e+04   0.0000000e+00
  -3.3988992e+00  -2.4084467e+00   1.1582700e+04   0.0000000e+00
  -3.3939090e+00  -2.3991576e+00   1.1583500e+04   0.0000000e+00
  -3.3889296e+00  -2.3934005e+00   1.1583500e+04   0.0000000e+00
  -3.3839717e+00  -2.3870493e+00   1.1583500e+04   0.0000000e+00
  -3.3789707e+00  -2.3794343e+00   1.1584200e+04   0.0000000e+00
  -3.3740345e+00  -2.3747357e+00   1.1585000e+04   0.0000000e+00
  -3.3690443e+00  -2.3651225e+00   1.1585000e+04   0.0000000e+00
  -3.3637300e+00  -2.3587605e+00   1.1585700e+04   0.0000000e+00
  -3.3587398e+00  -2.3551096e+00   1.1586400e+04   0.0000000e+00
  -3.3537603e+00  -2.3480455e+00   1.1587900e+04   0.0000000e+00
  -3.3487811e+00  -2.3422992e+00   1.1588700e+04   0.0000000e+00
  -3.3438125e+00  -2.3356348e+00   1.1589400e+04   0.0000000e+00
  -3.3388438e+00  -2.3265724e+00   1.1590200e+04   0.0000000e+00
  -3.3338752e+00  -2.3218522e+00   1.1590200e+04   0.0000000e+00
  -3.3288742e+00  -2.3148097e+00   1.1590200e+04   0.0000000e+00
  -3.3239271e+00  -2.3091606e+00   1.1590900e+04   0.0000000e+00
  -3.3189693e+00  -2.3038788e+00   1.1590900e+04   0.0000000e+00
  -3.3139683e+00  -2.2953890e+00   1.1590200e+04   0.0000000e+00
  -3.3090537e+00  -2.2904203e+00   1.1590200e+04   0.0000000e+00
  -3.3036530e+00  -2.2822977e+00   1.1590900e+04   0.0000000e+00
  -3.2986736e+00  -2.2755577e+00   1.1590900e+04   0.0000000e+00
  -3.2937049e+00  -2.2709779e+00   1.1592400e+04   0.0000000e+00
  -3.2887147e+00  -2.2647455e+00   1.1593100e+04   0.0000000e+00
  -3.2837461e+00  -2.2582323e+00   1.1593900e+04   0.0000000e+00
  -3.2787666e+00  -2.2532096e+00   1.1595400e+04   0.0000000e+00
  -3.2738196e+00  -2.2464912e+00   1.1596900e+04   0.0000000e+00
  -3.2688294e+00  -2.2372776e+00   1.1597600e+04   0.0000000e+00
  -3.2638283e+00  -2.2324278e+00   1.1599100e+04   0.0000000e+00
  -3.2589137e+00  -2.2256230e+00   1.1599900e+04   0.0000000e+00
  -3.2539127e+00  -2.2182996e+00   1.1600600e+04   0.0000000e+00
  -3.2489333e+00  -2.2128773e+00   1.1601300e+04   0.0000000e+00
  -3.2435973e+00  -2.2066017e+00   1.1602100e+04   0.0000000e+00
  -3.2386071e+00  -2.2019356e+00   1.1602100e+04   0.0000000e+00
  -3.2336060e+00  -2.1937696e+00   1.1602800e+04   0.0000000e+00
  -3.2286482e+00  -2.1869432e+00   1.1603600e+04   0.0000000e+00
  -3.2237012e+00  -2.1819961e+00   1.1604300e+04   0.0000000e+00
  -3.2187109e+00  -2.1747052e+00   1.1605100e+04   0.0000000e+00
  -3.2137639e+00  -2.1697582e+00   1.1605800e+04   0.0000000e+00
  -3.2087737e+00  -2.1630181e+00   1.1606600e+04   0.0000000e+00
  -3.2037727e+00  -2.1567101e+00   1.1608100e+04   0.0000000e+00
  -3.1987824e+00  -2.1511474e+00   1.1608800e+04   0.0000000e+00
  -3.1937814e+00  -2.1521952e+00   1.1608800e+04   0.0000000e+00
  -3.1885103e+00  -2.1433380e+00   1.1609500e+04   0.0000000e+00
  -3.1835309e+00  -2.1367600e+00   1.1610300e+04   0.0000000e+00
  -3.1785515e+00  -2.1295015e+00   1.1611000e+04   0.0000000e+00
  -3.1735720e+00  -2.1241872e+00   1.1611000e+04   0.0000000e+00
  -3.1685710e+00  -2.1187649e+00   1.1611800e+04   0.0000000e+00
  -3.1636672e+00  -2.1140663e+00   1.1612500e+04   0.0000000e+00
  -3.1586337e+00  -2.1074235e+00   1.1613300e+04   0.0000000e+00
  -3.1536759e+00  -2.1038267e+00   1.1614000e+04   0.0000000e+00
  -3.1487289e+00  -2.0964601e+00   1.1615500e+04   0.0000000e+00
  -3.1437171e+00  -2.0906058e+00   1.1615500e+04   0.0000000e+00
  -3.1387161e+00  -2.0847839e+00   1.1616200e+04   0.0000000e+00
  -3.1338231e+00  -2.0781087e+00   1.1617000e+04   0.0000000e+00
  -3.1284332e+00  -2.0706558e+00   1.1617700e+04   0.0000000e+00
  -3.1234538e+00  -2.0656115e+00   1.1617700e+04   0.0000000e+00
  -3.1184852e+00  -2.0605133e+00   1.1617000e+04   0.0000000e+00
  -3.1135273e+00  -2.0534600e+00   1.1616200e+04   0.0000000e+00
  -3.1085263e+00  -2.0477893e+00   1.1617000e+04   0.0000000e+00
  -3.1035469e+00  -2.0402391e+00   1.1617000e+04   0.0000000e+00
  -3.0985999e+00  -2.0340823e+00   1.1617700e+04   0.0000000e+00
  -3.0936312e+00  -2.0265214e+00   1.1618500e+04   0.0000000e+00
  -3.0886086e+00  -2.0212395e+00   1.1620000e+04   0.0000000e+00
  -3.0836292e+00  -2.0164329e+00   1.1620700e+04   0.0000000e+00
  -3.0786929e+00  -2.0089368e+00   1.1621500e+04   0.0000000e+00
  -3.0737567e+00  -2.0054695e+00   1.1622200e+04   0.0000000e+00
  -3.0683992e+00  -1.9969256e+00   1.1623000e+04   0.0000000e+00
  -3.0634306e+00  -1.9931560e+00   1.1623700e+04   0.0000000e+00
  -3.0584404e+00  -1.9879389e+00   1.1624400e+04   0.0000000e+00
  -3.0534717e+00  -1.9845471e+00   1.1625200e+04   0.0000000e+00
  -3.0484923e+00  -1.9782283e+00   1.1625900e+04   0.0000000e+00
  -3.0435129e+00  -1.9722227e+00   1.1626700e+04   0.0000000e+00
  -3.0385551e+00  -1.9652018e+00   1.1626700e+04   0.0000000e+00
  -3.0335542e+00  -1.9599848e+00   1.1627400e+04   0.0000000e+00
  -3.0285964e+00  -1.9525858e+00   1.1628200e+04   0.0000000e+00
  -3.0236170e+00  -1.9467639e+00   1.1628200e+04   0.0000000e+00
  -3.0186699e+00  -1.9402291e+00   1.1628200e+04   0.0000000e+00
  -3.0136689e+00  -1.9349904e+00   1.1628200e+04   0.0000000e+00
  -3.0083654e+00  -1.9286608e+00   1.1629700e+04   0.0000000e+00
  -3.0034184e+00  -1.9245239e+00   1.1630400e+04   0.0000000e+00
  -2.9984282e+00  -1.9197497e+00   1.1631900e+04   0.0000000e+00
  -2.9934596e+00  -1.9112814e+00   1.1632600e+04   0.0000000e+00
  -2.9884909e+00  -1.9077386e+00   1.1634100e+04   0.0000000e+00
  -2.9834683e+00  -1.9007069e+00   1.1634900e+04   0.0000000e+00
  -2.9784673e+00  -1.8961271e+00   1.1636400e+04   0.0000000e+00
  -2.9734986e+00  -1.8895923e+00   1.1637100e+04   0.0000000e+00
  -2.9685300e+00  -1.8820205e+00   1.1637900e+04   0.0000000e+00
  -2.9635290e+00  -1.8770952e+00   1.1638600e+04   0.0000000e+00
  -2.9585387e+00  -1.8714569e+00   1.1639300e+04   0.0000000e+00
  -2.9536457e+00  -1.8646304e+00   1.1639300e+04   0.0000000e+00
  -2.9482774e+00  -1.8587761e+00   1.1640100e+04   0.0000000e+00
  -2.9433196e+00  -1.8529433e+00   1.1640800e+04   0.0000000e+00
  -2.9383510e+00  -1.8472186e+00   1.1640800e+04   0.0000000e+00
  -2.9333500e+00  -1.8405866e+00   1.1641600e+04   0.0000000e+00
  -2.9283488e+00  -1.8327556e+00   1.1642300e+04   0.0000000e+00
  -2.9234126e+00  -1.8310922e+00   1.1642300e+04   0.0000000e+00
  -2.9184548e+00  -1.8237256e+00   1.1642300e+04   0.0000000e+00
  -2.9134321e+00  -1.8201072e+00   1.1642300e+04   0.0000000e+00
  -2.9084959e+00  -1.8142960e+00   1.1643100e+04   0.0000000e+00
  -2.9034949e+00  -1.8076424e+00   1.1643800e+04   0.0000000e+00
  -2.8985154e+00  -1.8029762e+00   1.1644600e+04   0.0000000e+00
  -2.8931688e+00  -1.7979644e+00   1.1645300e+04   0.0000000e+00
  -2.8882325e+00  -1.7916024e+00   1.1646000e+04   0.0000000e+00
  -2.8832531e+00  -1.7860073e+00   1.1646800e+04   0.0000000e+00
  -2.8783061e+00  -1.7803365e+00   1.1646800e+04   0.0000000e+00
  -2.8733267e+00  -1.7734451e+00   1.1647500e+04   0.0000000e+00
  -2.8683256e+00  -1.7668130e+00   1.1648300e+04   0.0000000e+00
  -2.8633246e+00  -1.7614124e+00   1.1649000e+04   0.0000000e+00
  -2.8583776e+00  -1.7551152e+00   1.1649800e+04   0.0000000e+00
  -2.8533657e+00  -1.7500709e+00   1.1651300e+04   0.0000000e+00
  -2.8483539e+00  -1.7462148e+00   1.1652000e+04   0.0000000e+00
  -2.8433961e+00  -1.7388375e+00   1.1652000e+04   0.0000000e+00
  -2.8384166e+00  -1.7344521e+00   1.1652800e+04   0.0000000e+00
  -2.8331240e+00  -1.7276041e+00   1.1652800e+04   0.0000000e+00
  -2.8281446e+00  -1.7233483e+00   1.1652800e+04   0.0000000e+00
  -2.8231328e+00  -1.7161438e+00   1.1653500e+04   0.0000000e+00
  -2.8181642e+00  -1.7097926e+00   1.1653500e+04   0.0000000e+00
  -2.8131848e+00  -1.7061418e+00   1.1653500e+04   0.0000000e+00
  -2.8082269e+00  -1.7014000e+00   1.1654200e+04   0.0000000e+00
  -2.8032367e+00  -1.6951676e+00   1.1655000e+04   0.0000000e+00
  -2.7982897e+00  -1.6901773e+00   1.1655700e+04   0.0000000e+00
  -2.7933210e+00  -1.6835345e+00   1.1655700e+04   0.0000000e+00
  -2.7883416e+00  -1.6783390e+00   1.1655700e+04   0.0000000e+00
  -2.7833406e+00  -1.6740833e+00   1.1655700e+04   0.0000000e+00
  -2.7783828e+00  -1.6673326e+00   1.1656500e+04   0.0000000e+00
  -2.7729929e+00  -1.6643190e+00   1.1656500e+04   0.0000000e+00
  -2.7681323e+00  -1.6558291e+00   1.1657200e+04   0.0000000e+00
  -2.7631420e+00  -1.6527075e+00   1.1658000e+04   0.0000000e+00
  -2.7581734e+00  -1.6448549e+00   1.1658700e+04   0.0000000e+00
  -2.7531940e+00  -1.6409448e+00   1.1659500e+04   0.0000000e+00
  -2.7482145e+00  -1.6339995e+00   1.1660200e+04   0.0000000e+00
  -2.7432459e+00  -1.6273351e+00   1.1661000e+04   0.0000000e+00
  -2.7382557e+00  -1.6210811e+00   1.1662400e+04   0.0000000e+00
  -2.7333195e+00  -1.6170198e+00   1.1663200e+04   0.0000000e+00
  -2.7283508e+00  -1.6106686e+00   1.1663900e+04   0.0000000e+00
  -2.7233390e+00  -1.6067153e+00   1.1664700e+04   0.0000000e+00
  -2.7183487e+00  -1.5993272e+00   1.1664700e+04   0.0000000e+00
  -2.7130128e+00  -1.5956655e+00   1.1665400e+04   0.0000000e+00
  -2.7080118e+00  -1.5880937e+00   1.1665400e+04   0.0000000e+00
  -2.7030539e+00  -1.5838596e+00   1.1666200e+04   0.0000000e+00
  -2.6980961e+00  -1.5785237e+00   1.1666200e+04   0.0000000e+00
  -2.6931275e+00  -1.5745704e+00   1.1666900e+04   0.0000000e+00
  -2.6881264e+00  -1.5713516e+00   1.1667700e+04   0.0000000e+00
  -2.6831578e+00  -1.5636069e+00   1.1668400e+04   0.0000000e+00
  -2.6781460e+00  -1.5601613e+00   1.1669100e+04   0.0000000e+00
  -2.6731558e+00  -1.5513150e+00   1.1669100e+04   0.0000000e+00
  -2.6681655e+00  -1.5487011e+00   1.1669100e+04   0.0000000e+00
  -2.6631861e+00  -1.5407620e+00   1.1669900e+04   0.0000000e+00
  -2.6581959e+00  -1.5360851e+00   1.1669900e+04   0.0000000e+00
  -2.6529464e+00  -1.5297122e+00   1.1669900e+04   0.0000000e+00
  -2.6479670e+00  -1.5247976e+00   1.1670600e+04   0.0000000e+00
  -2.6429767e+00  -1.5192133e+00   1.1670600e+04   0.0000000e+00
  -2.6380621e+00  -1.5140071e+00   1.1671400e+04   0.0000000e+00
  -2.6330719e+00  -1.5100862e+00   1.1672100e+04   0.0000000e+00
  -2.6280708e+00  -1.5045019e+00   1.1672100e+04   0.0000000e+00
  -2.6230914e+00  -1.5004622e+00   1.1672100e+04   0.0000000e+00
  -2.6181012e+00  -1.4935493e+00   1.1672900e+04   0.0000000e+00
  -2.6131219e+00  -1.4879542e+00   1.1672900e+04   0.0000000e+00
  -2.6081532e+00  -1.4820134e+00   1.1673600e+04   0.0000000e+00
  -2.6032278e+00  -1.4756298e+00   1.1673600e+04   0.0000000e+00
  -2.5978271e+00  -1.4697647e+00   1.1674400e+04   0.0000000e+00
  -2.5928261e+00  -1.4670859e+00   1.1675100e+04   0.0000000e+00
  -2.5878791e+00  -1.4585529e+00   1.1675100e+04   0.0000000e+00
  -2.5829428e+00  -1.4556041e+00   1.1675900e+04   0.0000000e+00
  -2.5779742e+00  -1.4510351e+00   1.1675900e+04   0.0000000e+00
  -2.5730272e+00  -1.4444139e+00   1.1675900e+04   0.0000000e+00
  -2.5680262e+00  -1.4388296e+00   1.1676600e+04   0.0000000e+00
  -2.5630359e+00  -1.4341634e+00   1.1676600e+04   0.0000000e+00
  -2.5580673e+00  -1.4292379e+00   1.1677300e+04   0.0000000e+00
  -2.5531203e+00  -1.4246150e+00   1.1678100e+04   0.0000000e+00
  -2.5481516e+00  -1.4194951e+00   1.1678800e+04   0.0000000e+00
  -2.5431506e+00  -1.4146345e+00   1.1678800e+04   0.0000000e+00
  -2.5377931e+00  -1.4104220e+00   1.1679600e+04   0.0000000e+00
  -2.5328245e+00  -1.4027314e+00   1.1680300e+04   0.0000000e+00
  -2.5278667e+00  -1.4004955e+00   1.1681100e+04   0.0000000e+00
  -2.5229197e+00  -1.3931830e+00   1.1681800e+04   0.0000000e+00
  -2.5178754e+00  -1.3890893e+00   1.1682600e+04   0.0000000e+00
  -2.5128852e+00  -1.3829865e+00   1.1684000e+04   0.0000000e+00
  -2.5079057e+00  -1.3775318e+00   1.1684800e+04   0.0000000e+00
  -2.5029478e+00  -1.3725848e+00   1.1684800e+04   0.0000000e+00
  -2.4979468e+00  -1.3659635e+00   1.1685500e+04   0.0000000e+00
  -2.4929998e+00  -1.3637061e+00   1.1686300e+04   0.0000000e+00
  -2.4880095e+00  -1.3585322e+00   1.1687000e+04   0.0000000e+00
  -2.4830409e+00  -1.3537471e+00   1.1687800e+04   0.0000000e+00
  -2.4777374e+00  -1.3475039e+00   1.1689300e+04   0.0000000e+00
  -2.4727472e+00  -1.3452464e+00   1.1690000e+04   0.0000000e+00
  -2.4677354e+00  -1.3364865e+00   1.1691500e+04   0.0000000e+00
  -2.4628748e+00  -1.3346935e+00   1.1692200e+04   0.0000000e+00
  -2.4578737e+00  -1.3258904e+00   1.1693000e+04   0.0000000e+00
  -2.4528511e+00  -1.3224555e+00   1.1693700e+04   0.0000000e+00
  -2.4478501e+00  -1.3146462e+00   1.1693700e+04   0.0000000e+00
  -2.4429030e+00  -1.3126695e+00   1.1693700e+04   0.0000000e+00
  -2.4379020e+00  -1.3036720e+00   1.1693700e+04   0.0000000e+00
  -2.4329118e+00  -1.2977960e+00   1.1693700e+04   0.0000000e+00
  -2.4279647e+00  -1.2929030e+00   1.1693700e+04   0.0000000e+00
  -2.4229745e+00  -1.2894682e+00   1.1693700e+04   0.0000000e+00
  -2.4176926e+00  -1.2833222e+00   1.1693700e+04   0.0000000e+00
  -2.4126916e+00  -1.2792285e+00   1.1693700e+04   0.0000000e+00
  -2.4077554e+00  -1.2729313e+00   1.1694500e+04   0.0000000e+00
  -2.4027437e+00  -1.2682651e+00   1.1694500e+04   0.0000000e+00
  -2.3977534e+00  -1.2648303e+00   1.1694500e+04   0.0000000e+00
  -2.3928064e+00  -1.2587599e+00   1.1695200e+04   0.0000000e+00
  -2.3878162e+00  -1.2567292e+00   1.1696000e+04   0.0000000e+00
  -2.3828367e+00  -1.2488656e+00   1.1696700e+04   0.0000000e+00
  -2.3778465e+00  -1.2489520e+00   1.1697500e+04   0.0000000e+00
  -2.3728887e+00  -1.2416395e+00   1.1698200e+04   0.0000000e+00
  -2.3678984e+00  -1.2390688e+00   1.1699700e+04   0.0000000e+00
  -2.3629190e+00  -1.2338301e+00   1.1700400e+04   0.0000000e+00
  -2.3575507e+00  -1.2295096e+00   1.1700400e+04   0.0000000e+00
  -2.3525497e+00  -1.2216138e+00   1.1700400e+04   0.0000000e+00
  -2.3476243e+00  -1.2180817e+00   1.1700400e+04   0.0000000e+00
  -2.3427097e+00  -1.2137936e+00   1.1700400e+04   0.0000000e+00
  -2.3377086e+00  -1.2089222e+00   1.1700400e+04   0.0000000e+00
  -2.3327940e+00  -1.2042020e+00   1.1700400e+04   0.0000000e+00
  -2.3277822e+00  -1.1999354e+00   1.1700400e+04   0.0000000e+00
  -2.3228135e+00  -1.1985745e+00   1.1701200e+04   0.0000000e+00
  -2.3178557e+00  -1.1936382e+00   1.1701900e+04   0.0000000e+00
  -2.3128763e+00  -1.1891233e+00   1.1702700e+04   0.0000000e+00
  -2.3078212e+00  -1.1834850e+00   1.1703400e+04   0.0000000e+00
  -2.3025394e+00  -1.1778791e+00   1.1704200e+04   0.0000000e+00
  -2.2975817e+00  -1.1732021e+00   1.1704200e+04   0.0000000e+00
  -2.2925806e+00  -1.1683739e+00   1.1704200e+04   0.0000000e+00
  -2.2876120e+00  -1.1627895e+00   1.1704900e+04   0.0000000e+00
  -2.2826326e+00  -1.1583934e+00   1.1704900e+04   0.0000000e+00
  -2.2776423e+00  -1.1543753e+00   1.1705700e+04   0.0000000e+00
  -2.2726629e+00  -1.1538460e+00   1.1706400e+04   0.0000000e+00
  -2.2677159e+00  -1.1486614e+00   1.1707900e+04   0.0000000e+00
  -2.2627256e+00  -1.1437468e+00   1.1708600e+04   0.0000000e+00
  -2.2577354e+00  -1.1408953e+00   1.1709400e+04   0.0000000e+00
  -2.2527452e+00  -1.1348141e+00   1.1710100e+04   0.0000000e+00
  -2.2477982e+00  -1.1314117e+00   1.1710100e+04   0.0000000e+00
  -2.2424947e+00  -1.1268751e+00   1.1710100e+04   0.0000000e+00
  -2.2375585e+00  -1.1236995e+00   1.1710900e+04   0.0000000e+00
  -2.2324926e+00  -1.1174347e+00   1.1711600e+04   0.0000000e+00
  -2.2275348e+00  -1.1142591e+00   1.1711600e+04   0.0000000e+00
  -2.2225554e+00  -1.1074434e+00   1.1712400e+04   0.0000000e+00
  -2.2176515e+00  -1.1068386e+00   1.1712400e+04   0.0000000e+00
  -2.2126505e+00  -1.0989752e+00   1.1712400e+04   0.0000000e+00
  -2.2077251e+00  -1.0931100e+00   1.1712400e+04   0.0000000e+00
  -2.2027025e+00  -1.0891027e+00   1.1712400e+04   0.0000000e+00
  -2.1977446e+00  -1.0843933e+00   1.1713100e+04   0.0000000e+00
  -2.1927543e+00  -1.0799216e+00   1.1713100e+04   0.0000000e+00
  -2.1878181e+00  -1.0738512e+00   1.1713800e+04   0.0000000e+00
  -2.1824390e+00  -1.0673704e+00   1.1713800e+04   0.0000000e+00
  -2.1774488e+00  -1.0635575e+00   1.1714600e+04   0.0000000e+00
  -2.1725017e+00  -1.0615484e+00   1.1714600e+04   0.0000000e+00
  -2.1674899e+00  -1.0555753e+00   1.1715300e+04   0.0000000e+00
  -2.1625321e+00  -1.0520648e+00   1.1715300e+04   0.0000000e+00
  -2.1574986e+00  -1.0444283e+00   1.1716100e+04   0.0000000e+00
  -2.1524868e+00  -1.0412309e+00   1.1716800e+04   0.0000000e+00
  -2.1475074e+00  -1.0360138e+00   1.1716800e+04   0.0000000e+00
  -2.1425820e+00  -1.0334431e+00   1.1717600e+04   0.0000000e+00
  -2.1376133e+00  -1.0300191e+00   1.1718300e+04   0.0000000e+00
  -2.1325799e+00  -1.0256013e+00   1.1718300e+04   0.0000000e+00
  -2.1276545e+00  -1.0192609e+00   1.1719100e+04   0.0000000e+00
  -2.1223726e+00  -1.0142599e+00   1.1719100e+04   0.0000000e+00
  -2.1173608e+00  -1.0100689e+00   1.1719100e+04   0.0000000e+00
  -2.1124029e+00  -1.0065369e+00   1.1719800e+04   0.0000000e+00
  -2.1073371e+00  -1.0057268e+00   1.1719800e+04   0.0000000e+00
  -2.1024333e+00  -9.9839270e-01   1.1720600e+04   0.0000000e+00
  -2.0975079e+00  -9.9432050e-01   1.1721300e+04   0.0000000e+00
  -2.0925068e+00  -9.8926550e-01   1.1722000e+04   0.0000000e+00
  -2.0875707e+00  -9.8668400e-01   1.1722800e+04   0.0000000e+00
  -2.0826021e+00  -9.8104570e-01   1.1723500e+04   0.0000000e+00
  -2.0776334e+00  -9.7924180e-01   1.1723500e+04   0.0000000e+00
  -2.0726432e+00  -9.7326870e-01   1.1724300e+04   0.0000000e+00
  -2.0676530e+00  -9.6907780e-01   1.1725000e+04   0.0000000e+00
  -2.0623279e+00  -9.6222970e-01   1.1725000e+04   0.0000000e+00
  -2.0573269e+00  -9.5742310e-01   1.1725000e+04   0.0000000e+00
  -2.0523474e+00  -9.5157950e-01   1.1725800e+04   0.0000000e+00
  -2.0473680e+00  -9.4761540e-01   1.1725800e+04   0.0000000e+00
  -2.0424102e+00  -9.4423460e-01   1.1725800e+04   0.0000000e+00
  -2.0374524e+00  -9.4208510e-01   1.1725800e+04   0.0000000e+00
  -2.0324837e+00  -9.3614450e-01   1.1725800e+04   0.0000000e+00
  -2.0275367e+00  -9.3097060e-01   1.1726500e+04   0.0000000e+00
  -2.0225465e+00  -9.2869150e-01   1.1726500e+04   0.0000000e+00
  -2.0174806e+00  -9.2173550e-01   1.1728000e+04   0.0000000e+00
  -2.0125444e+00  -9.2084980e-01   1.1728800e+04   0.0000000e+00
  -2.0072409e+00  -9.1418530e-01   1.1729500e+04   0.0000000e+00
  -2.0022507e+00  -9.0938950e-01   1.1729500e+04   0.0000000e+00
  -1.9972713e+00  -9.0500410e-01   1.1729500e+04   0.0000000e+00
  -1.9923026e+00  -9.0163410e-01   1.1729500e+04   0.0000000e+00
  -1.9873232e+00  -8.9784280e-01   1.1730200e+04   0.0000000e+00
  -1.9823760e+00  -8.9374910e-01   1.1730200e+04   0.0000000e+00
  -1.9774074e+00  -8.8970940e-01   1.1731000e+04   0.0000000e+00
  -1.9724171e+00  -8.8561570e-01   1.1731000e+04   0.0000000e+00
  -1.9674269e+00  -8.8224570e-01   1.1731000e+04   0.0000000e+00
  -1.9623935e+00  -8.7853000e-01   1.1731000e+04   0.0000000e+00
  -1.9574140e+00  -8.7455510e-01   1.1731000e+04   0.0000000e+00
  -1.9524886e+00  -8.7106630e-01   1.1731000e+04   0.0000000e+00
  -1.9471527e+00  -8.6683210e-01   1.1731000e+04   0.0000000e+00
  -1.9421841e+00  -8.6175550e-01   1.1731700e+04   0.0000000e+00
  -1.9372155e+00  -8.5962760e-01   1.1732500e+04   0.0000000e+00
  -1.9322685e+00  -8.5478860e-01   1.1732500e+04   0.0000000e+00
  -1.9272566e+00  -8.5241230e-01   1.1733200e+04   0.0000000e+00
  -1.9222772e+00  -8.4669840e-01   1.1733200e+04   0.0000000e+00
  -1.9173194e+00  -8.4299350e-01   1.1734000e+04   0.0000000e+00
  -1.9122859e+00  -8.3874860e-01   1.1734000e+04   0.0000000e+00
  -1.9073389e+00  -8.3569180e-01   1.1734700e+04   0.0000000e+00
  -1.9023919e+00  -8.3034490e-01   1.1735500e+04   0.0000000e+00
  -1.8973692e+00  -8.2681290e-01   1.1735500e+04   0.0000000e+00
  -1.8924330e+00  -8.2364810e-01   1.1736200e+04   0.0000000e+00
  -1.8870323e+00  -8.1926270e-01   1.1736900e+04   0.0000000e+00
  -1.8820745e+00  -8.1473690e-01   1.1737700e+04   0.0000000e+00
  -1.8771168e+00  -8.1440210e-01   1.1738400e+04   0.0000000e+00
  -1.8721374e+00  -8.0955230e-01   1.1739200e+04   0.0000000e+00
  -1.8671579e+00  -8.0460530e-01   1.1739900e+04   0.0000000e+00
  -1.8621461e+00  -8.0211010e-01   1.1740700e+04   0.0000000e+00
  -1.8572099e+00  -7.9707670e-01   1.1740700e+04   0.0000000e+00
  -1.8523168e+00  -7.9261570e-01   1.1741400e+04   0.0000000e+00
  -1.8473266e+00  -7.9032580e-01   1.1742200e+04   0.0000000e+00
  -1.8423472e+00  -7.8562730e-01   1.1742200e+04   0.0000000e+00
  -1.8373894e+00  -7.8343460e-01   1.1742900e+04   0.0000000e+00
  -1.8324099e+00  -7.7925440e-01   1.1742900e+04   0.0000000e+00
  -1.8270308e+00  -7.7558200e-01   1.1742900e+04   0.0000000e+00
  -1.8221054e+00  -7.7238480e-01   1.1742900e+04   0.0000000e+00
  -1.8171260e+00  -7.6726490e-01   1.1743700e+04   0.0000000e+00
  -1.8121574e+00  -7.6360330e-01   1.1744400e+04   0.0000000e+00
  -1.8071887e+00  -7.5972560e-01   1.1745100e+04   0.0000000e+00
  -1.8021553e+00  -7.5707920e-01   1.1745900e+04   0.0000000e+00
  -1.7971867e+00  -7.5280190e-01   1.1746600e+04   0.0000000e+00
  -1.7922180e+00  -7.4884860e-01   1.1747400e+04   0.0000000e+00
  -1.7871954e+00  -7.4598620e-01   1.1747400e+04   0.0000000e+00
  -1.7822268e+00  -7.4290780e-01   1.1748100e+04   0.0000000e+00
  -1.7772474e+00  -7.3984030e-01   1.1748100e+04   0.0000000e+00
  -1.7723001e+00  -7.3481760e-01   1.1748100e+04   0.0000000e+00
  -1.7669643e+00  -7.3043230e-01   1.1748100e+04   0.0000000e+00
  -1.7620388e+00  -7.2472920e-01   1.1748100e+04   0.0000000e+00
  -1.7570486e+00  -7.2240690e-01   1.1748100e+04   0.0000000e+00
  -1.7520584e+00  -7.1902600e-01   1.1748100e+04   0.0000000e+00
  -1.7470465e+00  -7.1512670e-01   1.1748100e+04   0.0000000e+00
  -1.7420347e+00  -7.1161630e-01   1.1748100e+04   0.0000000e+00
  -1.7370769e+00  -7.0646400e-01   1.1748100e+04   0.0000000e+00
  -1.7321190e+00  -7.0314800e-01   1.1748100e+04   0.0000000e+00
  -1.7271504e+00  -6.9869790e-01   1.1748900e+04   0.0000000e+00
  -1.7221818e+00  -6.9685080e-01   1.1749600e+04   0.0000000e+00
  -1.7172240e+00  -6.9269230e-01   1.1750400e+04   0.0000000e+00
  -1.7118449e+00  -6.8825290e-01   1.1751100e+04   0.0000000e+00
  -1.7068330e+00  -6.8293870e-01   1.1751800e+04   0.0000000e+00
  -1.7018752e+00  -6.7851010e-01   1.1752600e+04   0.0000000e+00
  -1.6969174e+00  -6.7456760e-01   1.1752600e+04   0.0000000e+00
  -1.6919272e+00  -6.6945860e-01   1.1753300e+04   0.0000000e+00
  -1.6869477e+00  -6.6676900e-01   1.1754100e+04   0.0000000e+00
  -1.6819683e+00  -6.6347460e-01   1.1754100e+04   0.0000000e+00
  -1.6770105e+00  -6.5961850e-01   1.1754800e+04   0.0000000e+00
  -1.6721391e+00  -6.5671290e-01   1.1754800e+04   0.0000000e+00
  -1.6671489e+00  -6.5344010e-01   1.1755600e+04   0.0000000e+00
  -1.6621695e+00  -6.4901160e-01   1.1756300e+04   0.0000000e+00
  -1.6572117e+00  -6.4660290e-01   1.1756300e+04   0.0000000e+00
  -1.6518326e+00  -6.4247670e-01   1.1757100e+04   0.0000000e+00
  -1.6468856e+00  -6.3897710e-01   1.1757100e+04   0.0000000e+00
  -1.6418737e+00  -6.3499140e-01   1.1757800e+04   0.0000000e+00
  -1.6369051e+00  -6.3302560e-01   1.1757800e+04   0.0000000e+00
  -1.6319365e+00  -6.2808930e-01   1.1758600e+04   0.0000000e+00
  -1.6269786e+00  -6.2851060e-01   1.1758600e+04   0.0000000e+00
  -1.6219992e+00  -6.2334750e-01   1.1758600e+04   0.0000000e+00
  -1.6170198e+00  -6.1941560e-01   1.1758600e+04   0.0000000e+00
  -1.6120512e+00  -6.1576480e-01   1.1758600e+04   0.0000000e+00
  -1.6070393e+00  -6.1272960e-01   1.1758600e+04   0.0000000e+00
  -1.6020599e+00  -6.0950000e-01   1.1758600e+04   0.0000000e+00
  -1.5971021e+00  -6.0536310e-01   1.1759300e+04   0.0000000e+00
  -1.5917770e+00  -6.0207940e-01   1.1759300e+04   0.0000000e+00
  -1.5867976e+00  -5.9700280e-01   1.1759300e+04   0.0000000e+00
  -1.5818289e+00  -5.9414040e-01   1.1759300e+04   0.0000000e+00
  -1.5768495e+00  -5.9142930e-01   1.1758600e+04   0.0000000e+00
  -1.5718809e+00  -5.8997110e-01   1.1758600e+04   0.0000000e+00
  -1.5668690e+00  -5.8580180e-01   1.1757800e+04   0.0000000e+00
  -1.5618895e+00  -5.8359830e-01   1.1757800e+04   0.0000000e+00
  -1.5568993e+00  -5.8026070e-01   1.1757800e+04   0.0000000e+00
  -1.5519307e+00  -5.7525960e-01   1.1758600e+04   0.0000000e+00
  -1.5470376e+00  -5.7294820e-01   1.1759300e+04   0.0000000e+00
  -1.5420366e+00  -5.6873560e-01   1.1760000e+04   0.0000000e+00
  -1.5370788e+00  -5.6536560e-01   1.1760800e+04   0.0000000e+00
  -1.5316997e+00  -5.6157430e-01   1.1761500e+04   0.0000000e+00
  -1.5267311e+00  -5.5735100e-01   1.1762300e+04   0.0000000e+00
  -1.5217408e+00  -5.5391610e-01   1.1763000e+04   0.0000000e+00
  -1.5167938e+00  -5.5079460e-01   1.1764500e+04   0.0000000e+00
  -1.5118144e+00  -5.4748930e-01   1.1765300e+04   0.0000000e+00
  -1.5068458e+00  -5.4444340e-01   1.1766000e+04   0.0000000e+00
  -1.5018771e+00  -5.4096530e-01   1.1766700e+04   0.0000000e+00
  -1.4968761e+00  -5.3793010e-01   1.1766700e+04   0.0000000e+00
  -1.4919075e+00  -5.3370680e-01   1.1767500e+04   0.0000000e+00
  -1.4869388e+00  -5.3178410e-01   1.1767500e+04   0.0000000e+00
  -1.4819594e+00  -5.2694510e-01   1.1767500e+04   0.0000000e+00
  -1.4769692e+00  -5.2491450e-01   1.1767500e+04   0.0000000e+00
  -1.4716225e+00  -5.1947060e-01   1.1767500e+04   0.0000000e+00
  -1.4666431e+00  -5.1645710e-01   1.1767500e+04   0.0000000e+00
  -1.4616852e+00  -5.1286030e-01   1.1767500e+04   0.0000000e+00
  -1.4567058e+00  -5.0913380e-01   1.1767500e+04   0.0000000e+00
  -1.4517156e+00  -5.0531010e-01   1.1768200e+04   0.0000000e+00
  -1.4467470e+00  -5.0380870e-01   1.1769000e+04   0.0000000e+00
  -1.4418107e+00  -5.0015790e-01   1.1769700e+04   0.0000000e+00
  -1.4367881e+00  -4.9801920e-01   1.1770500e+04   0.0000000e+00
  -1.4318411e+00  -4.9324500e-01   1.1771200e+04   0.0000000e+00
  -1.4268292e+00  -4.9004780e-01   1.1772000e+04   0.0000000e+00
  -1.4218498e+00  -4.8666690e-01   1.1773500e+04   0.0000000e+00
  -1.4165679e+00  -4.8205480e-01   1.1773500e+04   0.0000000e+00
  -1.4115993e+00  -4.7908440e-01   1.1773500e+04   0.0000000e+00
  -1.4066415e+00  -4.7537950e-01   1.1774200e+04   0.0000000e+00
  -1.4016297e+00  -4.7191230e-01   1.1774200e+04   0.0000000e+00
  -1.3966610e+00  -4.6979520e-01   1.1774200e+04   0.0000000e+00
  -1.3916492e+00  -4.6573390e-01   1.1774900e+04   0.0000000e+00
  -1.3866698e+00  -4.6186700e-01   1.1774900e+04   0.0000000e+00
  -1.3816687e+00  -4.5834580e-01   1.1774900e+04   0.0000000e+00
  -1.3766785e+00  -4.5512700e-01   1.1775700e+04   0.0000000e+00
  -1.3717207e+00  -4.5258860e-01   1.1774900e+04   0.0000000e+00
  -1.3667952e+00  -4.5079560e-01   1.1774900e+04   0.0000000e+00
  -1.3618158e+00  -4.4663710e-01   1.1774900e+04   0.0000000e+00
  -1.3564690e+00  -4.4279180e-01   1.1775700e+04   0.0000000e+00
  -1.3514788e+00  -4.4010230e-01   1.1776400e+04   0.0000000e+00
  -1.3465210e+00  -4.3430190e-01   1.1777200e+04   0.0000000e+00
  -1.3415200e+00  -4.2987340e-01   1.1777900e+04   0.0000000e+00
  -1.3365621e+00  -4.2717300e-01   1.1778700e+04   0.0000000e+00
  -1.3315827e+00  -4.2464550e-01   1.1779400e+04   0.0000000e+00
  -1.3266249e+00  -4.2083260e-01   1.1780200e+04   0.0000000e+00
  -1.3216670e+00  -4.1711690e-01   1.1780200e+04   0.0000000e+00
  -1.3166444e+00  -4.1263420e-01   1.1780200e+04   0.0000000e+00
  -1.3116974e+00  -4.1004190e-01   1.1780200e+04   0.0000000e+00
  -1.3067179e+00  -4.0661780e-01   1.1780900e+04   0.0000000e+00
  -1.3017601e+00  -4.0355020e-01   1.1780900e+04   0.0000000e+00
  -1.2964675e+00  -3.9946730e-01   1.1780900e+04   0.0000000e+00
  -1.2914988e+00  -3.9611890e-01   1.1781600e+04   0.0000000e+00
  -1.2865194e+00  -3.9312690e-01   1.1781600e+04   0.0000000e+00
  -1.2815292e+00  -3.8969210e-01   1.1781600e+04   0.0000000e+00
  -1.2765389e+00  -3.8721860e-01   1.1781600e+04   0.0000000e+00
  -1.2715595e+00  -3.8463700e-01   1.1782400e+04   0.0000000e+00
  -1.2666233e+00  -3.7993840e-01   1.1782400e+04   0.0000000e+00
  -1.2616655e+00  -3.7849110e-01   1.1782400e+04   0.0000000e+00
  -1.2566428e+00  -3.7312280e-01   1.1783100e+04   0.0000000e+00
  -1.2516632e+00  -3.6989320e-01   1.1783900e+04   0.0000000e+00
  -1.2466514e+00  -3.6625310e-01   1.1785400e+04   0.0000000e+00
  -1.2416827e+00  -3.6423330e-01   1.1786100e+04   0.0000000e+00
  -1.2363577e+00  -3.6140330e-01   1.1786100e+04   0.0000000e+00
  -1.2314106e+00  -3.5680190e-01   1.1786100e+04   0.0000000e+00
  -1.2264528e+00  -3.5456600e-01   1.1786900e+04   0.0000000e+00
  -1.2214302e+00  -3.5090440e-01   1.1786900e+04   0.0000000e+00
  -1.2164615e+00  -3.4773960e-01   1.1787600e+04   0.0000000e+00
  -1.2114605e+00  -3.4443440e-01   1.1787600e+04   0.0000000e+00
  -1.2064703e+00  -3.4099950e-01   1.1788400e+04   0.0000000e+00
  -1.2014800e+00  -3.3743510e-01   1.1788400e+04   0.0000000e+00
  -1.1965006e+00  -3.3544760e-01   1.1789100e+04   0.0000000e+00
  -1.1915212e+00  -3.3253130e-01   1.1789100e+04   0.0000000e+00
  -1.1865526e+00  -3.3155910e-01   1.1789100e+04   0.0000000e+00
  -1.1816703e+00  -3.2811350e-01   1.1789100e+04   0.0000000e+00
  -1.1763129e+00  -3.2503510e-01   1.1789100e+04   0.0000000e+00
  -1.1713658e+00  -3.2094140e-01   1.1789100e+04   0.0000000e+00
  -1.1663648e+00  -3.1734450e-01   1.1789100e+04   0.0000000e+00
  -1.1613746e+00  -3.1361810e-01   1.1789800e+04   0.0000000e+00
  -1.1563951e+00  -3.1087450e-01   1.1789800e+04   0.0000000e+00
  -1.1514589e+00  -3.0819580e-01   1.1789800e+04   0.0000000e+00
  -1.1464796e+00  -3.0544140e-01   1.1789800e+04   0.0000000e+00
  -1.1415002e+00  -3.0228740e-01   1.1789100e+04   0.0000000e+00
  -1.1365423e+00  -2.9816130e-01   1.1789100e+04   0.0000000e+00
  -1.1315197e+00  -2.9446720e-01   1.1789100e+04   0.0000000e+00
  -1.1265403e+00  -2.9174530e-01   1.1789100e+04   0.0000000e+00
  -1.1212584e+00  -2.8855890e-01   1.1789800e+04   0.0000000e+00
  -1.1162466e+00  -2.8576130e-01   1.1790600e+04   0.0000000e+00
  -1.1112779e+00  -2.8368750e-01   1.1791300e+04   0.0000000e+00
  -1.1063417e+00  -2.7997180e-01   1.1792100e+04   0.0000000e+00
  -1.1013839e+00  -2.7616970e-01   1.1792800e+04   0.0000000e+00
  -1.0963396e+00  -2.7262690e-01   1.1792800e+04   0.0000000e+00
  -1.0913710e+00  -2.7074740e-01   1.1792800e+04   0.0000000e+00
  -1.0864348e+00  -2.6715060e-01   1.1793600e+04   0.0000000e+00
  -1.0814554e+00  -2.6343490e-01   1.1793600e+04   0.0000000e+00
  -1.0764543e+00  -2.6077780e-01   1.1792800e+04   0.0000000e+00
  -1.0714425e+00  -2.5671650e-01   1.1792800e+04   0.0000000e+00
  -1.0664631e+00  -2.5338960e-01   1.1792800e+04   0.0000000e+00
  -1.0611704e+00  -2.4933910e-01   1.1793600e+04   0.0000000e+00
  -1.0561478e+00  -2.4663880e-01   1.1793600e+04   0.0000000e+00
  -1.0511899e+00  -2.4272870e-01   1.1794300e+04   0.0000000e+00
  -1.0462213e+00  -2.4080610e-01   1.1795100e+04   0.0000000e+00
  -1.0412309e+00  -2.3752240e-01   1.1795800e+04   0.0000000e+00
  -1.0362406e+00  -2.3427120e-01   1.1795800e+04   0.0000000e+00
  -1.0312612e+00  -2.3075000e-01   1.1796600e+04   0.0000000e+00
  -1.0263466e+00  -2.2863290e-01   1.1797300e+04   0.0000000e+00
  -1.0213240e+00  -2.2505770e-01   1.1798000e+04   0.0000000e+00
  -1.0163553e+00  -2.2129880e-01   1.1798000e+04   0.0000000e+00
  -1.0113651e+00  -2.1674060e-01   1.1798800e+04   0.0000000e+00
  -1.0063965e+00  -2.1362980e-01   1.1798800e+04   0.0000000e+00
  -1.0011470e+00  -2.1046500e-01   1.1798800e+04   0.0000000e+00
  -9.9613520e-01  -2.0491310e-01   1.1798800e+04   0.0000000e+00
  -9.9120970e-01  -2.0229900e-01   1.1799500e+04   0.0000000e+00
  -9.8614390e-01  -1.9892900e-01   1.1799500e+04   0.0000000e+00
  -9.8118610e-01  -1.9608820e-01   1.1800300e+04   0.0000000e+00
  -9.7621750e-01  -1.9283700e-01   1.1800300e+04   0.0000000e+00
  -9.7121640e-01  -1.8994220e-01   1.1800300e+04   0.0000000e+00
  -9.6622620e-01  -1.8619410e-01   1.1800300e+04   0.0000000e+00
  -9.6126840e-01  -1.8322380e-01   1.1801000e+04   0.0000000e+00
  -9.5628890e-01  -1.8003740e-01   1.1801000e+04   0.0000000e+00
  -9.5133110e-01  -1.7731540e-01   1.1801800e+04   0.0000000e+00
  -9.4635170e-01  -1.7528480e-01   1.1802500e+04   0.0000000e+00
  -9.4106980e-01  -1.7175270e-01   1.1802500e+04   0.0000000e+00
  -9.3605810e-01  -1.6776700e-01   1.1803300e+04   0.0000000e+00
  -9.3107860e-01  -1.6498030e-01   1.1803300e+04   0.0000000e+00
  -9.2612080e-01  -1.6243110e-01   1.1804000e+04   0.0000000e+00
  -9.2116300e-01  -1.5915830e-01   1.1804000e+04   0.0000000e+00
  -9.1615120e-01  -1.5708450e-01   1.1804000e+04   0.0000000e+00
  -9.1115010e-01  -1.5178100e-01   1.1804000e+04   0.0000000e+00
  -9.0621390e-01  -1.4990160e-01   1.1804000e+04   0.0000000e+00
  -9.0124530e-01  -1.4615350e-01   1.1804000e+04   0.0000000e+00
  -8.9628740e-01  -1.4316150e-01   1.1804700e+04   0.0000000e+00
  -8.9128640e-01  -1.3966190e-01   1.1805500e+04   0.0000000e+00
  -8.8630700e-01  -1.3716670e-01   1.1805500e+04   0.0000000e+00
  -8.8097110e-01  -1.3375350e-01   1.1805500e+04   0.0000000e+00
  -8.7602410e-01  -1.3093440e-01   1.1806200e+04   0.0000000e+00
  -8.7107710e-01  -1.2727270e-01   1.1807000e+04   0.0000000e+00
  -8.6610840e-01  -1.2382710e-01   1.1807700e+04   0.0000000e+00
  -8.6109660e-01  -1.2138600e-01   1.1808500e+04   0.0000000e+00
  -8.5612800e-01  -1.1736780e-01   1.1809200e+04   0.0000000e+00
  -8.5118090e-01  -1.1469990e-01   1.1810000e+04   0.0000000e+00
  -8.4620150e-01  -1.1141630e-01   1.1810000e+04   0.0000000e+00
  -8.4115730e-01  -1.0818670e-01   1.1810700e+04   0.0000000e+00
  -8.3615620e-01  -1.0550790e-01   1.1810700e+04   0.0000000e+00
  -8.3121980e-01  -1.0204070e-01   1.1810700e+04   0.0000000e+00
  -8.2589470e-01  -9.8173600e-02   1.1810700e+04   0.0000000e+00
  -8.2092610e-01  -9.6024100e-02   1.1810700e+04   0.0000000e+00
  -8.1596830e-01  -9.1919600e-02   1.1810000e+04   0.0000000e+00
  -8.1097810e-01  -9.0375000e-02   1.1810000e+04   0.0000000e+00
  -8.0600940e-01  -8.5600800e-02   1.1810000e+04   0.0000000e+00
  -8.0105160e-01  -8.2306400e-02   1.1810700e+04   0.0000000e+00
  -7.9606140e-01  -7.8342300e-02   1.1810000e+04   0.0000000e+00
  -7.9108190e-01  -7.5771600e-02   1.1810000e+04   0.0000000e+00
  -7.8610250e-01  -7.1818300e-02   1.1810000e+04   0.0000000e+00
  -7.8115550e-01  -6.7854200e-02   1.1810000e+04   0.0000000e+00
  -7.7615450e-01  -6.3944100e-02   1.1810700e+04   0.0000000e+00
  -7.7121820e-01  -6.0833300e-02   1.1811500e+04   0.0000000e+00
  -7.6580670e-01  -5.7484900e-02   1.1811500e+04   0.0000000e+00
  -7.6083810e-01  -5.4708900e-02   1.1811500e+04   0.0000000e+00
  -7.5596670e-01  -5.2764700e-02   1.1811500e+04   0.0000000e+00
  -7.5096570e-01  -4.9470300e-02   1.1812200e+04   0.0000000e+00
  -7.4602940e-01  -4.6445900e-02   1.1812200e+04   0.0000000e+00
  -7.4101760e-01  -4.2254900e-02   1.1812200e+04   0.0000000e+00
  -7.3604900e-01  -3.9284600e-02   1.1812900e+04   0.0000000e+00
  -7.3106960e-01  -3.7102700e-02   1.1812900e+04   0.0000000e+00
  -7.2606850e-01  -3.3765100e-02   1.1813700e+04   0.0000000e+00
  -7.2114310e-01  -3.0546300e-02   1.1814400e+04   0.0000000e+00
  -7.1606650e-01  -2.7521900e-02   1.1814400e+04   0.0000000e+00
  -7.1110860e-01  -2.3784600e-02   1.1815200e+04   0.0000000e+00
  -7.0581600e-01  -2.0814200e-02   1.1815200e+04   0.0000000e+00
  -7.0084730e-01  -1.7023000e-02   1.1815200e+04   0.0000000e+00
  -6.9578150e-01  -1.4344200e-02   1.1815200e+04   0.0000000e+00
  -6.9081290e-01  -1.1557500e-02   1.1815200e+04   0.0000000e+00
  -6.8585500e-01  -7.7662000e-03   1.1815200e+04   0.0000000e+00
  -6.8085400e-01  -5.2819000e-03   1.1815200e+04   0.0000000e+00
  -6.7590700e-01  -2.2035000e-03   1.1815200e+04   0.0000000e+00
  -6.7089510e-01   1.3610000e-03   1.1815900e+04   0.0000000e+00
  -6.6592650e-01   6.2864000e-03   1.1816700e+04   0.0000000e+00
  -6.6092550e-01   9.0299000e-03   1.1817400e+04   0.0000000e+00
  -6.5597850e-01   1.2292000e-02   1.1818200e+04   0.0000000e+00
  -6.5102060e-01   1.5424400e-02   1.1818900e+04   0.0000000e+00
  -6.4571720e-01   1.8459500e-02   1.1819600e+04   0.0000000e+00
  -6.4071610e-01   2.1743100e-02   1.1819600e+04   0.0000000e+00
  -6.3571510e-01   2.4713500e-02   1.1820400e+04   0.0000000e+00
  -6.3083290e-01   2.8634400e-02   1.1820400e+04   0.0000000e+00
  -6.2587500e-01   3.1442800e-02   1.1820400e+04   0.0000000e+00
  -6.2088460e-01   3.4369900e-02   1.1820400e+04   0.0000000e+00
  -6.1591600e-01   3.7297100e-02   1.1820400e+04   0.0000000e+00
  -6.1094740e-01   3.8312400e-02   1.1820400e+04   0.0000000e+00
  -6.0593550e-01   4.1455600e-02   1.1820400e+04   0.0000000e+00
  -6.0099930e-01   4.4058800e-02   1.1820400e+04   0.0000000e+00
  -5.9571740e-01   4.8822200e-02   1.1821100e+04   0.0000000e+00
  -5.9065160e-01   5.0485600e-02   1.1821100e+04   0.0000000e+00
  -5.8562900e-01   5.4179700e-02   1.1821900e+04   0.0000000e+00
  -5.8060630e-01   5.7517300e-02   1.1821900e+04   0.0000000e+00
  -5.7558370e-01   6.1416600e-02   1.1821900e+04   0.0000000e+00
  -5.7055030e-01   6.4505800e-02   1.1821900e+04   0.0000000e+00
  -5.6556000e-01   6.8318600e-02   1.1821900e+04   0.0000000e+00
  -5.6054820e-01   7.2628400e-02   1.1821900e+04   0.0000000e+00
  -5.5551480e-01   7.5231500e-02   1.1821900e+04   0.0000000e+00
  -5.5053530e-01   7.9217200e-02   1.1821900e+04   0.0000000e+00
  -5.4550190e-01   8.1820300e-02   1.1822600e+04   0.0000000e+00
  -5.4053330e-01   8.5374000e-02   1.1822600e+04   0.0000000e+00
  -5.3552140e-01   8.8603600e-02   1.1823400e+04   0.0000000e+00
  -5.3050960e-01   9.0936700e-02   1.1823400e+04   0.0000000e+00
  -5.2550860e-01   9.3356200e-02   1.1824100e+04   0.0000000e+00
  -5.2050750e-01   9.7601100e-02   1.1824100e+04   0.0000000e+00
  -5.1550660e-01   9.9923400e-02   1.1824100e+04   0.0000000e+00
  -5.1051640e-01   1.0238610e-01   1.1824100e+04   0.0000000e+00
  -5.0548290e-01   1.0606940e-01   1.1824100e+04   0.0000000e+00
  -5.0048190e-01   1.0920180e-01   1.1824900e+04   0.0000000e+00
  -4.9548090e-01   1.1385720e-01   1.1824900e+04   0.0000000e+00
  -4.9047980e-01   1.1695720e-01   1.1825600e+04   0.0000000e+00
  -4.8548960e-01   1.2052160e-01   1.1826400e+04   0.0000000e+00
  -4.8049940e-01   1.2419410e-01   1.1826400e+04   0.0000000e+00
  -4.7546590e-01   1.2719690e-01   1.1827100e+04   0.0000000e+00
  -4.7046490e-01   1.2973520e-01   1.1827800e+04   0.0000000e+00
  -4.6545310e-01   1.3390450e-01   1.1827800e+04   0.0000000e+00
  -4.6046280e-01   1.3648610e-01   1.1828600e+04   0.0000000e+00
  -4.5545100e-01   1.3900280e-01   1.1828600e+04   0.0000000e+00
  -4.5047160e-01   1.4304250e-01   1.1828600e+04   0.0000000e+00
  -4.4544890e-01   1.4723340e-01   1.1828600e+04   0.0000000e+00
  -4.4045870e-01   1.4930730e-01   1.1827800e+04   0.0000000e+00
  -4.3543610e-01   1.5183480e-01   1.1827800e+04   0.0000000e+00
  -4.3043500e-01   1.5546410e-01   1.1827100e+04   0.0000000e+00
  -4.2544480e-01   1.5828320e-01   1.1827100e+04   0.0000000e+00
  -4.2043300e-01   1.6136160e-01   1.1827800e+04   0.0000000e+00
  -4.1544270e-01   1.6423480e-01   1.1827800e+04   0.0000000e+00
  -4.1044150e-01   1.6736720e-01   1.1828600e+04   0.0000000e+00
  -4.0541890e-01   1.7064000e-01   1.1829300e+04   0.0000000e+00
  -4.0042860e-01   1.7462570e-01   1.1830100e+04   0.0000000e+00
  -3.9541680e-01   1.7635390e-01   1.1830800e+04   0.0000000e+00
  -3.9040500e-01   1.8059880e-01   1.1830800e+04   0.0000000e+00
  -3.8541470e-01   1.8417410e-01   1.1830800e+04   0.0000000e+00
  -3.8039210e-01   1.8648560e-01   1.1831600e+04   0.0000000e+00
  -3.7538030e-01   1.8979080e-01   1.1831600e+04   0.0000000e+00
  -3.7040080e-01   1.9345250e-01   1.1831600e+04   0.0000000e+00
  -3.6536740e-01   1.9630400e-01   1.1831600e+04   0.0000000e+00
  -3.6038800e-01   1.9958760e-01   1.1830800e+04   0.0000000e+00
  -3.5538690e-01   2.0302250e-01   1.1830800e+04   0.0000000e+00
  -3.5037510e-01   2.0638170e-01   1.1830800e+04   0.0000000e+00
  -3.4538490e-01   2.0907120e-01   1.1831600e+04   0.0000000e+00
  -3.4036220e-01   2.1183660e-01   1.1831600e+04   0.0000000e+00
  -3.3537200e-01   2.1563870e-01   1.1832300e+04   0.0000000e+00
  -3.3037100e-01   2.1914910e-01   1.1832300e+04   0.0000000e+00
  -3.2535910e-01   2.2200070e-01   1.1832300e+04   0.0000000e+00
  -3.2035810e-01   2.2519790e-01   1.1832300e+04   0.0000000e+00
  -3.1535710e-01   2.2881630e-01   1.1833100e+04   0.0000000e+00
  -3.1032360e-01   2.3159230e-01   1.1833100e+04   0.0000000e+00
  -3.0534420e-01   2.3497310e-01   1.1833100e+04   0.0000000e+00
  -3.0035400e-01   2.3746820e-01   1.1833100e+04   0.0000000e+00
  -2.9532050e-01   2.4118390e-01   1.1833100e+04   0.0000000e+00
  -2.9033030e-01   2.4380860e-01   1.1833100e+04   0.0000000e+00
  -2.8530770e-01   2.4765390e-01   1.1833800e+04   0.0000000e+00
  -2.8030660e-01   2.5054870e-01   1.1833800e+04   0.0000000e+00
  -2.7531640e-01   2.5479360e-01   1.1834500e+04   0.0000000e+00
  -2.7030460e-01   2.5810960e-01   1.1834500e+04   0.0000000e+00
  -2.6530360e-01   2.6028070e-01   1.1835300e+04   0.0000000e+00
  -2.6030250e-01   2.6267860e-01   1.1835300e+04   0.0000000e+00
  -2.5529070e-01   2.6564900e-01   1.1835300e+04   0.0000000e+00
  -2.5027890e-01   2.6976430e-01   1.1835300e+04   0.0000000e+00
  -2.4527780e-01   2.7273470e-01   1.1835300e+04   0.0000000e+00
  -2.4026600e-01   2.7646120e-01   1.1835300e+04   0.0000000e+00
  -2.3529740e-01   2.7998240e-01   1.1835300e+04   0.0000000e+00
  -2.3026390e-01   2.8281240e-01   1.1836000e+04   0.0000000e+00
  -2.2527370e-01   2.8526430e-01   1.1836000e+04   0.0000000e+00
  -2.2026190e-01   2.8919600e-01   1.1836800e+04   0.0000000e+00
  -2.1525000e-01   2.9266320e-01   1.1836800e+04   0.0000000e+00
  -2.1024900e-01   2.9628170e-01   1.1836800e+04   0.0000000e+00
  -2.0524800e-01   2.9973810e-01   1.1837500e+04   0.0000000e+00
  -2.0022510e-01   3.0265450e-01   1.1837500e+04   0.0000000e+00
  -1.9522410e-01   3.0573290e-01   1.1837500e+04   0.0000000e+00
  -1.9021230e-01   3.0937290e-01   1.1837500e+04   0.0000000e+00
  -1.8521120e-01   3.1305620e-01   1.1838300e+04   0.0000000e+00
  -1.8023180e-01   3.1662060e-01   1.1838300e+04   0.0000000e+00
  -1.7520920e-01   3.2032550e-01   1.1839000e+04   0.0000000e+00
  -1.7019730e-01   3.2365230e-01   1.1839800e+04   0.0000000e+00
  -1.6520710e-01   3.2612580e-01   1.1840500e+04   0.0000000e+00
  -1.6019530e-01   3.3042480e-01   1.1840500e+04   0.0000000e+00
  -1.5517260e-01   3.3276870e-01   1.1840500e+04   0.0000000e+00
  -1.5019320e-01   3.3412970e-01   1.1841300e+04   0.0000000e+00
  -1.4515980e-01   3.3734850e-01   1.1841300e+04   0.0000000e+00
  -1.4015870e-01   3.4098850e-01   1.1842000e+04   0.0000000e+00
  -1.3515770e-01   3.4419650e-01   1.1842000e+04   0.0000000e+00
  -1.3015670e-01   3.4744770e-01   1.1842700e+04   0.0000000e+00
  -1.2514480e-01   3.5002930e-01   1.1842700e+04   0.0000000e+00
  -1.2014380e-01   3.5403660e-01   1.1843500e+04   0.0000000e+00
  -1.1513200e-01   3.5740660e-01   1.1843500e+04   0.0000000e+00
  -1.1014170e-01   3.6198640e-01   1.1843500e+04   0.0000000e+00
  -1.0514070e-01   3.6573450e-01   1.1843500e+04   0.0000000e+00
  -1.0011810e-01   3.6945010e-01   1.1843500e+04   0.0000000e+00
  -9.5116800e-02   3.7168600e-01   1.1843500e+04   0.0000000e+00
  -9.0126600e-02   3.7563930e-01   1.1843500e+04   0.0000000e+00
  -8.5104000e-02   3.7808040e-01   1.1843500e+04   0.0000000e+00
  -8.0092100e-02   3.8194730e-01   1.1843500e+04   0.0000000e+00
  -7.5080300e-02   3.8492850e-01   1.1843500e+04   0.0000000e+00
  -7.0068500e-02   3.8881700e-01   1.1844200e+04   0.0000000e+00
  -6.5099800e-02   3.9191700e-01   1.1844200e+04   0.0000000e+00
  -6.0066400e-02   3.9541660e-01   1.1845000e+04   0.0000000e+00
  -5.5097800e-02   3.9834380e-01   1.1845000e+04   0.0000000e+00
  -5.0064300e-02   4.0186500e-01   1.1845700e+04   0.0000000e+00
  -4.5074100e-02   4.0285870e-01   1.1845700e+04   0.0000000e+00
  -4.0040700e-02   4.0649880e-01   1.1845700e+04   0.0000000e+00
  -3.5061200e-02   4.1066810e-01   1.1845700e+04   0.0000000e+00
  -3.0038600e-02   4.1472940e-01   1.1845000e+04   0.0000000e+00
  -2.5037600e-02   4.1777540e-01   1.1845000e+04   0.0000000e+00
  -2.0047300e-02   4.2179370e-01   1.1844200e+04   0.0000000e+00
  -1.5013900e-02   4.2608190e-01   1.1845000e+04   0.0000000e+00
  -1.0023700e-02   4.2938710e-01   1.1845000e+04   0.0000000e+00
  -5.0118000e-03   4.3147180e-01   1.1845000e+04   0.0000000e+00
  -1.0800000e-05   4.3433410e-01   1.1844200e+04   0.0000000e+00
   4.9902000e-03   4.3815780e-01   1.1843500e+04   0.0000000e+00
   1.0012900e-02   4.4261880e-01   1.1843500e+04   0.0000000e+00
   1.4992300e-02   4.4777100e-01   1.1843500e+04   0.0000000e+00
   2.0004100e-02   4.5010410e-01   1.1843500e+04   0.0000000e+00
   2.5016000e-02   4.5316090e-01   1.1843500e+04   0.0000000e+00
   3.0017000e-02   4.5683340e-01   1.1845000e+04   0.0000000e+00
   3.5028800e-02   4.6091630e-01   1.1845700e+04   0.0000000e+00
   4.0029900e-02   4.6517200e-01   1.1846500e+04   0.0000000e+00
   4.5020100e-02   4.6904970e-01   1.1847200e+04   0.0000000e+00
   5.0053500e-02   4.7142600e-01   1.1848000e+04   0.0000000e+00
   5.5043800e-02   4.7437480e-01   1.1848700e+04   0.0000000e+00
   6.0055600e-02   4.7786360e-01   1.1848700e+04   0.0000000e+00
   6.5056600e-02   4.8173050e-01   1.1848700e+04   0.0000000e+00
   7.0046900e-02   4.8417160e-01   1.1849400e+04   0.0000000e+00
   7.5058700e-02   4.8678560e-01   1.1849400e+04   0.0000000e+00
   8.0070500e-02   4.9079290e-01   1.1849400e+04   0.0000000e+00
   8.5082400e-02   4.9430330e-01   1.1849400e+04   0.0000000e+00
   9.0072600e-02   4.9992000e-01   1.1849400e+04   0.0000000e+00
   9.5095200e-02   5.0214510e-01   1.1849400e+04   0.0000000e+00
   1.0010710e-01   5.0637920e-01   1.1849400e+04   0.0000000e+00
   1.0510810e-01   5.0988970e-01   1.1849400e+04   0.0000000e+00
   1.1011990e-01   5.1295730e-01   1.1849400e+04   0.0000000e+00
   1.1511020e-01   5.1670530e-01   1.1849400e+04   0.0000000e+00
   1.2013280e-01   5.1999980e-01   1.1849400e+04   0.0000000e+00
   1.2512300e-01   5.2395310e-01   1.1850200e+04   0.0000000e+00
   1.3014570e-01   5.2583260e-01   1.1850900e+04   0.0000000e+00
   1.3514670e-01   5.2991550e-01   1.1851700e+04   0.0000000e+00
   1.4014770e-01   5.3278870e-01   1.1852400e+04   0.0000000e+00
   1.4514880e-01   5.3722800e-01   1.1853200e+04   0.0000000e+00
   1.5014980e-01   5.4069530e-01   1.1853900e+04   0.0000000e+00
   1.5516160e-01   5.4376290e-01   1.1853900e+04   0.0000000e+00
   1.6016270e-01   5.4726250e-01   1.1853900e+04   0.0000000e+00
   1.6518530e-01   5.5031930e-01   1.1853900e+04   0.0000000e+00
   1.7016470e-01   5.5429420e-01   1.1853900e+04   0.0000000e+00
   1.7520900e-01   5.5848510e-01   1.1853900e+04   0.0000000e+00
   1.8019920e-01   5.6102340e-01   1.1854700e+04   0.0000000e+00
   1.8518940e-01   5.6552760e-01   1.1854700e+04   0.0000000e+00
   1.9021210e-01   5.6923250e-01   1.1854700e+04   0.0000000e+00
   1.9521310e-01   5.7277530e-01   1.1855400e+04   0.0000000e+00
   2.0020330e-01   5.7594010e-01   1.1856200e+04   0.0000000e+00
   2.0522600e-01   5.8070350e-01   1.1856200e+04   0.0000000e+00
   2.1019480e-01   5.8395470e-01   1.1856200e+04   0.0000000e+00
   2.1521740e-01   5.8795130e-01   1.1856200e+04   0.0000000e+00
   2.2024010e-01   5.9274710e-01   1.1856200e+04   0.0000000e+00
   2.2523030e-01   5.9598750e-01   1.1856900e+04   0.0000000e+00
   2.3026370e-01   5.9864460e-01   1.1856900e+04   0.0000000e+00
   2.3526480e-01   6.0312720e-01   1.1856900e+04   0.0000000e+00
   2.4024420e-01   6.0712370e-01   1.1856900e+04   0.0000000e+00
   2.4526680e-01   6.1141180e-01   1.1856900e+04   0.0000000e+00
   2.5024620e-01   6.1553790e-01   1.1856900e+04   0.0000000e+00
   2.5525810e-01   6.1954520e-01   1.1856900e+04   0.0000000e+00
   2.6028070e-01   6.2425460e-01   1.1856900e+04   0.0000000e+00
   2.6526010e-01   6.2716020e-01   1.1856900e+04   0.0000000e+00
   2.7029360e-01   6.3008760e-01   1.1857600e+04   0.0000000e+00
   2.7530540e-01   6.3236670e-01   1.1857600e+04   0.0000000e+00
   2.8029560e-01   6.3696810e-01   1.1858400e+04   0.0000000e+00
   2.8531830e-01   6.4152620e-01   1.1859100e+04   0.0000000e+00
   2.9031930e-01   6.4568480e-01   1.1859100e+04   0.0000000e+00
   2.9528790e-01   6.4921680e-01   1.1859100e+04   0.0000000e+00
   3.0032140e-01   6.5268400e-01   1.1859900e+04   0.0000000e+00
   3.0533320e-01   6.5716660e-01   1.1859900e+04   0.0000000e+00
   3.1031260e-01   6.6002900e-01   1.1859900e+04   0.0000000e+00
   3.1533530e-01   6.6416590e-01   1.1860600e+04   0.0000000e+00
   3.2032550e-01   6.6769790e-01   1.1859900e+04   0.0000000e+00
   3.2533730e-01   6.7332540e-01   1.1859900e+04   0.0000000e+00
   3.3036000e-01   6.7786200e-01   1.1860600e+04   0.0000000e+00
   3.3535020e-01   6.8161010e-01   1.1860600e+04   0.0000000e+00
   3.4035120e-01   6.8433200e-01   1.1861400e+04   0.0000000e+00
   3.4536310e-01   6.8961390e-01   1.1861400e+04   0.0000000e+00
   3.5035330e-01   6.9190380e-01   1.1861400e+04   0.0000000e+00
   3.5536510e-01   6.9787700e-01   1.1860600e+04   0.0000000e+00
   3.6037700e-01   7.0143060e-01   1.1860600e+04   0.0000000e+00
   3.6535640e-01   7.0538390e-01   1.1861400e+04   0.0000000e+00
   3.7038980e-01   7.0819230e-01   1.1861400e+04   0.0000000e+00
   3.7535850e-01   7.1367940e-01   1.1862100e+04   0.0000000e+00
   3.8037030e-01   7.1496470e-01   1.1862100e+04   0.0000000e+00
   3.8538210e-01   7.1812950e-01   1.1862900e+04   0.0000000e+00
   3.9039400e-01   7.2174800e-01   1.1862900e+04   0.0000000e+00
   3.9537340e-01   7.2605770e-01   1.1862900e+04   0.0000000e+00
   4.0039600e-01   7.3132880e-01   1.1862900e+04   0.0000000e+00
   4.0538630e-01   7.3542250e-01   1.1862900e+04   0.0000000e+00
   4.1039810e-01   7.3907340e-01   1.1862900e+04   0.0000000e+00
   4.1540990e-01   7.4346950e-01   1.1863600e+04   0.0000000e+00
   4.2040040e-01   7.4721760e-01   1.1863600e+04   0.0000000e+00
   4.2539060e-01   7.5203500e-01   1.1864400e+04   0.0000000e+00
   4.3040240e-01   7.5760850e-01   1.1863600e+04   0.0000000e+00
   4.3542510e-01   7.6046010e-01   1.1863600e+04   0.0000000e+00
   4.4041530e-01   7.6546110e-01   1.1862900e+04   0.0000000e+00
   4.4541630e-01   7.6850710e-01   1.1862900e+04   0.0000000e+00
   4.5042820e-01   7.7290320e-01   1.1862100e+04   0.0000000e+00
   4.5542920e-01   7.7621930e-01   1.1862900e+04   0.0000000e+00
   4.6043020e-01   7.8128510e-01   1.1863600e+04   0.0000000e+00
   4.6540970e-01   7.8462270e-01   1.1863600e+04   0.0000000e+00
   4.7043230e-01   7.8939690e-01   1.1864400e+04   0.0000000e+00
   4.7543330e-01   7.9368510e-01   1.1864400e+04   0.0000000e+00
   4.8043440e-01   7.9816760e-01   1.1865100e+04   0.0000000e+00
   4.8542460e-01   8.0166730e-01   1.1865800e+04   0.0000000e+00
   4.9042560e-01   8.0361150e-01   1.1865800e+04   0.0000000e+00
   4.9543750e-01   8.0795370e-01   1.1866600e+04   0.0000000e+00
   5.0041690e-01   8.1125890e-01   1.1866600e+04   0.0000000e+00
   5.0542870e-01   8.1621670e-01   1.1866600e+04   0.0000000e+00
   5.1042970e-01   8.1966240e-01   1.1867300e+04   0.0000000e+00
   5.1540920e-01   8.2384250e-01   1.1867300e+04   0.0000000e+00
   5.2041020e-01   8.2887590e-01   1.1867300e+04   0.0000000e+00
   5.2543290e-01   8.3214870e-01   1.1868100e+04   0.0000000e+00
   5.3042320e-01   8.3721460e-01   1.1868100e+04   0.0000000e+00
   5.3543500e-01   8.4262630e-01   1.1867300e+04   0.0000000e+00
   5.4044680e-01   8.4527260e-01   1.1867300e+04   0.0000000e+00
   5.4543710e-01   8.5032760e-01   1.1867300e+04   0.0000000e+00
   5.5043810e-01   8.5145100e-01   1.1867300e+04   0.0000000e+00
   5.5541750e-01   8.5465900e-01   1.1867300e+04   0.0000000e+00
   5.6041860e-01   8.5988680e-01   1.1868100e+04   0.0000000e+00
   5.6543040e-01   8.6327850e-01   1.1868100e+04   0.0000000e+00
   5.7040980e-01   8.6798790e-01   1.1868100e+04   0.0000000e+00
   5.7541090e-01   8.7274050e-01   1.1868100e+04   0.0000000e+00
   5.8042270e-01   8.7779550e-01   1.1868100e+04   0.0000000e+00
   5.8541290e-01   8.8326100e-01   1.1868800e+04   0.0000000e+00
   5.9041400e-01   8.9013070e-01   1.1868800e+04   0.0000000e+00
   5.9540420e-01   8.9343590e-01   1.1868800e+04   0.0000000e+00
   6.0040520e-01   8.9881500e-01   1.1868800e+04   0.0000000e+00
   6.0542790e-01   9.0302750e-01   1.1869600e+04   0.0000000e+00
   6.1041810e-01   9.0766130e-01   1.1870300e+04   0.0000000e+00
   6.1539750e-01   9.1242470e-01   1.1870300e+04   0.0000000e+00
   6.2042020e-01   9.1812780e-01   1.1870300e+04   0.0000000e+00
   6.2538880e-01   9.2140060e-01   1.1870300e+04   0.0000000e+00
   6.3039000e-01   9.2706050e-01   1.1871100e+04   0.0000000e+00
   6.3540190e-01   9.2977170e-01   1.1871100e+04   0.0000000e+00
   6.4037050e-01   9.3489150e-01   1.1871100e+04   0.0000000e+00
   6.4571720e-01   9.3897440e-01   1.1871800e+04   0.0000000e+00
   6.5093420e-01   9.4207440e-01   1.1872500e+04   0.0000000e+00
   6.5591360e-01   9.4650310e-01   1.1873300e+04   0.0000000e+00
   6.6086070e-01   9.4963550e-01   1.1873300e+04   0.0000000e+00
   6.6581850e-01   9.5317830e-01   1.1873300e+04   0.0000000e+00
   6.7078710e-01   9.5779050e-01   1.1874000e+04   0.0000000e+00
   6.7577740e-01   9.6145220e-01   1.1874000e+04   0.0000000e+00
   6.8072440e-01   9.6652880e-01   1.1873300e+04   0.0000000e+00
   6.8564980e-01   9.7186470e-01   1.1873300e+04   0.0000000e+00
   6.9060760e-01   9.7277200e-01   1.1873300e+04   0.0000000e+00
   6.9559790e-01   9.7902600e-01   1.1873300e+04   0.0000000e+00
   7.0053410e-01   9.8228800e-01   1.1873300e+04   0.0000000e+00
   7.0553510e-01   9.8611170e-01   1.1873300e+04   0.0000000e+00
   7.1083860e-01   9.8895250e-01   1.1873300e+04   0.0000000e+00
   7.1574240e-01   9.9571410e-01   1.1874000e+04   0.0000000e+00
   7.2072180e-01   9.9793920e-01   1.1874800e+04   0.0000000e+00
   7.2573370e-01   1.0046252e+00   1.1874800e+04   0.0000000e+00
   7.3068070e-01   1.0095831e+00   1.1875500e+04   0.0000000e+00
   7.3566010e-01   1.0148433e+00   1.1876300e+04   0.0000000e+00
   7.4060720e-01   1.0195203e+00   1.1876300e+04   0.0000000e+00
   7.4556500e-01   1.0257203e+00   1.1876300e+04   0.0000000e+00
   7.5053360e-01   1.0301381e+00   1.1876300e+04   0.0000000e+00
   7.5554540e-01   1.0354523e+00   1.1877000e+04   0.0000000e+00
   7.6052490e-01   1.0404750e+00   1.1877000e+04   0.0000000e+00
   7.6552590e-01   1.0436830e+00   1.1877800e+04   0.0000000e+00
   7.7084020e-01   1.0486734e+00   1.1878500e+04   0.0000000e+00
   7.7584120e-01   1.0550030e+00   1.1878500e+04   0.0000000e+00
   7.8082060e-01   1.0612894e+00   1.1878500e+04   0.0000000e+00
   7.8578930e-01   1.0641086e+00   1.1877800e+04   0.0000000e+00
   7.9074710e-01   1.0704274e+00   1.1877800e+04   0.0000000e+00
   7.9581290e-01   1.0733005e+00   1.1877000e+04   0.0000000e+00
   8.0077080e-01   1.0821144e+00   1.1877000e+04   0.0000000e+00
   8.0570700e-01   1.0848796e+00   1.1877000e+04   0.0000000e+00
   8.1068640e-01   1.0917709e+00   1.1877000e+04   0.0000000e+00
   8.1566580e-01   1.0946440e+00   1.1876300e+04   0.0000000e+00
   8.2071010e-01   1.1018593e+00   1.1876300e+04   0.0000000e+00
   8.2562470e-01   1.1043869e+00   1.1876300e+04   0.0000000e+00
   8.3090660e-01   1.1092907e+00   1.1876300e+04   0.0000000e+00
   8.3589680e-01   1.1140757e+00   1.1876300e+04   0.0000000e+00
   8.4082240e-01   1.1203945e+00   1.1877000e+04   0.0000000e+00
   8.4579110e-01   1.1285063e+00   1.1877800e+04   0.0000000e+00
   8.5079210e-01   1.1321356e+00   1.1877800e+04   0.0000000e+00
   8.5578230e-01   1.1385732e+00   1.1878500e+04   0.0000000e+00
   8.6072930e-01   1.1415652e+00   1.1878500e+04   0.0000000e+00
   8.6568720e-01   1.1464474e+00   1.1879300e+04   0.0000000e+00
   8.7068820e-01   1.1519993e+00   1.1879300e+04   0.0000000e+00
   8.7563520e-01   1.1612237e+00   1.1880000e+04   0.0000000e+00
   8.8062550e-01   1.1652635e+00   1.1880000e+04   0.0000000e+00
   8.8599370e-01   1.1721115e+00   1.1880700e+04   0.0000000e+00
   8.9090840e-01   1.1763997e+00   1.1880700e+04   0.0000000e+00
   8.9589860e-01   1.1816383e+00   1.1880700e+04   0.0000000e+00
   9.0086720e-01   1.1853216e+00   1.1880700e+04   0.0000000e+00
   9.0583590e-01   1.1923641e+00   1.1881500e+04   0.0000000e+00
   9.1079370e-01   1.1961338e+00   1.1881500e+04   0.0000000e+00
   9.1580550e-01   1.2023013e+00   1.1881500e+04   0.0000000e+00
   9.2078490e-01   1.2073456e+00   1.1881500e+04   0.0000000e+00
   9.2578600e-01   1.2125086e+00   1.1881500e+04   0.0000000e+00
   9.3073300e-01   1.2183846e+00   1.1881500e+04   0.0000000e+00
   9.3576640e-01   1.2238177e+00   1.1881500e+04   0.0000000e+00
   9.4074590e-01   1.2281814e+00   1.1882200e+04   0.0000000e+00
   9.4604940e-01   1.2325668e+00   1.1882200e+04   0.0000000e+00
   9.5101810e-01   1.2408082e+00   1.1882200e+04   0.0000000e+00
   9.5597590e-01   1.2451396e+00   1.1882200e+04   0.0000000e+00
   9.6095530e-01   1.2520956e+00   1.1882200e+04   0.0000000e+00
   9.6591320e-01   1.2553144e+00   1.1883000e+04   0.0000000e+00
   9.7088180e-01   1.2606829e+00   1.1883000e+04   0.0000000e+00
   9.7587200e-01   1.2668289e+00   1.1883000e+04   0.0000000e+00
   9.8089460e-01   1.2729857e+00   1.1883700e+04   0.0000000e+00
   9.8580930e-01   1.2775007e+00   1.1883700e+04   0.0000000e+00
   9.9084270e-01   1.2852128e+00   1.1883700e+04   0.0000000e+00
   9.9581130e-01   1.2887341e+00   1.1883700e+04   0.0000000e+00
   1.0008016e+00   1.3021386e+00   1.1883700e+04   0.0000000e+00
   1.0061050e+00   1.3098291e+00   1.1883700e+04   0.0000000e+00
   1.0110845e+00   1.3127023e+00   1.1884500e+04   0.0000000e+00
   1.0160639e+00   1.3214190e+00   1.1885200e+04   0.0000000e+00
   1.0210217e+00   1.3284615e+00   1.1886000e+04   0.0000000e+00
   1.0260228e+00   1.3337326e+00   1.1886700e+04   0.0000000e+00
   1.0310130e+00   1.3398677e+00   1.1887400e+04   0.0000000e+00
   1.0359708e+00   1.3447608e+00   1.1887400e+04   0.0000000e+00
   1.0409718e+00   1.3506259e+00   1.1887400e+04   0.0000000e+00
   1.0459405e+00   1.3562966e+00   1.1888200e+04   0.0000000e+00
   1.0508661e+00   1.3616325e+00   1.1888200e+04   0.0000000e+00
   1.0558779e+00   1.3661910e+00   1.1888900e+04   0.0000000e+00
   1.0608574e+00   1.3713756e+00   1.1888900e+04   0.0000000e+00
   1.0662148e+00   1.3795523e+00   1.1888900e+04   0.0000000e+00
   1.0711835e+00   1.3849421e+00   1.1888900e+04   0.0000000e+00
   1.0760873e+00   1.3913041e+00   1.1888900e+04   0.0000000e+00
   1.0810559e+00   1.3956895e+00   1.1889700e+04   0.0000000e+00
   1.0860353e+00   1.4018787e+00   1.1889700e+04   0.0000000e+00
   1.0910040e+00   1.4069337e+00   1.1889700e+04   0.0000000e+00
   1.0959510e+00   1.4131553e+00   1.1890400e+04   0.0000000e+00
   1.1009304e+00   1.4194201e+00   1.1889700e+04   0.0000000e+00
   1.1058991e+00   1.4254905e+00   1.1889700e+04   0.0000000e+00
   1.1108785e+00   1.4283636e+00   1.1889700e+04   0.0000000e+00
   1.1158687e+00   1.4353737e+00   1.1889700e+04   0.0000000e+00
   1.1208265e+00   1.4421246e+00   1.1889700e+04   0.0000000e+00
   1.1262164e+00   1.4494479e+00   1.1889700e+04   0.0000000e+00
   1.1311634e+00   1.4548918e+00   1.1889700e+04   0.0000000e+00
   1.1361213e+00   1.4610810e+00   1.1889700e+04   0.0000000e+00
   1.1411655e+00   1.4677022e+00   1.1889700e+04   0.0000000e+00
   1.1460585e+00   1.4729625e+00   1.1890400e+04   0.0000000e+00
   1.1511028e+00   1.4817008e+00   1.1891200e+04   0.0000000e+00
   1.1560931e+00   1.4836342e+00   1.1891900e+04   0.0000000e+00
   1.1610833e+00   1.4942520e+00   1.1891900e+04   0.0000000e+00
   1.1660520e+00   1.5003007e+00   1.1892700e+04   0.0000000e+00
   1.1710314e+00   1.5033899e+00   1.1892700e+04   0.0000000e+00
   1.1760108e+00   1.5100004e+00   1.1892700e+04   0.0000000e+00
   1.1812819e+00   1.5165136e+00   1.1891900e+04   0.0000000e+00
   1.1863045e+00   1.5214282e+00   1.1891900e+04   0.0000000e+00
   1.1912515e+00   1.5265913e+00   1.1891900e+04   0.0000000e+00
   1.1962634e+00   1.5343574e+00   1.1892700e+04   0.0000000e+00
   1.2012536e+00   1.5411947e+00   1.1892700e+04   0.0000000e+00
   1.2062114e+00   1.5464334e+00   1.1892700e+04   0.0000000e+00
   1.2111477e+00   1.5536055e+00   1.1892700e+04   0.0000000e+00
   1.2161487e+00   1.5597514e+00   1.1892700e+04   0.0000000e+00
   1.2211281e+00   1.5663619e+00   1.1892700e+04   0.0000000e+00
   1.2260860e+00   1.5731994e+00   1.1892700e+04   0.0000000e+00
   1.2310654e+00   1.5779088e+00   1.1892700e+04   0.0000000e+00
   1.2360556e+00   1.5862691e+00   1.1893400e+04   0.0000000e+00
   1.2413915e+00   1.5910433e+00   1.1893400e+04   0.0000000e+00
   1.2464033e+00   1.6009590e+00   1.1893400e+04   0.0000000e+00
   1.2513611e+00   1.6046098e+00   1.1893400e+04   0.0000000e+00
   1.2562326e+00   1.6102157e+00   1.1893400e+04   0.0000000e+00
   1.2612338e+00   1.6168154e+00   1.1893400e+04   0.0000000e+00
   1.2661808e+00   1.6246788e+00   1.1894200e+04   0.0000000e+00
   1.2712035e+00   1.6305871e+00   1.1894200e+04   0.0000000e+00
   1.2761289e+00   1.6378564e+00   1.1894200e+04   0.0000000e+00
   1.2811407e+00   1.6440024e+00   1.1893400e+04   0.0000000e+00
   1.2861309e+00   1.6506560e+00   1.1893400e+04   0.0000000e+00
   1.2910780e+00   1.6583466e+00   1.1894200e+04   0.0000000e+00
   1.2960898e+00   1.6653999e+00   1.1894200e+04   0.0000000e+00
   1.3014365e+00   1.6715351e+00   1.1894200e+04   0.0000000e+00
   1.3063943e+00   1.6788153e+00   1.1894200e+04   0.0000000e+00
   1.3113845e+00   1.6847345e+00   1.1894900e+04   0.0000000e+00
   1.3163640e+00   1.6923062e+00   1.1895600e+04   0.0000000e+00
   1.3213326e+00   1.6995863e+00   1.1895600e+04   0.0000000e+00
   1.3263120e+00   1.7062292e+00   1.1895600e+04   0.0000000e+00
   1.3313023e+00   1.7132717e+00   1.1896400e+04   0.0000000e+00
   1.3362601e+00   1.7193204e+00   1.1897100e+04   0.0000000e+00
   1.3412503e+00   1.7255420e+00   1.1897100e+04   0.0000000e+00
   1.3462621e+00   1.7315260e+00   1.1897100e+04   0.0000000e+00
   1.3512092e+00   1.7407395e+00   1.1897100e+04   0.0000000e+00
   1.3561670e+00   1.7451249e+00   1.1897100e+04   0.0000000e+00
   1.3614813e+00   1.7521674e+00   1.1897100e+04   0.0000000e+00
   1.3664502e+00   1.7584322e+00   1.1897100e+04   0.0000000e+00
   1.3714296e+00   1.7645782e+00   1.1897100e+04   0.0000000e+00
   1.3764091e+00   1.7718475e+00   1.1897100e+04   0.0000000e+00
   1.3813885e+00   1.7782527e+00   1.1897900e+04   0.0000000e+00
   1.3863571e+00   1.7838156e+00   1.1897900e+04   0.0000000e+00
   1.3913149e+00   1.7908257e+00   1.1898600e+04   0.0000000e+00
   1.3963052e+00   1.7984406e+00   1.1898600e+04   0.0000000e+00
   1.4012738e+00   1.8034309e+00   1.1898600e+04   0.0000000e+00
   1.4062532e+00   1.8131737e+00   1.1898600e+04   0.0000000e+00
   1.4112435e+00   1.8168354e+00   1.1898600e+04   0.0000000e+00
   1.4161797e+00   1.8242343e+00   1.1897900e+04   0.0000000e+00
   1.4215588e+00   1.8313200e+00   1.1897900e+04   0.0000000e+00
   1.4265490e+00   1.8390322e+00   1.1897900e+04   0.0000000e+00
   1.4315176e+00   1.8460531e+00   1.1897900e+04   0.0000000e+00
   1.4365079e+00   1.8543377e+00   1.1898600e+04   0.0000000e+00
   1.4414549e+00   1.8587771e+00   1.1899400e+04   0.0000000e+00
   1.4464235e+00   1.8661220e+00   1.1900100e+04   0.0000000e+00
   1.4513489e+00   1.8726892e+00   1.1900100e+04   0.0000000e+00
   1.4563716e+00   1.8774958e+00   1.1900100e+04   0.0000000e+00
   1.4613402e+00   1.8858885e+00   1.1900100e+04   0.0000000e+00
   1.4663196e+00   1.8928447e+00   1.1900100e+04   0.0000000e+00
   1.4712991e+00   1.8964307e+00   1.1899400e+04   0.0000000e+00
   1.4766565e+00   1.9049746e+00   1.1899400e+04   0.0000000e+00
   1.4815928e+00   1.9130540e+00   1.1899400e+04   0.0000000e+00
   1.4865830e+00   1.9212307e+00   1.1900100e+04   0.0000000e+00
   1.4916164e+00   1.9283488e+00   1.1900100e+04   0.0000000e+00
   1.4965419e+00   1.9351860e+00   1.1900100e+04   0.0000000e+00
   1.5014673e+00   1.9418397e+00   1.1900900e+04   0.0000000e+00
   1.5065007e+00   1.9471863e+00   1.1900900e+04   0.0000000e+00
   1.5114153e+00   1.9562055e+00   1.1900900e+04   0.0000000e+00
   1.5163948e+00   1.9587978e+00   1.1900900e+04   0.0000000e+00
   1.5213742e+00   1.9685190e+00   1.1900900e+04   0.0000000e+00
   1.5264292e+00   1.9757128e+00   1.1900900e+04   0.0000000e+00
   1.5314195e+00   1.9811458e+00   1.1900900e+04   0.0000000e+00
   1.5366797e+00   1.9875186e+00   1.1900900e+04   0.0000000e+00
   1.5416484e+00   1.9958252e+00   1.1900900e+04   0.0000000e+00
   1.5466494e+00   2.0021548e+00   1.1900900e+04   0.0000000e+00
   1.5516288e+00   2.0094133e+00   1.1900900e+04   0.0000000e+00
   1.5566083e+00   2.0184433e+00   1.1900900e+04   0.0000000e+00
   1.5615877e+00   2.0206035e+00   1.1900900e+04   0.0000000e+00
   1.5665995e+00   2.0272680e+00   1.1900100e+04   0.0000000e+00
   1.5715249e+00   2.0351638e+00   1.1900900e+04   0.0000000e+00
   1.5764939e+00   2.0420442e+00   1.1900900e+04   0.0000000e+00
   1.5814949e+00   2.0501345e+00   1.1900900e+04   0.0000000e+00
   1.5864851e+00   2.0571121e+00   1.1901600e+04   0.0000000e+00
   1.5914322e+00   2.0602661e+00   1.1901600e+04   0.0000000e+00
   1.5967356e+00   2.0704842e+00   1.1902300e+04   0.0000000e+00
   1.6018123e+00   2.0777536e+00   1.1902300e+04   0.0000000e+00
   1.6067161e+00   2.0851849e+00   1.1902300e+04   0.0000000e+00
   1.6117171e+00   2.0891274e+00   1.1903100e+04   0.0000000e+00
   1.6166857e+00   2.0988055e+00   1.1903800e+04   0.0000000e+00
   1.6216760e+00   2.1051783e+00   1.1903800e+04   0.0000000e+00
   1.6265474e+00   2.1149428e+00   1.1904600e+04   0.0000000e+00
   1.6315268e+00   2.1216828e+00   1.1904600e+04   0.0000000e+00
   1.6365063e+00   2.1320521e+00   1.1904600e+04   0.0000000e+00
   1.6414533e+00   2.1408336e+00   1.1904600e+04   0.0000000e+00
   1.6464651e+00   2.1484702e+00   1.1904600e+04   0.0000000e+00
   1.6514769e+00   2.1550914e+00   1.1904600e+04   0.0000000e+00
   1.6567912e+00   2.1643698e+00   1.1904600e+04   0.0000000e+00
   1.6617815e+00   2.1664545e+00   1.1904600e+04   0.0000000e+00
   1.6667393e+00   2.1765970e+00   1.1904600e+04   0.0000000e+00
   1.6717295e+00   2.1837583e+00   1.1905300e+04   0.0000000e+00
   1.6766873e+00   2.1921941e+00   1.1906100e+04   0.0000000e+00
   1.6816777e+00   2.2008784e+00   1.1906100e+04   0.0000000e+00
   1.6866463e+00   2.2073380e+00   1.1906100e+04   0.0000000e+00
   1.6916149e+00   2.2133760e+00   1.1906100e+04   0.0000000e+00
   1.6965944e+00   2.2201593e+00   1.1906100e+04   0.0000000e+00
   1.7015954e+00   2.2305178e+00   1.1906100e+04   0.0000000e+00
   1.7066396e+00   2.2324512e+00   1.1906100e+04   0.0000000e+00
   1.7116083e+00   2.2384892e+00   1.1906100e+04   0.0000000e+00
   1.7168901e+00   2.2472815e+00   1.1906100e+04   0.0000000e+00
   1.7218479e+00   2.2556093e+00   1.1906100e+04   0.0000000e+00
   1.7268274e+00   2.2630731e+00   1.1906100e+04   0.0000000e+00
   1.7318284e+00   2.2749330e+00   1.1906100e+04   0.0000000e+00
   1.7367862e+00   2.2819107e+00   1.1906100e+04   0.0000000e+00
   1.7417765e+00   2.2903249e+00   1.1906800e+04   0.0000000e+00
   1.7467235e+00   2.2945591e+00   1.1906800e+04   0.0000000e+00
   1.7516813e+00   2.3019904e+00   1.1906100e+04   0.0000000e+00
   1.7566391e+00   2.3076072e+00   1.1906100e+04   0.0000000e+00
   1.7616834e+00   2.3152978e+00   1.1906100e+04   0.0000000e+00
   1.7666304e+00   2.3235068e+00   1.1906100e+04   0.0000000e+00
   1.7719987e+00   2.3320723e+00   1.1906100e+04   0.0000000e+00
   1.7769565e+00   2.3381211e+00   1.1906800e+04   0.0000000e+00
   1.7819035e+00   2.3463085e+00   1.1906800e+04   0.0000000e+00
   1.7869156e+00   2.3555761e+00   1.1906800e+04   0.0000000e+00
   1.7918842e+00   2.3624134e+00   1.1906800e+04   0.0000000e+00
   1.7969068e+00   2.3708600e+00   1.1906800e+04   0.0000000e+00
   1.8018431e+00   2.3796091e+00   1.1906800e+04   0.0000000e+00
   1.8067577e+00   2.3871701e+00   1.1906800e+04   0.0000000e+00
   1.8117695e+00   2.3934133e+00   1.1907600e+04   0.0000000e+00
   1.8166949e+00   2.4030589e+00   1.1907600e+04   0.0000000e+00
   1.8216852e+00   2.4108035e+00   1.1907600e+04   0.0000000e+00
   1.8266646e+00   2.4184833e+00   1.1907600e+04   0.0000000e+00
   1.8320437e+00   2.4271892e+00   1.1907600e+04   0.0000000e+00
   1.8370123e+00   2.4334540e+00   1.1907600e+04   0.0000000e+00
   1.8420025e+00   2.4419223e+00   1.1907600e+04   0.0000000e+00
   1.8469388e+00   2.4495913e+00   1.1906800e+04   0.0000000e+00
   1.8519290e+00   2.4571954e+00   1.1906800e+04   0.0000000e+00
   1.8569192e+00   2.4646484e+00   1.1906800e+04   0.0000000e+00
   1.8618879e+00   2.4713452e+00   1.1906800e+04   0.0000000e+00
   1.8668889e+00   2.4780853e+00   1.1906800e+04   0.0000000e+00
   1.8718899e+00   2.4881089e+00   1.1906800e+04   0.0000000e+00
   1.8768369e+00   2.4958859e+00   1.1906800e+04   0.0000000e+00
   1.8818056e+00   2.5034469e+00   1.1906800e+04   0.0000000e+00
   1.8867742e+00   2.5102193e+00   1.1906800e+04   0.0000000e+00
   1.8921102e+00   2.5173918e+00   1.1906800e+04   0.0000000e+00
   1.8970464e+00   2.5264865e+00   1.1906800e+04   0.0000000e+00
   1.9020150e+00   2.5338098e+00   1.1906100e+04   0.0000000e+00
   1.9070377e+00   2.5402582e+00   1.1906100e+04   0.0000000e+00
   1.9119631e+00   2.5481972e+00   1.1906100e+04   0.0000000e+00
   1.9169749e+00   2.5583397e+00   1.1906100e+04   0.0000000e+00
   1.9219976e+00   2.5655334e+00   1.1906800e+04   0.0000000e+00
   1.9269230e+00   2.5726191e+00   1.1906800e+04   0.0000000e+00
   1.9319348e+00   2.5799857e+00   1.1906800e+04   0.0000000e+00
   1.9368926e+00   2.5876654e+00   1.1906800e+04   0.0000000e+00
   1.9418613e+00   2.5966090e+00   1.1906100e+04   0.0000000e+00
   1.9468299e+00   2.6028522e+00   1.1906100e+04   0.0000000e+00
   1.9521658e+00   2.6123142e+00   1.1906100e+04   0.0000000e+00
   1.9571344e+00   2.6213981e+00   1.1906100e+04   0.0000000e+00
   1.9620922e+00   2.6255999e+00   1.1906100e+04   0.0000000e+00
   1.9670717e+00   2.6344787e+00   1.1906100e+04   0.0000000e+00
   1.9720511e+00   2.6404086e+00   1.1906100e+04   0.0000000e+00
   1.9769981e+00   2.6497410e+00   1.1906800e+04   0.0000000e+00
   1.9819991e+00   2.6613201e+00   1.1906800e+04   0.0000000e+00
   1.9869786e+00   2.6656946e+00   1.1906800e+04   0.0000000e+00
   1.9919580e+00   2.6713329e+00   1.1906800e+04   0.0000000e+00
   1.9969377e+00   2.6802873e+00   1.1907600e+04   0.0000000e+00
   2.0018956e+00   2.6883883e+00   1.1907600e+04   0.0000000e+00
