   6.0100000e+02   4.6082949e-03   1.0000000e-07
  -2.9821170e-01  -8.5352240e+00   3.7810400e+04   0.0000000e+00
  -2.9717760e-01  -8.5058493e+00   3.7813400e+04   0.0000000e+00
  -2.9610240e-01  -8.4794215e+00   3.7813400e+04   0.0000000e+00
  -2.9521600e-01  -8.4522218e+00   3.7813400e+04   0.0000000e+00
  -2.9418180e-01  -8.4209759e+00   3.7810400e+04   0.0000000e+00
  -2.9310660e-01  -8.3920034e+00   3.7810400e+04   0.0000000e+00
  -2.9225310e-01  -8.3635403e+00   3.7807400e+04   0.0000000e+00
  -2.9118610e-01  -8.3345268e+00   3.7807400e+04   0.0000000e+00
  -2.9014370e-01  -8.3014588e+00   3.7807400e+04   0.0000000e+00
  -2.8927370e-01  -8.2736440e+00   3.7807400e+04   0.0000000e+00
  -2.8822320e-01  -8.2471338e+00   3.7804400e+04   0.0000000e+00
  -2.8717260e-01  -8.2088705e+00   3.7801500e+04   0.0000000e+00
  -2.8628620e-01  -8.1857171e+00   3.7801500e+04   0.0000000e+00
  -2.8525210e-01  -8.1551034e+00   3.7801500e+04   0.0000000e+00
  -2.8417690e-01  -8.1250394e+00   3.7801500e+04   0.0000000e+00
  -2.8331510e-01  -8.0961654e+00   3.7801500e+04   0.0000000e+00
  -2.8225630e-01  -8.0669718e+00   3.7801500e+04   0.0000000e+00
  -2.8119760e-01  -8.0371950e+00   3.7801500e+04   0.0000000e+00
  -2.8032760e-01  -8.0110787e+00   3.7804400e+04   0.0000000e+00
  -2.7926880e-01  -7.9834851e+00   3.7807400e+04   0.0000000e+00
  -2.7821820e-01  -7.9500809e+00   3.7807400e+04   0.0000000e+00
  -2.7734000e-01  -7.9302844e+00   3.7807400e+04   0.0000000e+00
  -2.7628130e-01  -7.8988743e+00   3.7810400e+04   0.0000000e+00
  -2.7525530e-01  -7.8644520e+00   3.7810400e+04   0.0000000e+00
  -2.7436070e-01  -7.8384758e+00   3.7810400e+04   0.0000000e+00
  -2.7331840e-01  -7.8052272e+00   3.7810400e+04   0.0000000e+00
  -2.7226780e-01  -7.7788975e+00   3.7810400e+04   0.0000000e+00
  -2.7138960e-01  -7.7449270e+00   3.7810400e+04   0.0000000e+00
  -2.7031440e-01  -7.7160202e+00   3.7810400e+04   0.0000000e+00
  -2.6925560e-01  -7.6781590e+00   3.7813400e+04   0.0000000e+00
  -2.6837740e-01  -7.6563845e+00   3.7813400e+04   0.0000000e+00
  -2.6735150e-01  -7.6255573e+00   3.7813400e+04   0.0000000e+00
  -2.6648970e-01  -7.5994575e+00   3.7813400e+04   0.0000000e+00
  -2.6543920e-01  -7.5681294e+00   3.7810400e+04   0.0000000e+00
  -2.6438860e-01  -7.5316558e+00   3.7810400e+04   0.0000000e+00
  -2.6351040e-01  -7.5081577e+00   3.7810400e+04   0.0000000e+00
  -2.6245160e-01  -7.4724715e+00   3.7810400e+04   0.0000000e+00
  -2.6140930e-01  -7.4424977e+00   3.7807400e+04   0.0000000e+00
  -2.6053930e-01  -7.4199931e+00   3.7807400e+04   0.0000000e+00
  -2.5947230e-01  -7.3865968e+00   3.7807400e+04   0.0000000e+00
  -2.5843000e-01  -7.3574930e+00   3.7810400e+04   0.0000000e+00
  -2.5755170e-01  -7.3265099e+00   3.7810400e+04   0.0000000e+00
  -2.5648480e-01  -7.2999258e+00   3.7810400e+04   0.0000000e+00
  -2.5545060e-01  -7.2615229e+00   3.7810400e+04   0.0000000e+00
  -2.5456420e-01  -7.2360222e+00   3.7810400e+04   0.0000000e+00
  -2.5351370e-01  -7.2040955e+00   3.7810400e+04   0.0000000e+00
  -2.5245490e-01  -7.1654218e+00   3.7810400e+04   0.0000000e+00
  -2.5159310e-01  -7.1342743e+00   3.7810400e+04   0.0000000e+00
  -2.5052610e-01  -7.1039232e+00   3.7810400e+04   0.0000000e+00
  -2.4948380e-01  -7.0690085e+00   3.7813400e+04   0.0000000e+00
  -2.4860560e-01  -7.0452477e+00   3.7813400e+04   0.0000000e+00
  -2.4755500e-01  -7.0083307e+00   3.7813400e+04   0.0000000e+00
  -2.4648800e-01  -6.9764117e+00   3.7810400e+04   0.0000000e+00
  -2.4560160e-01  -6.9457978e+00   3.7810400e+04   0.0000000e+00
  -2.4457570e-01  -6.9171946e+00   3.7810400e+04   0.0000000e+00
  -2.4353330e-01  -6.8782669e+00   3.7810400e+04   0.0000000e+00
  -2.4263870e-01  -6.8530370e+00   3.7807400e+04   0.0000000e+00
  -2.4158820e-01  -6.8150363e+00   3.7807400e+04   0.0000000e+00
  -2.4054580e-01  -6.7865073e+00   3.7807400e+04   0.0000000e+00
  -2.3965940e-01  -6.7579452e+00   3.7807400e+04   0.0000000e+00
  -2.3860880e-01  -6.7242862e+00   3.7807400e+04   0.0000000e+00
  -2.3756650e-01  -6.6903566e+00   3.7807400e+04   0.0000000e+00
  -2.3666370e-01  -6.6674659e+00   3.7807400e+04   0.0000000e+00
  -2.3562130e-01  -6.6327236e+00   3.7807400e+04   0.0000000e+00
  -2.3457900e-01  -6.5990485e+00   3.7807400e+04   0.0000000e+00
  -2.3370080e-01  -6.5710445e+00   3.7807400e+04   0.0000000e+00
  -2.3264200e-01  -6.5400858e+00   3.7807400e+04   0.0000000e+00
  -2.3159140e-01  -6.5082653e+00   3.7807400e+04   0.0000000e+00
  -2.3070500e-01  -6.4747707e+00   3.7807400e+04   0.0000000e+00
  -2.2965450e-01  -6.4472838e+00   3.7807400e+04   0.0000000e+00
  -2.2858750e-01  -6.4144784e+00   3.7807400e+04   0.0000000e+00
  -2.2773390e-01  -6.3867619e+00   3.7807400e+04   0.0000000e+00
  -2.2667510e-01  -6.3604815e+00   3.7810400e+04   0.0000000e+00
  -2.2562460e-01  -6.3241305e+00   3.7810400e+04   0.0000000e+00
  -2.2473820e-01  -6.2983836e+00   3.7810400e+04   0.0000000e+00
  -2.2367940e-01  -6.2632474e+00   3.7810400e+04   0.0000000e+00
  -2.2265350e-01  -6.2238186e+00   3.7807400e+04   0.0000000e+00
  -2.2178350e-01  -6.1940993e+00   3.7807400e+04   0.0000000e+00
  -2.2073290e-01  -6.1624270e+00   3.7810400e+04   0.0000000e+00
  -2.1969060e-01  -6.1312057e+00   3.7810400e+04   0.0000000e+00
  -2.1879590e-01  -6.0937138e+00   3.7810400e+04   0.0000000e+00
  -2.1774540e-01  -6.0644625e+00   3.7810400e+04   0.0000000e+00
  -2.1670300e-01  -6.0297201e+00   3.7813400e+04   0.0000000e+00
  -2.1582480e-01  -6.0027913e+00   3.7813400e+04   0.0000000e+00
  -2.1475780e-01  -5.9735316e+00   3.7813400e+04   0.0000000e+00
  -2.1388780e-01  -5.9436565e+00   3.7813400e+04   0.0000000e+00
  -2.1283730e-01  -5.9171709e+00   3.7810400e+04   0.0000000e+00
  -2.1176210e-01  -5.8819361e+00   3.7810400e+04   0.0000000e+00
  -2.1090850e-01  -5.8516753e+00   3.7810400e+04   0.0000000e+00
  -2.0986620e-01  -5.8147579e+00   3.7810400e+04   0.0000000e+00
  -2.0879920e-01  -5.7816735e+00   3.7810400e+04   0.0000000e+00
  -2.0791280e-01  -5.7544904e+00   3.7813400e+04   0.0000000e+00
  -2.0685400e-01  -5.7220216e+00   3.7813400e+04   0.0000000e+00
  -2.0581990e-01  -5.6941325e+00   3.7813400e+04   0.0000000e+00
  -2.0493350e-01  -5.6611794e+00   3.7813400e+04   0.0000000e+00
  -2.0389110e-01  -5.6331920e+00   3.7813400e+04   0.0000000e+00
  -2.0283210e-01  -5.5942556e+00   3.7813400e+04   0.0000000e+00
  -2.0194570e-01  -5.5703882e+00   3.7813400e+04   0.0000000e+00
  -2.0088700e-01  -5.5380919e+00   3.7813400e+04   0.0000000e+00
  -1.9984460e-01  -5.5024878e+00   3.7813400e+04   0.0000000e+00
  -1.9899100e-01  -5.4744756e+00   3.7813400e+04   0.0000000e+00
  -1.9793230e-01  -5.4407674e+00   3.7810400e+04   0.0000000e+00
  -1.9688170e-01  -5.4068129e+00   3.7810400e+04   0.0000000e+00
  -1.9599530e-01  -5.3784232e+00   3.7810400e+04   0.0000000e+00
  -1.9492010e-01  -5.3483263e+00   3.7810400e+04   0.0000000e+00
  -1.9388600e-01  -5.3087992e+00   3.7810400e+04   0.0000000e+00
  -1.9302420e-01  -5.2884199e+00   3.7810400e+04   0.0000000e+00
  -1.9196540e-01  -5.2532590e+00   3.7810400e+04   0.0000000e+00
  -1.9090660e-01  -5.2216768e+00   3.7810400e+04   0.0000000e+00
  -1.9002840e-01  -5.1944853e+00   3.7810400e+04   0.0000000e+00
  -1.8896150e-01  -5.1607279e+00   3.7810400e+04   0.0000000e+00
  -1.8790270e-01  -5.1230721e+00   3.7810400e+04   0.0000000e+00
  -1.8704910e-01  -5.1033658e+00   3.7810400e+04   0.0000000e+00
  -1.8598210e-01  -5.0727601e+00   3.7810400e+04   0.0000000e+00
  -1.8494800e-01  -5.0331835e+00   3.7810400e+04   0.0000000e+00
  -1.8406160e-01  -5.0071412e+00   3.7810400e+04   0.0000000e+00
  -1.8300280e-01  -4.9736136e+00   3.7810400e+04   0.0000000e+00
  -1.8193590e-01  -4.9411365e+00   3.7807400e+04   0.0000000e+00
  -1.8108230e-01  -4.9152256e+00   3.7807400e+04   0.0000000e+00
  -1.8001530e-01  -4.8851369e+00   3.7807400e+04   0.0000000e+00
  -1.7896470e-01  -4.8501648e+00   3.7807400e+04   0.0000000e+00
  -1.7816040e-01  -4.8278896e+00   3.7804400e+04   0.0000000e+00
  -1.7709340e-01  -4.7925073e+00   3.7804400e+04   0.0000000e+00
  -1.7605930e-01  -4.7662105e+00   3.7804400e+04   0.0000000e+00
  -1.7518930e-01  -4.7341027e+00   3.7804400e+04   0.0000000e+00
  -1.7414690e-01  -4.7063287e+00   3.7801500e+04   0.0000000e+00
  -1.7308820e-01  -4.6658001e+00   3.7801500e+04   0.0000000e+00
  -1.7221000e-01  -4.6408493e+00   3.7801500e+04   0.0000000e+00
  -1.7114300e-01  -4.6064023e+00   3.7801500e+04   0.0000000e+00
  -1.7010060e-01  -4.5748117e+00   3.7801500e+04   0.0000000e+00
  -1.6924710e-01  -4.5522657e+00   3.7801500e+04   0.0000000e+00
  -1.6817190e-01  -4.5160788e+00   3.7801500e+04   0.0000000e+00
  -1.6711310e-01  -4.4857933e+00   3.7801500e+04   0.0000000e+00
  -1.6622670e-01  -4.4531521e+00   3.7801500e+04   0.0000000e+00
  -1.6520080e-01  -4.4240072e+00   3.7801500e+04   0.0000000e+00
  -1.6411740e-01  -4.3868356e+00   3.7801500e+04   0.0000000e+00
  -1.6327200e-01  -4.3639038e+00   3.7801500e+04   0.0000000e+00
  -1.6219680e-01  -4.3226858e+00   3.7801500e+04   0.0000000e+00
  -1.6131040e-01  -4.2912184e+00   3.7801500e+04   0.0000000e+00
  -1.6026810e-01  -4.2599560e+00   3.7801500e+04   0.0000000e+00
  -1.5923390e-01  -4.2267075e+00   3.7801500e+04   0.0000000e+00
  -1.5834750e-01  -4.2050232e+00   3.7804400e+04   0.0000000e+00
  -1.5729690e-01  -4.1691071e+00   3.7807400e+04   0.0000000e+00
  -1.5625460e-01  -4.1405943e+00   3.7807400e+04   0.0000000e+00
  -1.5535180e-01  -4.1128693e+00   3.7807400e+04   0.0000000e+00
  -1.5432580e-01  -4.0762969e+00   3.7807400e+04   0.0000000e+00
  -1.5326710e-01  -4.0421783e+00   3.7810400e+04   0.0000000e+00
  -1.5239710e-01  -4.0139199e+00   3.7810400e+04   0.0000000e+00
  -1.5133830e-01  -3.9906681e+00   3.7810400e+04   0.0000000e+00
  -1.5028770e-01  -3.9505417e+00   3.7810400e+04   0.0000000e+00
  -1.4941770e-01  -3.9258207e+00   3.7807400e+04   0.0000000e+00
  -1.4836720e-01  -3.8901181e+00   3.7807400e+04   0.0000000e+00
  -1.4730020e-01  -3.8573948e+00   3.7807400e+04   0.0000000e+00
  -1.4642200e-01  -3.8233254e+00   3.7807400e+04   0.0000000e+00
  -1.4537140e-01  -3.7886159e+00   3.7807400e+04   0.0000000e+00
  -1.4432090e-01  -3.7580677e+00   3.7807400e+04   0.0000000e+00
  -1.4344270e-01  -3.7302853e+00   3.7807400e+04   0.0000000e+00
  -1.4240030e-01  -3.6994087e+00   3.7807400e+04   0.0000000e+00
  -1.4134980e-01  -3.6643627e+00   3.7807400e+04   0.0000000e+00
  -1.4046340e-01  -3.6343480e+00   3.7807400e+04   0.0000000e+00
  -1.3940460e-01  -3.5975702e+00   3.7807400e+04   0.0000000e+00
  -1.3836220e-01  -3.5660780e+00   3.7807400e+04   0.0000000e+00
  -1.3746760e-01  -3.5384925e+00   3.7807400e+04   0.0000000e+00
  -1.3640060e-01  -3.5064422e+00   3.7807400e+04   0.0000000e+00
  -1.3535830e-01  -3.4691555e+00   3.7810400e+04   0.0000000e+00
  -1.3448830e-01  -3.4470529e+00   3.7810400e+04   0.0000000e+00
  -1.3342950e-01  -3.4113667e+00   3.7810400e+04   0.0000000e+00
  -1.3242000e-01  -3.3803834e+00   3.7810400e+04   0.0000000e+00
  -1.3151720e-01  -3.3454360e+00   3.7810400e+04   0.0000000e+00
  -1.3047480e-01  -3.3094871e+00   3.7807400e+04   0.0000000e+00
  -1.2940790e-01  -3.2764027e+00   3.7807400e+04   0.0000000e+00
  -1.2854610e-01  -3.2449105e+00   3.7807400e+04   0.0000000e+00
  -1.2749550e-01  -3.2143621e+00   3.7804400e+04   0.0000000e+00
  -1.2645320e-01  -3.1756637e+00   3.7804400e+04   0.0000000e+00
  -1.2555850e-01  -3.1553912e+00   3.7801500e+04   0.0000000e+00
  -1.2451620e-01  -3.1176122e+00   3.7801500e+04   0.0000000e+00
  -1.2344920e-01  -3.0800957e+00   3.7801500e+04   0.0000000e+00
  -1.2257920e-01  -3.0506143e+00   3.7801500e+04   0.0000000e+00
  -1.2152870e-01  -3.0217815e+00   3.7801500e+04   0.0000000e+00
  -1.2047810e-01  -2.9865303e+00   3.7801500e+04   0.0000000e+00
  -1.1958350e-01  -2.9566222e+00   3.7804400e+04   0.0000000e+00
  -1.1854930e-01  -2.9216745e+00   3.7804400e+04   0.0000000e+00
  -1.1749060e-01  -2.8895257e+00   3.7807400e+04   0.0000000e+00
  -1.1661240e-01  -2.8657979e+00   3.7807400e+04   0.0000000e+00
  -1.1558640e-01  -2.8183340e+00   3.7807400e+04   0.0000000e+00
  -1.1451940e-01  -2.7863412e+00   3.7807400e+04   0.0000000e+00
  -1.1362480e-01  -2.7554974e+00   3.7807400e+04   0.0000000e+00
  -1.1258250e-01  -2.7265003e+00   3.7807400e+04   0.0000000e+00
  -1.1153190e-01  -2.6903954e+00   3.7807400e+04   0.0000000e+00
  -1.1065370e-01  -2.6638687e+00   3.7807400e+04   0.0000000e+00
  -1.0961140e-01  -2.6325079e+00   3.7810400e+04   0.0000000e+00
  -1.0856080e-01  -2.5892873e+00   3.7810400e+04   0.0000000e+00
  -1.0767440e-01  -2.5645335e+00   3.7810400e+04   0.0000000e+00
  -1.0661560e-01  -2.5236027e+00   3.7810400e+04   0.0000000e+00
  -1.0575380e-01  -2.4967722e+00   3.7810400e+04   0.0000000e+00
  -1.0469510e-01  -2.4608973e+00   3.7810400e+04   0.0000000e+00
  -1.0364450e-01  -2.4237583e+00   3.7813400e+04   0.0000000e+00
  -1.0276630e-01  -2.3975929e+00   3.7813400e+04   0.0000000e+00
  -1.0171570e-01  -2.3541178e+00   3.7813400e+04   0.0000000e+00
  -1.0065700e-01  -2.3273860e+00   3.7813400e+04   0.0000000e+00
  -9.9778800e-02  -2.2914372e+00   3.7813400e+04   0.0000000e+00
  -9.8728200e-02  -2.2566867e+00   3.7813400e+04   0.0000000e+00
  -9.7685700e-02  -2.2194410e+00   3.7813400e+04   0.0000000e+00
  -9.6791000e-02  -2.1909362e+00   3.7810400e+04   0.0000000e+00
  -9.5748700e-02  -2.1508425e+00   3.7810400e+04   0.0000000e+00
  -9.4689900e-02  -2.1144505e+00   3.7810400e+04   0.0000000e+00
  -9.3811700e-02  -2.0808409e+00   3.7810400e+04   0.0000000e+00
  -9.2761200e-02  -2.0504485e+00   3.7810400e+04   0.0000000e+00
  -9.1702400e-02  -2.0097065e+00   3.7813400e+04   0.0000000e+00
  -9.0807800e-02  -1.9778365e+00   3.7813400e+04   0.0000000e+00
  -8.9757200e-02  -1.9477396e+00   3.7813400e+04   0.0000000e+00
  -8.8706700e-02  -1.9053479e+00   3.7813400e+04   0.0000000e+00
  -8.7885900e-02  -1.8863557e+00   3.7813400e+04   0.0000000e+00
  -8.6818900e-02  -1.8402707e+00   3.7816400e+04   0.0000000e+00
  -8.5752000e-02  -1.8051508e+00   3.7819300e+04   0.0000000e+00
  -8.4873800e-02  -1.7798225e+00   3.7819300e+04   0.0000000e+00
  -8.3831400e-02  -1.7509319e+00   3.7819300e+04   0.0000000e+00
  -8.2780800e-02  -1.7154180e+00   3.7819300e+04   0.0000000e+00
  -8.1935500e-02  -1.6901143e+00   3.7816400e+04   0.0000000e+00
  -8.0868500e-02  -1.6499880e+00   3.7816400e+04   0.0000000e+00
  -7.9801500e-02  -1.6095332e+00   3.7816400e+04   0.0000000e+00
  -7.8923300e-02  -1.5845578e+00   3.7816400e+04   0.0000000e+00
  -7.7881000e-02  -1.5401550e+00   3.7816400e+04   0.0000000e+00
  -7.6805800e-02  -1.5005948e+00   3.7816400e+04   0.0000000e+00
  -7.5927600e-02  -1.4793374e+00   3.7816400e+04   0.0000000e+00
  -7.4901600e-02  -1.4371428e+00   3.7816400e+04   0.0000000e+00
  -7.3842900e-02  -1.3946033e+00   3.7816400e+04   0.0000000e+00
  -7.2948300e-02  -1.3594834e+00   3.7819300e+04   0.0000000e+00
  -7.1897700e-02  -1.3361164e+00   3.7819300e+04   0.0000000e+00
  -7.0863600e-02  -1.3014233e+00   3.7816400e+04   0.0000000e+00
  -6.9977100e-02  -1.2712115e+00   3.7816400e+04   0.0000000e+00
  -6.8918400e-02  -1.2312573e+00   3.7816400e+04   0.0000000e+00
  -6.7876000e-02  -1.1906138e+00   3.7816400e+04   0.0000000e+00
  -6.6965000e-02  -1.1650802e+00   3.7816400e+04   0.0000000e+00
  -6.5914400e-02  -1.1183303e+00   3.7816400e+04   0.0000000e+00
  -6.4872100e-02  -1.0883730e+00   3.7816400e+04   0.0000000e+00
  -6.4002100e-02  -1.0493791e+00   3.7816400e+04   0.0000000e+00
  -6.2967900e-02  -1.0011024e+00   3.7813400e+04   0.0000000e+00
  -6.1909200e-02  -9.5800480e-01   3.7813400e+04   0.0000000e+00
  -6.1031000e-02  -9.2830200e-01   3.7813400e+04   0.0000000e+00
  -5.9988600e-02  -8.9467590e-01   3.7813400e+04   0.0000000e+00
  -5.8921600e-02  -8.4973160e-01   3.7813400e+04   0.0000000e+00
  -5.8051600e-02  -8.1764830e-01   3.7813400e+04   0.0000000e+00
  -5.7001100e-02  -7.7822760e-01   3.7813400e+04   0.0000000e+00
  -5.5942300e-02  -7.3699320e-01   3.7813400e+04   0.0000000e+00
  -5.5072300e-02  -7.0738050e-01   3.7813400e+04   0.0000000e+00
  -5.3997100e-02  -6.6221460e-01   3.7813400e+04   0.0000000e+00
  -5.3143600e-02  -6.2986070e-01   3.7813400e+04   0.0000000e+00
  -5.2076600e-02  -5.8655780e-01   3.7813400e+04   0.0000000e+00
  -5.1026000e-02  -5.3741130e-01   3.7813400e+04   0.0000000e+00
  -5.0139600e-02  -5.1112270e-01   3.7813400e+04   0.0000000e+00
  -4.9080800e-02  -4.6124570e-01   3.7813400e+04   0.0000000e+00
  -4.8046700e-02  -4.2720920e-01   3.7813400e+04   0.0000000e+00
  -4.7160300e-02  -3.8331530e-01   3.7813400e+04   0.0000000e+00
  -4.6109700e-02  -3.3813300e-01   3.7813400e+04   0.0000000e+00
  -4.5051000e-02  -3.0188050e-01   3.7813400e+04   0.0000000e+00
  -4.4164600e-02  -2.7194770e-01   3.7813400e+04   0.0000000e+00
  -4.3146800e-02  -2.3537510e-01   3.7813400e+04   0.0000000e+00
  -4.2096300e-02  -1.8823100e-01   3.7813400e+04   0.0000000e+00
  -4.1226300e-02  -1.6274670e-01   3.7813400e+04   0.0000000e+00
  -4.0175700e-02  -1.2175030e-01   3.7813400e+04   0.0000000e+00
  -3.9125200e-02  -8.7606900e-02   3.7813400e+04   0.0000000e+00
  -3.8238700e-02  -6.3911800e-02   3.7813400e+04   0.0000000e+00
  -3.7171800e-02  -4.6364200e-02   3.7813400e+04   0.0000000e+00
  -3.6137600e-02  -2.9243300e-02   3.7813400e+04   0.0000000e+00
  -3.5259400e-02  -2.1011200e-02   3.7813400e+04   0.0000000e+00
  -3.4217100e-02  -1.3091000e-02   3.7813400e+04   0.0000000e+00
  -3.3150100e-02  -7.3703000e-03   3.7810400e+04   0.0000000e+00
  -3.2255500e-02  -5.0722000e-03   3.7810400e+04   0.0000000e+00
  -3.1213100e-02  -3.5210000e-03   3.7810400e+04   0.0000000e+00
  -3.0170800e-02  -1.8303000e-03   3.7810400e+04   0.0000000e+00
  -2.9292600e-02  -1.4527000e-03   3.7807400e+04   0.0000000e+00
  -2.8225600e-02  -1.1244000e-03   3.7807400e+04   0.0000000e+00
  -2.7183200e-02  -8.2900000e-04   3.7807400e+04   0.0000000e+00
  -2.6313200e-02  -7.7150000e-04   3.7810400e+04   0.0000000e+00
  -2.5238100e-02  -7.3870000e-04   3.7810400e+04   0.0000000e+00
  -2.4203900e-02  -7.1410000e-04   3.7810400e+04   0.0000000e+00
  -2.3309300e-02  -6.7300000e-04   3.7810400e+04   0.0000000e+00
  -2.2275200e-02  -6.4020000e-04   3.7810400e+04   0.0000000e+00
  -2.1191800e-02  -5.9910000e-04   3.7810400e+04   0.0000000e+00
  -2.0338200e-02  -5.9090000e-04   3.7810400e+04   0.0000000e+00
  -1.9279400e-02  -5.5810000e-04   3.7807400e+04   0.0000000e+00
  -1.8220600e-02  -5.3350000e-04   3.7807400e+04   0.0000000e+00
  -1.7350700e-02  -5.0070000e-04   3.7807400e+04   0.0000000e+00
  -1.6291900e-02  -4.9240000e-04   3.7807400e+04   0.0000000e+00
  -1.5257700e-02  -4.5960000e-04   3.7807400e+04   0.0000000e+00
  -1.4371300e-02  -4.5140000e-04   3.7810400e+04   0.0000000e+00
  -1.3329000e-02  -4.3500000e-04   3.7810400e+04   0.0000000e+00
  -1.2253800e-02  -4.1860000e-04   3.7813400e+04   0.0000000e+00
  -1.1392000e-02  -4.0220000e-04   3.7813400e+04   0.0000000e+00
  -1.0333200e-02  -3.8580000e-04   3.7813400e+04   0.0000000e+00
  -9.2827000e-03  -3.6930000e-04   3.7813400e+04   0.0000000e+00
  -8.3881000e-03  -3.3650000e-04   3.7813400e+04   0.0000000e+00
  -7.3375000e-03  -3.2830000e-04   3.7810400e+04   0.0000000e+00
  -6.2869000e-03  -3.1190000e-04   3.7810400e+04   0.0000000e+00
  -5.4252000e-03  -2.9550000e-04   3.7810400e+04   0.0000000e+00
  -4.3500000e-03  -2.7080000e-04   3.7810400e+04   0.0000000e+00
  -3.3158000e-03  -2.6260000e-04   3.7810400e+04   0.0000000e+00
  -2.4130000e-03  -2.2980000e-04   3.7810400e+04   0.0000000e+00
  -1.3707000e-03  -2.2160000e-04   3.7810400e+04   0.0000000e+00
  -3.2830000e-04  -1.9700000e-04   3.7810400e+04   0.0000000e+00
   5.5810000e-04  -1.5590000e-04   3.7810400e+04   0.0000000e+00
   1.5923000e-03  -1.3130000e-04   3.7810400e+04   0.0000000e+00
   2.4787000e-03  -9.8500000e-05   3.7813400e+04   0.0000000e+00
   3.5210000e-03  -4.9200000e-05   3.7813400e+04   0.0000000e+00
   4.5716000e-03   8.2000000e-06   3.7816400e+04   0.0000000e+00
   5.4416000e-03   8.2100000e-05   3.7819300e+04   0.0000000e+00
   6.5168000e-03   1.4770000e-04   3.7819300e+04   0.0000000e+00
   7.5427000e-03   1.8060000e-04   3.7819300e+04   0.0000000e+00
   8.4291000e-03   2.4620000e-04   3.7819300e+04   0.0000000e+00
   9.4715000e-03   3.0370000e-04   3.7816400e+04   0.0000000e+00
   1.0546600e-02   3.6110000e-04   3.7813400e+04   0.0000000e+00
   1.1408400e-02   3.9400000e-04   3.7813400e+04   0.0000000e+00
   1.2475400e-02   4.4320000e-04   3.7813400e+04   0.0000000e+00
   1.3509500e-02   4.8420000e-04   3.7813400e+04   0.0000000e+00
   1.4396000e-02   5.0890000e-04   3.7813400e+04   0.0000000e+00
   1.5454700e-02   5.3350000e-04   3.7813400e+04   0.0000000e+00
   1.6488900e-02   5.4990000e-04   3.7813400e+04   0.0000000e+00
   1.7367100e-02   5.8270000e-04   3.7813400e+04   0.0000000e+00
   1.8417600e-02   5.9090000e-04   3.7813400e+04   0.0000000e+00
   1.9476400e-02   6.1560000e-04   3.7813400e+04   0.0000000e+00
   2.0346400e-02   6.3200000e-04   3.7810400e+04   0.0000000e+00
   2.1413400e-02   6.4840000e-04   3.7810400e+04   0.0000000e+00
   2.2472100e-02   6.6480000e-04   3.7810400e+04   0.0000000e+00
   2.3342100e-02   6.8120000e-04   3.7810400e+04   0.0000000e+00
   2.4392700e-02   6.9760000e-04   3.7810400e+04   0.0000000e+00
   2.5435000e-02   7.2230000e-04   3.7813400e+04   0.0000000e+00
   2.6313200e-02   7.2230000e-04   3.7813400e+04   0.0000000e+00
   2.7363800e-02   7.5510000e-04   3.7813400e+04   0.0000000e+00
   2.8430800e-02   7.8790000e-04   3.7813400e+04   0.0000000e+00
   2.9300800e-02   8.0430000e-04   3.7816400e+04   0.0000000e+00
   3.0326700e-02   8.3720000e-04   3.7819300e+04   0.0000000e+00
   3.1393700e-02   8.6180000e-04   3.7819300e+04   0.0000000e+00
   3.2288300e-02   8.7000000e-04   3.7819300e+04   0.0000000e+00
   3.3338900e-02   8.8640000e-04   3.7822300e+04   0.0000000e+00
   3.4397600e-02   9.1100000e-04   3.7822300e+04   0.0000000e+00
   3.5267600e-02   9.3570000e-04   3.7822300e+04   0.0000000e+00
   3.6310000e-02   9.6850000e-04   3.7822300e+04   0.0000000e+00
   3.7360500e-02   1.0177000e-03   3.7822300e+04   0.0000000e+00
   3.8238700e-02   1.0259000e-03   3.7822300e+04   0.0000000e+00
   3.9289300e-02   1.0752000e-03   3.7822300e+04   0.0000000e+00
   4.0356300e-02   1.1490000e-03   3.7822300e+04   0.0000000e+00
   4.1226300e-02   1.2311000e-03   3.7822300e+04   0.0000000e+00
   4.2260400e-02   1.4773000e-03   3.7822300e+04   0.0000000e+00
   4.3352000e-02   2.0437000e-03   3.7819300e+04   0.0000000e+00
   4.4222000e-02   3.5046000e-03   3.7819300e+04   0.0000000e+00
   4.5272600e-02   7.1323000e-03   3.7819300e+04   0.0000000e+00
   4.6314900e-02   1.0833900e-02   3.7819300e+04   0.0000000e+00
   4.7168500e-02   1.4904800e-02   3.7819300e+04   0.0000000e+00
   4.8227300e-02   2.4023400e-02   3.7819300e+04   0.0000000e+00
   4.9286000e-02   3.5046000e-02   3.7819300e+04   0.0000000e+00
   5.0139600e-02   5.2478800e-02   3.7819300e+04   0.0000000e+00
   5.1214800e-02   7.4294300e-02   3.7819300e+04   0.0000000e+00
   5.2265400e-02   1.0917620e-01   3.7819300e+04   0.0000000e+00
   5.3127100e-02   1.3122970e-01   3.7819300e+04   0.0000000e+00
   5.4185900e-02   1.6915660e-01   3.7822300e+04   0.0000000e+00
   5.5064100e-02   2.0470330e-01   3.7822300e+04   0.0000000e+00
   5.6122900e-02   2.4689000e-01   3.7819300e+04   0.0000000e+00
   5.7189900e-02   2.8924070e-01   3.7819300e+04   0.0000000e+00
   5.8059900e-02   3.2578050e-01   3.7819300e+04   0.0000000e+00
   5.9085800e-02   3.7066730e-01   3.7816400e+04   0.0000000e+00
   6.0152800e-02   4.2212850e-01   3.7816400e+04   0.0000000e+00
   6.1022800e-02   4.6111420e-01   3.7816400e+04   0.0000000e+00
   6.2081500e-02   5.0764250e-01   3.7819300e+04   0.0000000e+00
   6.3140300e-02   5.4874560e-01   3.7816400e+04   0.0000000e+00
   6.3993900e-02   5.9286100e-01   3.7816400e+04   0.0000000e+00
   6.5077300e-02   6.3187150e-01   3.7816400e+04   0.0000000e+00
   6.6119600e-02   6.7915490e-01   3.7816400e+04   0.0000000e+00
   6.6997800e-02   7.1741010e-01   3.7813400e+04   0.0000000e+00
   6.8073000e-02   7.6491510e-01   3.7813400e+04   0.0000000e+00
   6.9107100e-02   8.0399100e-01   3.7816400e+04   0.0000000e+00
   6.9977100e-02   8.4575090e-01   3.7816400e+04   0.0000000e+00
   7.1019500e-02   8.8774870e-01   3.7816400e+04   0.0000000e+00
   7.2070100e-02   9.2561810e-01   3.7816400e+04   0.0000000e+00
   7.2956500e-02   9.7469910e-01   3.7819300e+04   0.0000000e+00
   7.4015200e-02   1.0157858e+00   3.7819300e+04   0.0000000e+00
   7.5074000e-02   1.0555103e+00   3.7816400e+04   0.0000000e+00
   7.5944000e-02   1.0965807e+00   3.7816400e+04   0.0000000e+00
   7.6994600e-02   1.1370190e+00   3.7819300e+04   0.0000000e+00
   7.8028700e-02   1.1879958e+00   3.7819300e+04   0.0000000e+00
   7.8906900e-02   1.2297884e+00   3.7819300e+04   0.0000000e+00
   7.9990300e-02   1.2700875e+00   3.7819300e+04   0.0000000e+00
   8.1032600e-02   1.3208181e+00   3.7819300e+04   0.0000000e+00
   8.1910800e-02   1.3497495e+00   3.7819300e+04   0.0000000e+00
   8.2953200e-02   1.3981411e+00   3.7816400e+04   0.0000000e+00
   8.4020200e-02   1.4369544e+00   3.7816400e+04   0.0000000e+00
   8.4882000e-02   1.4760222e+00   3.7813400e+04   0.0000000e+00
   8.5948900e-02   1.5220334e+00   3.7813400e+04   0.0000000e+00
   8.6991300e-02   1.5651392e+00   3.7813400e+04   0.0000000e+00
   8.7869500e-02   1.6066940e+00   3.7813400e+04   0.0000000e+00
   8.8920100e-02   1.6443582e+00   3.7810400e+04   0.0000000e+00
   8.9987000e-02   1.6873984e+00   3.7810400e+04   0.0000000e+00
   9.0865200e-02   1.7232242e+00   3.7810400e+04   0.0000000e+00
   9.1899400e-02   1.7628992e+00   3.7810400e+04   0.0000000e+00
   9.2917100e-02   1.8098792e+00   3.7810400e+04   0.0000000e+00
   9.3819900e-02   1.8450237e+00   3.7810400e+04   0.0000000e+00
   9.4854100e-02   1.8830326e+00   3.7810400e+04   0.0000000e+00
   9.5912800e-02   1.9289947e+00   3.7810400e+04   0.0000000e+00
   9.6799300e-02   1.9599452e+00   3.7810400e+04   0.0000000e+00
   9.7833400e-02   2.0061537e+00   3.7813400e+04   0.0000000e+00
   9.8884000e-02   2.0531991e+00   3.7813400e+04   0.0000000e+00
   9.9778600e-02   2.0830005e+00   3.7813400e+04   0.0000000e+00
   1.0082090e-01   2.1201970e+00   3.7813400e+04   0.0000000e+00
   1.0187150e-01   2.1627857e+00   3.7813400e+04   0.0000000e+00
   1.0275790e-01   2.1968469e+00   3.7813400e+04   0.0000000e+00
   1.0380850e-01   2.2384510e+00   3.7813400e+04   0.0000000e+00
   1.0485080e-01   2.2768867e+00   3.7813400e+04   0.0000000e+00
   1.0572080e-01   2.3094460e+00   3.7813400e+04   0.0000000e+00
   1.0677960e-01   2.3581985e+00   3.7813400e+04   0.0000000e+00
   1.0766600e-01   2.3902570e+00   3.7813400e+04   0.0000000e+00
   1.0872480e-01   2.4287503e+00   3.7813400e+04   0.0000000e+00
   1.0975890e-01   2.4708055e+00   3.7816400e+04   0.0000000e+00
   1.1062890e-01   2.5016247e+00   3.7816400e+04   0.0000000e+00
   1.1168770e-01   2.5420962e+00   3.7816400e+04   0.0000000e+00
   1.1274640e-01   2.5829859e+00   3.7816400e+04   0.0000000e+00
   1.1361640e-01   2.6157503e+00   3.7819300e+04   0.0000000e+00
   1.1465880e-01   2.6551464e+00   3.7819300e+04   0.0000000e+00
   1.1571750e-01   2.6947476e+00   3.7819300e+04   0.0000000e+00
   1.1657930e-01   2.7231209e+00   3.7819300e+04   0.0000000e+00
   1.1764630e-01   2.7668015e+00   3.7819300e+04   0.0000000e+00
   1.1868870e-01   2.8103915e+00   3.7819300e+04   0.0000000e+00
   1.1959150e-01   2.8372876e+00   3.7819300e+04   0.0000000e+00
   1.2063380e-01   2.8756987e+00   3.7819300e+04   0.0000000e+00
   1.2169260e-01   2.9164654e+00   3.7819300e+04   0.0000000e+00
   1.2256260e-01   2.9549506e+00   3.7819300e+04   0.0000000e+00
   1.2361320e-01   2.9978020e+00   3.7822300e+04   0.0000000e+00
   1.2468830e-01   3.0269796e+00   3.7822300e+04   0.0000000e+00
   1.2556650e-01   3.0570766e+00   3.7822300e+04   0.0000000e+00
   1.2660070e-01   3.1004697e+00   3.7819300e+04   0.0000000e+00
   1.2768410e-01   3.1336526e+00   3.7819300e+04   0.0000000e+00
   1.2852940e-01   3.1636840e+00   3.7822300e+04   0.0000000e+00
   1.2958000e-01   3.2011840e+00   3.7822300e+04   0.0000000e+00
   1.3063060e-01   3.2362383e+00   3.7822300e+04   0.0000000e+00
   1.3151700e-01   3.2681822e+00   3.7822300e+04   0.0000000e+00
   1.3258400e-01   3.3025470e+00   3.7822300e+04   0.0000000e+00
   1.3363450e-01   3.3432808e+00   3.7822300e+04   0.0000000e+00
   1.3451270e-01   3.3664014e+00   3.7822300e+04   0.0000000e+00
   1.3556330e-01   3.4114113e+00   3.7819300e+04   0.0000000e+00
   1.3659740e-01   3.4526622e+00   3.7819300e+04   0.0000000e+00
   1.3748380e-01   3.4793696e+00   3.7819300e+04   0.0000000e+00
   1.3851800e-01   3.5164511e+00   3.7816400e+04   0.0000000e+00
   1.3957670e-01   3.5560605e+00   3.7813400e+04   0.0000000e+00
   1.4045490e-01   3.5937414e+00   3.7813400e+04   0.0000000e+00
   1.4149730e-01   3.6234198e+00   3.7813400e+04   0.0000000e+00
   1.4253970e-01   3.6622248e+00   3.7813400e+04   0.0000000e+00
   1.4341790e-01   3.6937335e+00   3.7813400e+04   0.0000000e+00
   1.4448480e-01   3.7372579e+00   3.7813400e+04   0.0000000e+00
   1.4553540e-01   3.7757183e+00   3.7813400e+04   0.0000000e+00
   1.4640540e-01   3.8060943e+00   3.7813400e+04   0.0000000e+00
   1.4746420e-01   3.8464834e+00   3.7813400e+04   0.0000000e+00
   1.4852290e-01   3.8841480e+00   3.7813400e+04   0.0000000e+00
   1.4940110e-01   3.9097636e+00   3.7813400e+04   0.0000000e+00
   1.5045990e-01   3.9470175e+00   3.7813400e+04   0.0000000e+00
   1.5150220e-01   3.9871933e+00   3.7813400e+04   0.0000000e+00
   1.5236400e-01   4.0166664e+00   3.7813400e+04   0.0000000e+00
   1.5342280e-01   4.0475266e+00   3.7810400e+04   0.0000000e+00
   1.5448980e-01   4.0762365e+00   3.7810400e+04   0.0000000e+00
   1.5535160e-01   4.1084183e+00   3.7810400e+04   0.0000000e+00
   1.5641030e-01   4.1462138e+00   3.7810400e+04   0.0000000e+00
   1.5748550e-01   4.1801272e+00   3.7810400e+04   0.0000000e+00
   1.5835550e-01   4.2095924e+00   3.7810400e+04   0.0000000e+00
   1.5939790e-01   4.2430216e+00   3.7810400e+04   0.0000000e+00
   1.6044020e-01   4.2808007e+00   3.7810400e+04   0.0000000e+00
   1.6131840e-01   4.3191053e+00   3.7810400e+04   0.0000000e+00
   1.6236080e-01   4.3564002e+00   3.7810400e+04   0.0000000e+00
   1.6324720e-01   4.3816793e+00   3.7810400e+04   0.0000000e+00
   1.6429770e-01   4.4175626e+00   3.7810400e+04   0.0000000e+00
   1.6534010e-01   4.4559819e+00   3.7813400e+04   0.0000000e+00
   1.6623470e-01   4.4841336e+00   3.7813400e+04   0.0000000e+00
   1.6728530e-01   4.5173906e+00   3.7813400e+04   0.0000000e+00
   1.6835220e-01   4.5513778e+00   3.7816400e+04   0.0000000e+00
   1.6923040e-01   4.5816553e+00   3.7816400e+04   0.0000000e+00
   1.7026460e-01   4.6112351e+00   3.7816400e+04   0.0000000e+00
   1.7131510e-01   4.6440490e+00   3.7816400e+04   0.0000000e+00
   1.7219330e-01   4.6788324e+00   3.7816400e+04   0.0000000e+00
   1.7323570e-01   4.7185239e+00   3.7816400e+04   0.0000000e+00
   1.7430270e-01   4.7535044e+00   3.7819300e+04   0.0000000e+00
   1.7519730e-01   4.7786522e+00   3.7819300e+04   0.0000000e+00
   1.7623140e-01   4.8084701e+00   3.7819300e+04   0.0000000e+00
   1.7728200e-01   4.8496391e+00   3.7819300e+04   0.0000000e+00
   1.7816840e-01   4.8790137e+00   3.7819300e+04   0.0000000e+00
   1.7922720e-01   4.9134524e+00   3.7819300e+04   0.0000000e+00
   1.8028590e-01   4.9439435e+00   3.7819300e+04   0.0000000e+00
   1.8106570e-01   4.9728913e+00   3.7819300e+04   0.0000000e+00
   1.8209980e-01   5.0099400e+00   3.7819300e+04   0.0000000e+00
   1.8316680e-01   5.0444608e+00   3.7819300e+04   0.0000000e+00
   1.8404500e-01   5.0688371e+00   3.7819300e+04   0.0000000e+00
   1.8511200e-01   5.0992541e+00   3.7819300e+04   0.0000000e+00
   1.8616250e-01   5.1418102e+00   3.7819300e+04   0.0000000e+00
   1.8702430e-01   5.1791379e+00   3.7819300e+04   0.0000000e+00
   1.8808310e-01   5.2081596e+00   3.7819300e+04   0.0000000e+00
   1.8914180e-01   5.2405546e+00   3.7819300e+04   0.0000000e+00
   1.9000360e-01   5.2718828e+00   3.7819300e+04   0.0000000e+00
   1.9106240e-01   5.3059932e+00   3.7819300e+04   0.0000000e+00
   1.9212120e-01   5.3462182e+00   3.7819300e+04   0.0000000e+00
   1.9298290e-01   5.3707260e+00   3.7816400e+04   0.0000000e+00
   1.9403350e-01   5.4044752e+00   3.7816400e+04   0.0000000e+00
   1.9508410e-01   5.4381752e+00   3.7813400e+04   0.0000000e+00
   1.9597870e-01   5.4702013e+00   3.7813400e+04   0.0000000e+00
   1.9703750e-01   5.5039751e+00   3.7813400e+04   0.0000000e+00
   1.9807980e-01   5.5380034e+00   3.7813400e+04   0.0000000e+00
   1.9893340e-01   5.5565195e+00   3.7813400e+04   0.0000000e+00
   1.9999220e-01   5.5942660e+00   3.7816400e+04   0.0000000e+00
   2.0105090e-01   5.6326033e+00   3.7816400e+04   0.0000000e+00
   2.0196200e-01   5.6647933e+00   3.7816400e+04   0.0000000e+00
   2.0299610e-01   5.6977874e+00   3.7816400e+04   0.0000000e+00
   2.0403020e-01   5.7267517e+00   3.7816400e+04   0.0000000e+00
   2.0490020e-01   5.7499297e+00   3.7816400e+04   0.0000000e+00
   2.0595900e-01   5.7843850e+00   3.7816400e+04   0.0000000e+00
   2.0700960e-01   5.8206703e+00   3.7816400e+04   0.0000000e+00
   2.0788780e-01   5.8524580e+00   3.7813400e+04   0.0000000e+00
   2.0896290e-01   5.8823663e+00   3.7813400e+04   0.0000000e+00
   2.0999730e-01   5.9089422e+00   3.7813400e+04   0.0000000e+00
   2.1085090e-01   5.9367492e+00   3.7816400e+04   0.0000000e+00
   2.1193430e-01   5.9748156e+00   3.7816400e+04   0.0000000e+00
   2.1298480e-01   6.0072846e+00   3.7819300e+04   0.0000000e+00
   2.1386300e-01   6.0311931e+00   3.7819300e+04   0.0000000e+00
   2.1490540e-01   6.0614377e+00   3.7822300e+04   0.0000000e+00
   2.1578360e-01   6.0844600e+00   3.7822300e+04   0.0000000e+00
   2.1684230e-01   6.1160506e+00   3.7819300e+04   0.0000000e+00
   2.1787650e-01   6.1535014e+00   3.7819300e+04   0.0000000e+00
   2.1877110e-01   6.1783866e+00   3.7819300e+04   0.0000000e+00
   2.1982990e-01   6.2153040e+00   3.7822300e+04   0.0000000e+00
   2.2088860e-01   6.2457128e+00   3.7822300e+04   0.0000000e+00
   2.2175040e-01   6.2781078e+00   3.7822300e+04   0.0000000e+00
   2.2280100e-01   6.3142292e+00   3.7822300e+04   0.0000000e+00
   2.2386800e-01   6.3411991e+00   3.7822300e+04   0.0000000e+00
   2.2475440e-01   6.3700238e+00   3.7825300e+04   0.0000000e+00
   2.2579670e-01   6.4054968e+00   3.7825300e+04   0.0000000e+00
   2.2683910e-01   6.4389506e+00   3.7825300e+04   0.0000000e+00
   2.2770090e-01   6.4621039e+00   3.7825300e+04   0.0000000e+00
   2.2875140e-01   6.4995137e+00   3.7825300e+04   0.0000000e+00
   2.2980200e-01   6.5292005e+00   3.7822300e+04   0.0000000e+00
   2.3068840e-01   6.5589773e+00   3.7822300e+04   0.0000000e+00
   2.3173080e-01   6.5895830e+00   3.7819300e+04   0.0000000e+00
   2.3278950e-01   6.6205092e+00   3.7819300e+04   0.0000000e+00
   2.3365130e-01   6.6438431e+00   3.7819300e+04   0.0000000e+00
   2.3470190e-01   6.6830421e+00   3.7819300e+04   0.0000000e+00
   2.3576880e-01   6.7208953e+00   3.7819300e+04   0.0000000e+00
   2.3665530e-01   6.7471265e+00   3.7819300e+04   0.0000000e+00
   2.3768940e-01   6.7791850e+00   3.7819300e+04   0.0000000e+00
   2.3874000e-01   6.8111286e+00   3.7819300e+04   0.0000000e+00
   2.3961820e-01   6.8454527e+00   3.7819300e+04   0.0000000e+00
   2.4067690e-01   6.8755003e+00   3.7819300e+04   0.0000000e+00
   2.4172750e-01   6.9149538e+00   3.7816400e+04   0.0000000e+00
   2.4263030e-01   6.9441643e+00   3.7816400e+04   0.0000000e+00
   2.4365630e-01   6.9806302e+00   3.7816400e+04   0.0000000e+00
   2.4473140e-01   7.0135587e+00   3.7816400e+04   0.0000000e+00
   2.4560140e-01   7.0399132e+00   3.7813400e+04   0.0000000e+00
   2.4665200e-01   7.0730059e+00   3.7813400e+04   0.0000000e+00
   2.4771080e-01   7.0997213e+00   3.7813400e+04   0.0000000e+00
   2.4859720e-01   7.1225217e+00   3.7816400e+04   0.0000000e+00
   2.4963130e-01   7.1528076e+00   3.7816400e+04   0.0000000e+00
   2.5067370e-01   7.1799580e+00   3.7819300e+04   0.0000000e+00
   2.5156010e-01   7.2028405e+00   3.7819300e+04   0.0000000e+00
   2.5261060e-01   7.2340701e+00   3.7819300e+04   0.0000000e+00
   2.5366120e-01   7.2688453e+00   3.7819300e+04   0.0000000e+00
   2.5453940e-01   7.2959383e+00   3.7819300e+04   0.0000000e+00
   2.5559000e-01   7.3212995e+00   3.7819300e+04   0.0000000e+00
   2.5664870e-01   7.3543759e+00   3.7819300e+04   0.0000000e+00
   2.5751050e-01   7.3768480e+00   3.7819300e+04   0.0000000e+00
   2.5857750e-01   7.4115411e+00   3.7816400e+04   0.0000000e+00
   2.5965270e-01   7.4461689e+00   3.7816400e+04   0.0000000e+00
   2.6052270e-01   7.4663840e+00   3.7819300e+04   0.0000000e+00
   2.6156500e-01   7.4955780e+00   3.7819300e+04   0.0000000e+00
   2.6263200e-01   7.5341533e+00   3.7819300e+04   0.0000000e+00
   2.6349380e-01   7.5616075e+00   3.7819300e+04   0.0000000e+00
   2.6454430e-01   7.5931817e+00   3.7819300e+04   0.0000000e+00
   2.6557030e-01   7.6230652e+00   3.7819300e+04   0.0000000e+00
   2.6648130e-01   7.6470475e+00   3.7819300e+04   0.0000000e+00
   2.6754010e-01   7.6796151e+00   3.7819300e+04   0.0000000e+00
   2.6859060e-01   7.7157938e+00   3.7819300e+04   0.0000000e+00
   2.6944420e-01   7.7455213e+00   3.7819300e+04   0.0000000e+00
   2.7052760e-01   7.7763162e+00   3.7816400e+04   0.0000000e+00
   2.7138120e-01   7.8018661e+00   3.7816400e+04   0.0000000e+00
   2.7241530e-01   7.8324965e+00   3.7816400e+04   0.0000000e+00
   2.7348230e-01   7.8669024e+00   3.7813400e+04   0.0000000e+00
   2.7434410e-01   7.8921405e+00   3.7813400e+04   0.0000000e+00
   2.7540290e-01   7.9201609e+00   3.7813400e+04   0.0000000e+00
   2.7642880e-01   7.9533603e+00   3.7813400e+04   0.0000000e+00
   2.7731520e-01   7.9834082e+00   3.7810400e+04   0.0000000e+00
   2.7836580e-01   8.0122904e+00   3.7810400e+04   0.0000000e+00
   2.7940810e-01   8.0376105e+00   3.7810400e+04   0.0000000e+00
   2.8030270e-01   8.0655653e+00   3.7810400e+04   0.0000000e+00
   2.8134510e-01   8.1008741e+00   3.7810400e+04   0.0000000e+00
   2.8239570e-01   8.1297480e+00   3.7810400e+04   0.0000000e+00
   2.8329850e-01   8.1533036e+00   3.7810400e+04   0.0000000e+00
   2.8433260e-01   8.1802901e+00   3.7810400e+04   0.0000000e+00
   2.8539960e-01   8.2132268e+00   3.7813400e+04   0.0000000e+00
   2.8626140e-01   8.2404675e+00   3.7813400e+04   0.0000000e+00
   2.8732020e-01   8.2679462e+00   3.7813400e+04   0.0000000e+00
   2.8836250e-01   8.2947274e+00   3.7813400e+04   0.0000000e+00
   2.8924890e-01   8.3142284e+00   3.7813400e+04   0.0000000e+00
   2.9030770e-01   8.3446536e+00   3.7816400e+04   0.0000000e+00
   2.9135820e-01   8.3753086e+00   3.7816400e+04   0.0000000e+00
   2.9222820e-01   8.4021555e+00   3.7816400e+04   0.0000000e+00
   2.9327880e-01   8.4268682e+00   3.7813400e+04   0.0000000e+00
   2.9432110e-01   8.4556355e+00   3.7813400e+04   0.0000000e+00
   2.9520760e-01   8.4813250e+00   3.7813400e+04   0.0000000e+00
   2.9624990e-01   8.5132771e+00   3.7810400e+04   0.0000000e+00
   2.9732510e-01   8.5435464e+00   3.7810400e+04   0.0000000e+00
