   1.1010000e+03   4.2553191e-04   1.0000000e-07
  -2.0015646e+00  -7.6518375e+00   3.7834200e+04   0.0000000e+00
  -1.9965991e+00  -7.6316637e+00   3.7834200e+04   0.0000000e+00
  -1.9916500e+00  -7.6190488e+00   3.7834200e+04   0.0000000e+00
  -1.9865941e+00  -7.6117031e+00   3.7822300e+04   0.0000000e+00
  -1.9816448e+00  -7.5782411e+00   3.7822300e+04   0.0000000e+00
  -1.9766629e+00  -7.5720608e+00   3.7822300e+04   0.0000000e+00
  -1.9716891e+00  -7.5605047e+00   3.7822300e+04   0.0000000e+00
  -1.9666825e+00  -7.5440651e+00   3.7822300e+04   0.0000000e+00
  -1.9617252e+00  -7.5323288e+00   3.7822300e+04   0.0000000e+00
  -1.9564560e+00  -7.5146909e+00   3.7822300e+04   0.0000000e+00
  -1.9514576e+00  -7.4886731e+00   3.7825300e+04   0.0000000e+00
  -1.9464675e+00  -7.4887880e+00   3.7825300e+04   0.0000000e+00
  -1.9414855e+00  -7.4813931e+00   3.7825300e+04   0.0000000e+00
  -1.9365118e+00  -7.4605296e+00   3.7825300e+04   0.0000000e+00
  -1.9315380e+00  -7.4521169e+00   3.7825300e+04   0.0000000e+00
  -1.9265725e+00  -7.4340115e+00   3.7825300e+04   0.0000000e+00
  -1.9215823e+00  -7.4199028e+00   3.7825300e+04   0.0000000e+00
  -1.9166250e+00  -7.4119990e+00   3.7825300e+04   0.0000000e+00
  -1.9116431e+00  -7.3922846e+00   3.7825300e+04   0.0000000e+00
  -1.9066529e+00  -7.3838390e+00   3.7825300e+04   0.0000000e+00
  -1.9016709e+00  -7.3730134e+00   3.7825300e+04   0.0000000e+00
  -1.8967136e+00  -7.3646581e+00   3.7822300e+04   0.0000000e+00
  -1.8913869e+00  -7.3442543e+00   3.7822300e+04   0.0000000e+00
  -1.8864214e+00  -7.3298093e+00   3.7822300e+04   0.0000000e+00
  -1.8814312e+00  -7.3086257e+00   3.7822300e+04   0.0000000e+00
  -1.8764494e+00  -7.2897567e+00   3.7822300e+04   0.0000000e+00
  -1.8714674e+00  -7.2696647e+00   3.7822300e+04   0.0000000e+00
  -1.8665183e+00  -7.2570580e+00   3.7822300e+04   0.0000000e+00
  -1.8614871e+00  -7.2463144e+00   3.7822300e+04   0.0000000e+00
  -1.8565380e+00  -7.2209455e+00   3.7822300e+04   0.0000000e+00
  -1.8515725e+00  -7.2198375e+00   3.7822300e+04   0.0000000e+00
  -1.8465987e+00  -7.2025279e+00   3.7822300e+04   0.0000000e+00
  -1.8416250e+00  -7.1775771e+00   3.7819300e+04   0.0000000e+00
  -1.8366676e+00  -7.1710111e+00   3.7819300e+04   0.0000000e+00
  -1.8313738e+00  -7.1596191e+00   3.7819300e+04   0.0000000e+00
  -1.8264001e+00  -7.1290954e+00   3.7819300e+04   0.0000000e+00
  -1.8214099e+00  -7.1227512e+00   3.7819300e+04   0.0000000e+00
  -1.8164115e+00  -7.1070010e+00   3.7816400e+04   0.0000000e+00
  -1.8114460e+00  -7.0885833e+00   3.7813400e+04   0.0000000e+00
  -1.8064394e+00  -7.0883289e+00   3.7813400e+04   0.0000000e+00
  -1.8014164e+00  -7.0706664e+00   3.7813400e+04   0.0000000e+00
  -1.7964837e+00  -7.0584536e+00   3.7813400e+04   0.0000000e+00
  -1.7914936e+00  -7.0405859e+00   3.7813400e+04   0.0000000e+00
  -1.7865280e+00  -7.0267234e+00   3.7813400e+04   0.0000000e+00
  -1.7815297e+00  -7.0148721e+00   3.7813400e+04   0.0000000e+00
  -1.7765887e+00  -6.9992040e+00   3.7813400e+04   0.0000000e+00
  -1.7715820e+00  -6.9829121e+00   3.7813400e+04   0.0000000e+00
  -1.7662553e+00  -6.9676954e+00   3.7810400e+04   0.0000000e+00
  -1.7612733e+00  -6.9519780e+00   3.7810400e+04   0.0000000e+00
  -1.7562914e+00  -6.9470863e+00   3.7810400e+04   0.0000000e+00
  -1.7513341e+00  -6.9405942e+00   3.7810400e+04   0.0000000e+00
  -1.7463603e+00  -6.9100545e+00   3.7810400e+04   0.0000000e+00
  -1.7414112e+00  -6.8876726e+00   3.7810400e+04   0.0000000e+00
  -1.7363964e+00  -6.8755666e+00   3.7810400e+04   0.0000000e+00
  -1.7314637e+00  -6.8632307e+00   3.7810400e+04   0.0000000e+00
  -1.7264735e+00  -6.8567714e+00   3.7810400e+04   0.0000000e+00
  -1.7214834e+00  -6.8361378e+00   3.7810400e+04   0.0000000e+00
  -1.7165014e+00  -6.8201167e+00   3.7810400e+04   0.0000000e+00
  -1.7115523e+00  -6.8146998e+00   3.7810400e+04   0.0000000e+00
  -1.7066196e+00  -6.7854896e+00   3.7810400e+04   0.0000000e+00
  -1.7012929e+00  -6.7663415e+00   3.7813400e+04   0.0000000e+00
  -1.6962864e+00  -6.7701333e+00   3.7813400e+04   0.0000000e+00
  -1.6913290e+00  -6.7397738e+00   3.7813400e+04   0.0000000e+00
  -1.6863553e+00  -6.7186231e+00   3.7813400e+04   0.0000000e+00
  -1.6813487e+00  -6.7289399e+00   3.7813400e+04   0.0000000e+00
  -1.6763257e+00  -6.7006406e+00   3.7813400e+04   0.0000000e+00
  -1.6713848e+00  -6.6884033e+00   3.7816400e+04   0.0000000e+00
  -1.6663783e+00  -6.6943701e+00   3.7816400e+04   0.0000000e+00
  -1.6613964e+00  -6.6551629e+00   3.7816400e+04   0.0000000e+00
  -1.6563980e+00  -6.6473904e+00   3.7813400e+04   0.0000000e+00
  -1.6514981e+00  -6.6500332e+00   3.7813400e+04   0.0000000e+00
  -1.6465408e+00  -6.6229813e+00   3.7813400e+04   0.0000000e+00
  -1.6411485e+00  -6.6032751e+00   3.7810400e+04   0.0000000e+00
  -1.6361911e+00  -6.5940665e+00   3.7810400e+04   0.0000000e+00
  -1.6312092e+00  -6.5753534e+00   3.7810400e+04   0.0000000e+00
  -1.6262354e+00  -6.5567881e+00   3.7810400e+04   0.0000000e+00
  -1.6212289e+00  -6.5432867e+00   3.7810400e+04   0.0000000e+00
  -1.6162715e+00  -6.5297115e+00   3.7810400e+04   0.0000000e+00
  -1.6113060e+00  -6.5156193e+00   3.7810400e+04   0.0000000e+00
  -1.6063076e+00  -6.4999101e+00   3.7810400e+04   0.0000000e+00
  -1.6013257e+00  -6.4965204e+00   3.7810400e+04   0.0000000e+00
  -1.5963519e+00  -6.4794326e+00   3.7810400e+04   0.0000000e+00
  -1.5914110e+00  -6.4637645e+00   3.7810400e+04   0.0000000e+00
  -1.5864209e+00  -6.4464549e+00   3.7810400e+04   0.0000000e+00
  -1.5814553e+00  -6.4300317e+00   3.7810400e+04   0.0000000e+00
  -1.5761451e+00  -6.4216190e+00   3.7810400e+04   0.0000000e+00
  -1.5711303e+00  -6.4080109e+00   3.7810400e+04   0.0000000e+00
  -1.5661810e+00  -6.3999101e+00   3.7813400e+04   0.0000000e+00
  -1.5611416e+00  -6.3888056e+00   3.7813400e+04   0.0000000e+00
  -1.5561596e+00  -6.3665222e+00   3.7813400e+04   0.0000000e+00
  -1.5511859e+00  -6.3517898e+00   3.7813400e+04   0.0000000e+00
  -1.5462203e+00  -6.3336676e+00   3.7816400e+04   0.0000000e+00
  -1.5412302e+00  -6.3144210e+00   3.7816400e+04   0.0000000e+00
  -1.5362646e+00  -6.3012233e+00   3.7816400e+04   0.0000000e+00
  -1.5313237e+00  -6.2867864e+00   3.7819300e+04   0.0000000e+00
  -1.5263336e+00  -6.2851859e+00   3.7819300e+04   0.0000000e+00
  -1.5213762e+00  -6.2800892e+00   3.7819300e+04   0.0000000e+00
  -1.5160085e+00  -6.2418259e+00   3.7819300e+04   0.0000000e+00
  -1.5110430e+00  -6.2264778e+00   3.7819300e+04   0.0000000e+00
  -1.5060857e+00  -6.2164893e+00   3.7819300e+04   0.0000000e+00
  -1.5011283e+00  -6.1909886e+00   3.7819300e+04   0.0000000e+00
  -1.4961792e+00  -6.1826088e+00   3.7819300e+04   0.0000000e+00
  -1.4911973e+00  -6.1725469e+00   3.7819300e+04   0.0000000e+00
  -1.4862399e+00  -6.1597514e+00   3.7819300e+04   0.0000000e+00
  -1.4812333e+00  -6.1442392e+00   3.7819300e+04   0.0000000e+00
  -1.4762596e+00  -6.1316161e+00   3.7819300e+04   0.0000000e+00
  -1.4712941e+00  -6.1198958e+00   3.7819300e+04   0.0000000e+00
  -1.4663614e+00  -6.1032509e+00   3.7822300e+04   0.0000000e+00
  -1.4613549e+00  -6.0733758e+00   3.7822300e+04   0.0000000e+00
  -1.4563893e+00  -6.0700764e+00   3.7822300e+04   0.0000000e+00
  -1.4510545e+00  -6.0532757e+00   3.7822300e+04   0.0000000e+00
  -1.4460725e+00  -6.0392080e+00   3.7822300e+04   0.0000000e+00
  -1.4411152e+00  -6.0241144e+00   3.7822300e+04   0.0000000e+00
  -1.4360758e+00  -6.0113436e+00   3.7822300e+04   0.0000000e+00
  -1.4311102e+00  -5.9930408e+00   3.7822300e+04   0.0000000e+00
  -1.4261447e+00  -5.9898809e+00   3.7822300e+04   0.0000000e+00
  -1.4211381e+00  -5.9604655e+00   3.7822300e+04   0.0000000e+00
  -1.4161972e+00  -5.9695430e+00   3.7822300e+04   0.0000000e+00
  -1.4111660e+00  -5.9524960e+00   3.7819300e+04   0.0000000e+00
  -1.4062661e+00  -5.9349566e+00   3.7819300e+04   0.0000000e+00
  -1.4012760e+00  -5.9168590e+00   3.7819300e+04   0.0000000e+00
  -1.3963269e+00  -5.9080360e+00   3.7816400e+04   0.0000000e+00
  -1.3913203e+00  -5.8791948e+00   3.7816400e+04   0.0000000e+00
  -1.3859936e+00  -5.8716111e+00   3.7813400e+04   0.0000000e+00
  -1.3810363e+00  -5.8606296e+00   3.7813400e+04   0.0000000e+00
  -1.3760051e+00  -5.8438207e+00   3.7813400e+04   0.0000000e+00
  -1.3710478e+00  -5.8261171e+00   3.7813400e+04   0.0000000e+00
  -1.3660904e+00  -5.8234743e+00   3.7813400e+04   0.0000000e+00
  -1.3611003e+00  -5.8040471e+00   3.7813400e+04   0.0000000e+00
  -1.3561099e+00  -5.7852273e+00   3.7813400e+04   0.0000000e+00
  -1.3511280e+00  -5.7663993e+00   3.7813400e+04   0.0000000e+00
  -1.3462035e+00  -5.7552373e+00   3.7813400e+04   0.0000000e+00
  -1.3412133e+00  -5.7363108e+00   3.7813400e+04   0.0000000e+00
  -1.3362724e+00  -5.7245905e+00   3.7813400e+04   0.0000000e+00
  -1.3312576e+00  -5.7137648e+00   3.7813400e+04   0.0000000e+00
  -1.3258981e+00  -5.6924171e+00   3.7813400e+04   0.0000000e+00
  -1.3209408e+00  -5.6821824e+00   3.7813400e+04   0.0000000e+00
  -1.3159588e+00  -5.6612286e+00   3.7816400e+04   0.0000000e+00
  -1.3109933e+00  -5.6506904e+00   3.7816400e+04   0.0000000e+00
  -1.3060277e+00  -5.6358759e+00   3.7816400e+04   0.0000000e+00
  -1.3010622e+00  -5.6279967e+00   3.7816400e+04   0.0000000e+00
  -1.2960556e+00  -5.6061647e+00   3.7816400e+04   0.0000000e+00
  -1.2910901e+00  -5.5881164e+00   3.7813400e+04   0.0000000e+00
  -1.2861246e+00  -5.5744099e+00   3.7813400e+04   0.0000000e+00
  -1.2811508e+00  -5.5742950e+00   3.7813400e+04   0.0000000e+00
  -1.2761607e+00  -5.5429015e+00   3.7813400e+04   0.0000000e+00
  -1.2711787e+00  -5.5366392e+00   3.7813400e+04   0.0000000e+00
  -1.2661721e+00  -5.5152997e+00   3.7813400e+04   0.0000000e+00
  -1.2608947e+00  -5.5060252e+00   3.7813400e+04   0.0000000e+00
  -1.2558799e+00  -5.4979080e+00   3.7813400e+04   0.0000000e+00
  -1.2508650e+00  -5.4738436e+00   3.7813400e+04   0.0000000e+00
  -1.2459241e+00  -5.4803111e+00   3.7813400e+04   0.0000000e+00
  -1.2409258e+00  -5.4556147e+00   3.7813400e+04   0.0000000e+00
  -1.2359766e+00  -5.4274958e+00   3.7813400e+04   0.0000000e+00
  -1.2309454e+00  -5.4061892e+00   3.7813400e+04   0.0000000e+00
  -1.2260127e+00  -5.3926140e+00   3.7813400e+04   0.0000000e+00
  -1.2210636e+00  -5.3838401e+00   3.7813400e+04   0.0000000e+00
  -1.2160734e+00  -5.3781606e+00   3.7816400e+04   0.0000000e+00
  -1.2110997e+00  -5.3650450e+00   3.7816400e+04   0.0000000e+00
  -1.2061095e+00  -5.3455357e+00   3.7816400e+04   0.0000000e+00
  -1.2011850e+00  -5.3423759e+00   3.7816400e+04   0.0000000e+00
  -1.1957845e+00  -5.3061810e+00   3.7819300e+04   0.0000000e+00
  -1.1908108e+00  -5.3037023e+00   3.7819300e+04   0.0000000e+00
  -1.1858698e+00  -5.2932952e+00   3.7819300e+04   0.0000000e+00
  -1.1808961e+00  -5.2788008e+00   3.7816400e+04   0.0000000e+00
  -1.1758895e+00  -5.2665962e+00   3.7816400e+04   0.0000000e+00
  -1.1709158e+00  -5.2331016e+00   3.7813400e+04   0.0000000e+00
  -1.1659584e+00  -5.2282099e+00   3.7813400e+04   0.0000000e+00
  -1.1609683e+00  -5.2141341e+00   3.7813400e+04   0.0000000e+00
  -1.1559863e+00  -5.2032099e+00   3.7813400e+04   0.0000000e+00
  -1.1510290e+00  -5.1837991e+00   3.7816400e+04   0.0000000e+00
  -1.1460388e+00  -5.1769705e+00   3.7819300e+04   0.0000000e+00
  -1.1410733e+00  -5.1658658e+00   3.7819300e+04   0.0000000e+00
  -1.1357302e+00  -5.1553848e+00   3.7819300e+04   0.0000000e+00
  -1.1307565e+00  -5.1394951e+00   3.7819300e+04   0.0000000e+00
  -1.1257663e+00  -5.1121807e+00   3.7816400e+04   0.0000000e+00
  -1.1208172e+00  -5.0971528e+00   3.7816400e+04   0.0000000e+00
  -1.1158024e+00  -5.0827979e+00   3.7813400e+04   0.0000000e+00
  -1.1108369e+00  -5.0764206e+00   3.7813400e+04   0.0000000e+00
  -1.1058467e+00  -5.0623858e+00   3.7813400e+04   0.0000000e+00
  -1.1009140e+00  -5.0447643e+00   3.7813400e+04   0.0000000e+00
  -1.0959485e+00  -5.0490076e+00   3.7813400e+04   0.0000000e+00
  -1.0909829e+00  -5.0242210e+00   3.7813400e+04   0.0000000e+00
  -1.0860174e+00  -5.0016504e+00   3.7813400e+04   0.0000000e+00
  -1.0810272e+00  -4.9851779e+00   3.7816400e+04   0.0000000e+00
  -1.0760699e+00  -4.9784970e+00   3.7816400e+04   0.0000000e+00
  -1.0707104e+00  -4.9573463e+00   3.7819300e+04   0.0000000e+00
  -1.0657285e+00  -4.9413089e+00   3.7819300e+04   0.0000000e+00
  -1.0607875e+00  -4.9300318e+00   3.7819300e+04   0.0000000e+00
  -1.0557810e+00  -4.9252140e+00   3.7819300e+04   0.0000000e+00
  -1.0508072e+00  -4.8999022e+00   3.7819300e+04   0.0000000e+00
  -1.0458089e+00  -4.8817308e+00   3.7819300e+04   0.0000000e+00
  -1.0409088e+00  -4.8715289e+00   3.7822300e+04   0.0000000e+00
  -1.0359104e+00  -4.8583641e+00   3.7822300e+04   0.0000000e+00
  -1.0309367e+00  -4.8380341e+00   3.7819300e+04   0.0000000e+00
  -1.0259465e+00  -4.8307869e+00   3.7819300e+04   0.0000000e+00
  -1.0209563e+00  -4.8067965e+00   3.7819300e+04   0.0000000e+00
  -1.0159826e+00  -4.7955276e+00   3.7819300e+04   0.0000000e+00
  -1.0106313e+00  -4.7889616e+00   3.7819300e+04   0.0000000e+00
  -1.0056658e+00  -4.7639370e+00   3.7816400e+04   0.0000000e+00
  -1.0006920e+00  -4.7595460e+00   3.7816400e+04   0.0000000e+00
  -9.9571010e-01  -4.7369835e+00   3.7816400e+04   0.0000000e+00
  -9.9074450e-01  -4.7353585e+00   3.7816400e+04   0.0000000e+00
  -9.8574620e-01  -4.7144047e+00   3.7813400e+04   0.0000000e+00
  -9.8078880e-01  -4.6999925e+00   3.7813400e+04   0.0000000e+00
  -9.7581510e-01  -4.6873530e+00   3.7813400e+04   0.0000000e+00
  -9.7085780e-01  -4.6785628e+00   3.7813400e+04   0.0000000e+00
  -9.6585120e-01  -4.6731868e+00   3.7813400e+04   0.0000000e+00
  -9.6087740e-01  -4.6553437e+00   3.7813400e+04   0.0000000e+00
  -9.5591190e-01  -4.6350384e+00   3.7813400e+04   0.0000000e+00
  -9.5092170e-01  -4.6117783e+00   3.7813400e+04   0.0000000e+00
  -9.4557050e-01  -4.5976121e+00   3.7813400e+04   0.0000000e+00
  -9.4062130e-01  -4.5856538e+00   3.7813400e+04   0.0000000e+00
  -9.3563950e-01  -4.5660625e+00   3.7813400e+04   0.0000000e+00
  -9.3065750e-01  -4.5498362e+00   3.7813400e+04   0.0000000e+00
  -9.2568380e-01  -4.5397410e+00   3.7813400e+04   0.0000000e+00
  -9.2069360e-01  -4.5140762e+00   3.7813400e+04   0.0000000e+00
  -9.1575270e-01  -4.5013055e+00   3.7813400e+04   0.0000000e+00
  -9.1080360e-01  -4.5014532e+00   3.7813400e+04   0.0000000e+00
  -9.0579700e-01  -4.4887644e+00   3.7813400e+04   0.0000000e+00
  -9.0083150e-01  -4.4657916e+00   3.7813400e+04   0.0000000e+00
  -8.9587410e-01  -4.4456176e+00   3.7813400e+04   0.0000000e+00
  -8.9086760e-01  -4.4404879e+00   3.7810400e+04   0.0000000e+00
  -8.8585280e-01  -4.4276021e+00   3.7810400e+04   0.0000000e+00
  -8.8056720e-01  -4.3995899e+00   3.7810400e+04   0.0000000e+00
  -8.7561800e-01  -4.4029960e+00   3.7810400e+04   0.0000000e+00
  -8.7060330e-01  -4.3729813e+00   3.7810400e+04   0.0000000e+00
  -8.6564590e-01  -4.3552203e+00   3.7810400e+04   0.0000000e+00
  -8.6067220e-01  -4.3584869e+00   3.7810400e+04   0.0000000e+00
  -8.5571480e-01  -4.3407176e+00   3.7810400e+04   0.0000000e+00
  -8.5071650e-01  -4.3178351e+00   3.7810400e+04   0.0000000e+00
  -8.4575090e-01  -4.2939431e+00   3.7810400e+04   0.0000000e+00
  -8.4078540e-01  -4.2747870e+00   3.7807400e+04   0.0000000e+00
  -8.3578700e-01  -4.2766583e+00   3.7807400e+04   0.0000000e+00
  -8.3081310e-01  -4.2466681e+00   3.7807400e+04   0.0000000e+00
  -8.2584760e-01  -4.2365318e+00   3.7807400e+04   0.0000000e+00
  -8.2052090e-01  -4.2077317e+00   3.7807400e+04   0.0000000e+00
  -8.1554710e-01  -4.1852267e+00   3.7807400e+04   0.0000000e+00
  -8.1055700e-01  -4.1908899e+00   3.7807400e+04   0.0000000e+00
  -8.0555860e-01  -4.1702972e+00   3.7807400e+04   0.0000000e+00
  -8.0058490e-01  -4.1593074e+00   3.7807400e+04   0.0000000e+00
  -7.9567680e-01  -4.1413247e+00   3.7807400e+04   0.0000000e+00
  -7.9067840e-01  -4.1285128e+00   3.7804400e+04   0.0000000e+00
  -7.8572930e-01  -4.1192548e+00   3.7804400e+04   0.0000000e+00
  -7.8072270e-01  -4.1022324e+00   3.7807400e+04   0.0000000e+00
  -7.7577360e-01  -4.0855137e+00   3.7807400e+04   0.0000000e+00
  -7.7078340e-01  -4.0623688e+00   3.7807400e+04   0.0000000e+00
  -7.6578510e-01  -4.0476856e+00   3.7807400e+04   0.0000000e+00
  -7.6078670e-01  -4.0426051e+00   3.7807400e+04   0.0000000e+00
  -7.5548470e-01  -4.0360637e+00   3.7810400e+04   0.0000000e+00
  -7.5049450e-01  -4.0205680e+00   3.7810400e+04   0.0000000e+00
  -7.4550430e-01  -3.9837491e+00   3.7810400e+04   0.0000000e+00
  -7.4053060e-01  -3.9772407e+00   3.7813400e+04   0.0000000e+00
  -7.3558970e-01  -3.9519206e+00   3.7813400e+04   0.0000000e+00
  -7.3065700e-01  -3.9444025e+00   3.7816400e+04   0.0000000e+00
  -7.2565860e-01  -3.9368844e+00   3.7816400e+04   0.0000000e+00
  -7.2067670e-01  -3.9310407e+00   3.7819300e+04   0.0000000e+00
  -7.1567830e-01  -3.9065741e+00   3.7819300e+04   0.0000000e+00
  -7.1070450e-01  -3.8964625e+00   3.7819300e+04   0.0000000e+00
  -7.0572260e-01  -3.8697307e+00   3.7819300e+04   0.0000000e+00
  -7.0070780e-01  -3.8576574e+00   3.7819300e+04   0.0000000e+00
  -6.9575870e-01  -3.8451738e+00   3.7819300e+04   0.0000000e+00
  -6.9041560e-01  -3.8210191e+00   3.7816400e+04   0.0000000e+00
  -6.8545010e-01  -3.8023881e+00   3.7816400e+04   0.0000000e+00
  -6.8047630e-01  -3.7927279e+00   3.7816400e+04   0.0000000e+00
  -6.7552720e-01  -3.7792840e+00   3.7816400e+04   0.0000000e+00
  -6.7057810e-01  -3.7678100e+00   3.7816400e+04   0.0000000e+00
  -6.6559610e-01  -3.7596682e+00   3.7816400e+04   0.0000000e+00
  -6.6059780e-01  -3.7442217e+00   3.7816400e+04   0.0000000e+00
  -6.5559120e-01  -3.7192052e+00   3.7819300e+04   0.0000000e+00
  -6.5065030e-01  -3.7143874e+00   3.7819300e+04   0.0000000e+00
  -6.4562730e-01  -3.7074439e+00   3.7819300e+04   0.0000000e+00
  -6.4065350e-01  -3.6870318e+00   3.7819300e+04   0.0000000e+00
  -6.3569620e-01  -3.6725620e+00   3.7819300e+04   0.0000000e+00
  -6.3036130e-01  -3.6498027e+00   3.7819300e+04   0.0000000e+00
  -6.2539580e-01  -3.6458549e+00   3.7819300e+04   0.0000000e+00
  -6.2040550e-01  -3.6199356e+00   3.7819300e+04   0.0000000e+00
  -6.1544820e-01  -3.6043249e+00   3.7816400e+04   0.0000000e+00
  -6.1049090e-01  -3.5982103e+00   3.7813400e+04   0.0000000e+00
  -6.0548430e-01  -3.5842494e+00   3.7813400e+04   0.0000000e+00
  -6.0053520e-01  -3.5616705e+00   3.7813400e+04   0.0000000e+00
  -5.9552860e-01  -3.5461993e+00   3.7813400e+04   0.0000000e+00
  -5.9059590e-01  -3.5257790e+00   3.7810400e+04   0.0000000e+00
  -5.8558930e-01  -3.5145184e+00   3.7810400e+04   0.0000000e+00
  -5.8063200e-01  -3.5010991e+00   3.7810400e+04   0.0000000e+00
  -5.7564180e-01  -3.4961746e+00   3.7810400e+04   0.0000000e+00
  -5.7068450e-01  -3.4777980e+00   3.7810400e+04   0.0000000e+00
  -5.6534140e-01  -3.4661023e+00   3.7813400e+04   0.0000000e+00
  -5.6033480e-01  -3.4398631e+00   3.7813400e+04   0.0000000e+00
  -5.5541030e-01  -3.4186385e+00   3.7816400e+04   0.0000000e+00
  -5.5041200e-01  -3.3977094e+00   3.7819300e+04   0.0000000e+00
  -5.4557770e-01  -3.3900272e+00   3.7819300e+04   0.0000000e+00
  -5.4053830e-01  -3.3710433e+00   3.7822300e+04   0.0000000e+00
  -5.3552360e-01  -3.3400108e+00   3.7822300e+04   0.0000000e+00
  -5.3052520e-01  -3.3432117e+00   3.7822300e+04   0.0000000e+00
  -5.2551040e-01  -3.3383447e+00   3.7825300e+04   0.0000000e+00
  -5.2048740e-01  -3.3037993e+00   3.7825300e+04   0.0000000e+00
  -5.1549730e-01  -3.2957395e+00   3.7825300e+04   0.0000000e+00
  -5.1049070e-01  -3.2722743e+00   3.7825300e+04   0.0000000e+00
  -5.0547590e-01  -3.2604965e+00   3.7825300e+04   0.0000000e+00
  -5.0046110e-01  -3.2427272e+00   3.7825300e+04   0.0000000e+00
  -4.9547100e-01  -3.2189501e+00   3.7825300e+04   0.0000000e+00
  -4.9045620e-01  -3.2057606e+00   3.7825300e+04   0.0000000e+00
  -4.8546600e-01  -3.1805226e+00   3.7822300e+04   0.0000000e+00
  -4.8045940e-01  -3.1777484e+00   3.7822300e+04   0.0000000e+00
  -4.7544470e-01  -3.1648380e+00   3.7822300e+04   0.0000000e+00
  -4.7045450e-01  -3.1492684e+00   3.7822300e+04   0.0000000e+00
  -4.6543970e-01  -3.1166437e+00   3.7822300e+04   0.0000000e+00
  -4.6044960e-01  -3.1024283e+00   3.7819300e+04   0.0000000e+00
  -4.5544300e-01  -3.0934903e+00   3.7819300e+04   0.0000000e+00
  -4.5042820e-01  -3.0947050e+00   3.7822300e+04   0.0000000e+00
  -4.4542980e-01  -3.0764269e+00   3.7822300e+04   0.0000000e+00
  -4.4043970e-01  -3.0550464e+00   3.7822300e+04   0.0000000e+00
  -4.3542490e-01  -3.0484394e+00   3.7822300e+04   0.0000000e+00
  -4.3043470e-01  -3.0171853e+00   3.7822300e+04   0.0000000e+00
  -4.2541990e-01  -2.9898215e+00   3.7822300e+04   0.0000000e+00
  -4.2041340e-01  -2.9856603e+00   3.7822300e+04   0.0000000e+00
  -4.1542320e-01  -2.9784951e+00   3.7822300e+04   0.0000000e+00
  -4.1040820e-01  -2.9492272e+00   3.7822300e+04   0.0000000e+00
  -4.0538520e-01  -2.9477252e+00   3.7822300e+04   0.0000000e+00
  -4.0039510e-01  -2.9223557e+00   3.7822300e+04   0.0000000e+00
  -3.9539670e-01  -2.9100117e+00   3.7822300e+04   0.0000000e+00
  -3.9039010e-01  -2.8795290e+00   3.7822300e+04   0.0000000e+00
  -3.8540000e-01  -2.8601675e+00   3.7822300e+04   0.0000000e+00
  -3.8039340e-01  -2.8599952e+00   3.7822300e+04   0.0000000e+00
  -3.7537040e-01  -2.8355204e+00   3.7822300e+04   0.0000000e+00
  -3.7037200e-01  -2.8294386e+00   3.7822300e+04   0.0000000e+00
  -3.6537370e-01  -2.8055795e+00   3.7822300e+04   0.0000000e+00
  -3.6037530e-01  -2.7847489e+00   3.7819300e+04   0.0000000e+00
  -3.5535230e-01  -2.7640906e+00   3.7819300e+04   0.0000000e+00
  -3.5035400e-01  -2.7392876e+00   3.7819300e+04   0.0000000e+00
  -3.4535560e-01  -2.7357419e+00   3.7819300e+04   0.0000000e+00
  -3.4035720e-01  -2.7110701e+00   3.7816400e+04   0.0000000e+00
  -3.3535060e-01  -2.7071223e+00   3.7816400e+04   0.0000000e+00
  -3.3033590e-01  -2.6812440e+00   3.7816400e+04   0.0000000e+00
  -3.2533750e-01  -2.6775096e+00   3.7816400e+04   0.0000000e+00
  -3.2033090e-01  -2.6650834e+00   3.7819300e+04   0.0000000e+00
  -3.1534080e-01  -2.6410601e+00   3.7819300e+04   0.0000000e+00
  -3.1030140e-01  -2.6269432e+00   3.7819300e+04   0.0000000e+00
  -3.0531120e-01  -2.6199176e+00   3.7819300e+04   0.0000000e+00
  -3.0032100e-01  -2.5780184e+00   3.7816400e+04   0.0000000e+00
  -2.9531450e-01  -2.5690722e+00   3.7816400e+04   0.0000000e+00
  -2.9032430e-01  -2.5610289e+00   3.7813400e+04   0.0000000e+00
  -2.8530950e-01  -2.5423486e+00   3.7813400e+04   0.0000000e+00
  -2.8028650e-01  -2.5394760e+00   3.7813400e+04   0.0000000e+00
  -2.7528820e-01  -2.5037076e+00   3.7813400e+04   0.0000000e+00
  -2.7030620e-01  -2.4912158e+00   3.7813400e+04   0.0000000e+00
  -2.6529140e-01  -2.4683004e+00   3.7813400e+04   0.0000000e+00
  -2.6027660e-01  -2.4562354e+00   3.7813400e+04   0.0000000e+00
  -2.5526190e-01  -2.4588618e+00   3.7816400e+04   0.0000000e+00
  -2.5027170e-01  -2.4186533e+00   3.7816400e+04   0.0000000e+00
  -2.4527330e-01  -2.4109464e+00   3.7816400e+04   0.0000000e+00
  -2.4026680e-01  -2.3894675e+00   3.7816400e+04   0.0000000e+00
  -2.3524380e-01  -2.3840505e+00   3.7816400e+04   0.0000000e+00
  -2.3025360e-01  -2.3451306e+00   3.7813400e+04   0.0000000e+00
  -2.2524700e-01  -2.3230606e+00   3.7813400e+04   0.0000000e+00
  -2.2024050e-01  -2.3136302e+00   3.7813400e+04   0.0000000e+00
  -2.1525030e-01  -2.2914700e+00   3.7816400e+04   0.0000000e+00
  -2.1021910e-01  -2.2819822e+00   3.7819300e+04   0.0000000e+00
  -2.0522890e-01  -2.2481344e+00   3.7819300e+04   0.0000000e+00
  -2.0023040e-01  -2.2380556e+00   3.7819300e+04   0.0000000e+00
  -1.9523200e-01  -2.2217719e+00   3.7822300e+04   0.0000000e+00
  -1.9020080e-01  -2.2181278e+00   3.7822300e+04   0.0000000e+00
  -1.8520240e-01  -2.2000057e+00   3.7822300e+04   0.0000000e+00
  -1.8020410e-01  -2.1587135e+00   3.7822300e+04   0.0000000e+00
  -1.7518930e-01  -2.1610116e+00   3.7822300e+04   0.0000000e+00
  -1.7019910e-01  -2.1248494e+00   3.7822300e+04   0.0000000e+00
  -1.6518430e-01  -2.1137200e+00   3.7822300e+04   0.0000000e+00
  -1.6017780e-01  -2.1062348e+00   3.7822300e+04   0.0000000e+00
  -1.5517120e-01  -2.0803648e+00   3.7822300e+04   0.0000000e+00
  -1.5016460e-01  -2.0767289e+00   3.7822300e+04   0.0000000e+00
  -1.4517450e-01  -2.0514991e+00   3.7822300e+04   0.0000000e+00
  -1.4015150e-01  -2.0237167e+00   3.7822300e+04   0.0000000e+00
  -1.3516130e-01  -2.0087380e+00   3.7822300e+04   0.0000000e+00
  -1.3015470e-01  -2.0029271e+00   3.7822300e+04   0.0000000e+00
  -1.2514000e-01  -1.9575722e+00   3.7822300e+04   0.0000000e+00
  -1.2015800e-01  -1.9425607e+00   3.7822300e+04   0.0000000e+00
  -1.1512680e-01  -1.9334914e+00   3.7819300e+04   0.0000000e+00
  -1.1012840e-01  -1.9207205e+00   3.7819300e+04   0.0000000e+00
  -1.0513010e-01  -1.8854940e+00   3.7819300e+04   0.0000000e+00
  -1.0012350e-01  -1.8714100e+00   3.7819300e+04   0.0000000e+00
  -9.5100300e-02  -1.8738969e+00   3.7819300e+04   0.0000000e+00
  -9.0101900e-02  -1.8372422e+00   3.7819300e+04   0.0000000e+00
  -8.5103600e-02  -1.8225836e+00   3.7819300e+04   0.0000000e+00
  -8.0113400e-02  -1.7953347e+00   3.7819300e+04   0.0000000e+00
  -7.5106800e-02  -1.7840247e+00   3.7819300e+04   0.0000000e+00
  -7.0075600e-02  -1.7554132e+00   3.7819300e+04   0.0000000e+00
  -6.5077300e-02  -1.7397040e+00   3.7819300e+04   0.0000000e+00
  -6.0070700e-02  -1.7124798e+00   3.7819300e+04   0.0000000e+00
  -5.5072300e-02  -1.6923550e+00   3.7819300e+04   0.0000000e+00
  -5.0082200e-02  -1.6850913e+00   3.7819300e+04   0.0000000e+00
  -4.5059200e-02  -1.6741589e+00   3.7819300e+04   0.0000000e+00
  -4.0044400e-02  -1.6449732e+00   3.7819300e+04   0.0000000e+00
  -3.5054200e-02  -1.6377752e+00   3.7819300e+04   0.0000000e+00
  -3.0064100e-02  -1.6032462e+00   3.7819300e+04   0.0000000e+00
  -2.5057500e-02  -1.5912058e+00   3.7819300e+04   0.0000000e+00
  -2.0026300e-02  -1.5649581e+00   3.7819300e+04   0.0000000e+00
  -1.5036100e-02  -1.5353454e+00   3.7819300e+04   0.0000000e+00
  -1.0037800e-02  -1.5340732e+00   3.7819300e+04   0.0000000e+00
  -5.0230000e-03  -1.5221067e+00   3.7816400e+04   0.0000000e+00
  -4.1000000e-05  -1.4797150e+00   3.7816400e+04   0.0000000e+00
   4.9902000e-03  -1.4640550e+00   3.7816400e+04   0.0000000e+00
   9.9885000e-03  -1.4385955e+00   3.7816400e+04   0.0000000e+00
   1.5003300e-02  -1.4267274e+00   3.7813400e+04   0.0000000e+00
   1.9993500e-02  -1.4027451e+00   3.7813400e+04   0.0000000e+00
   2.5016500e-02  -1.3683393e+00   3.7813400e+04   0.0000000e+00
   3.0014800e-02  -1.3388413e+00   3.7813400e+04   0.0000000e+00
   3.5005000e-02  -1.3516122e+00   3.7813400e+04   0.0000000e+00
   4.0019800e-02  -1.3205796e+00   3.7813400e+04   0.0000000e+00
   4.5009900e-02  -1.3066597e+00   3.7813400e+04   0.0000000e+00
   5.0032900e-02  -1.2713018e+00   3.7813400e+04   0.0000000e+00
   5.5031300e-02  -1.2560933e+00   3.7813400e+04   0.0000000e+00
   6.0029700e-02  -1.2326854e+00   3.7813400e+04   0.0000000e+00
   6.5028000e-02  -1.1985422e+00   3.7810400e+04   0.0000000e+00
   7.0026400e-02  -1.1927970e+00   3.7810400e+04   0.0000000e+00
   7.5057600e-02  -1.1830957e+00   3.7810400e+04   0.0000000e+00
   8.0039500e-02  -1.1540986e+00   3.7810400e+04   0.0000000e+00
   8.5046100e-02  -1.1163113e+00   3.7810400e+04   0.0000000e+00
   9.0044500e-02  -1.0986077e+00   3.7810400e+04   0.0000000e+00
   9.5051100e-02  -1.0720975e+00   3.7810400e+04   0.0000000e+00
   1.0006580e-01  -1.0528919e+00   3.7810400e+04   0.0000000e+00
   1.0507240e-01  -1.0319544e+00   3.7810400e+04   0.0000000e+00
   1.1006260e-01  -1.0171809e+00   3.7810400e+04   0.0000000e+00
   1.1507740e-01  -9.9269790e-01   3.7810400e+04   0.0000000e+00
   1.2010030e-01  -9.6897000e-01   3.7813400e+04   0.0000000e+00
   1.2509870e-01  -9.3906190e-01   3.7813400e+04   0.0000000e+00
   1.3008890e-01  -9.3122380e-01   3.7813400e+04   0.0000000e+00
   1.3509540e-01  -9.1076260e-01   3.7813400e+04   0.0000000e+00
   1.4009380e-01  -8.9432290e-01   3.7813400e+04   0.0000000e+00
   1.4511680e-01  -8.8001730e-01   3.7810400e+04   0.0000000e+00
   1.5011520e-01  -8.4083470e-01   3.7810400e+04   0.0000000e+00
   1.5512170e-01  -8.2460820e-01   3.7810400e+04   0.0000000e+00
   1.6011190e-01  -8.0157800e-01   3.7810400e+04   0.0000000e+00
   1.6511030e-01  -7.6218200e-01   3.7807400e+04   0.0000000e+00
   1.7012510e-01  -7.6869050e-01   3.7807400e+04   0.0000000e+00
   1.7513160e-01  -7.3359530e-01   3.7807400e+04   0.0000000e+00
   1.8013000e-01  -7.0829150e-01   3.7807400e+04   0.0000000e+00
   1.8512840e-01  -6.7882660e-01   3.7807400e+04   0.0000000e+00
   1.9012670e-01  -6.6938800e-01   3.7810400e+04   0.0000000e+00
   1.9514970e-01  -6.4510200e-01   3.7813400e+04   0.0000000e+00
   2.0013990e-01  -5.9521670e-01   3.7813400e+04   0.0000000e+00
   2.0515470e-01  -5.8223240e-01   3.7813400e+04   0.0000000e+00
   2.1015320e-01  -5.6563690e-01   3.7813400e+04   0.0000000e+00
   2.1516800e-01  -5.3734560e-01   3.7813400e+04   0.0000000e+00
   2.2017460e-01  -5.2872770e-01   3.7816400e+04   0.0000000e+00
   2.2518120e-01  -4.9434650e-01   3.7816400e+04   0.0000000e+00
   2.3016310e-01  -4.8144430e-01   3.7819300e+04   0.0000000e+00
   2.3516970e-01  -4.4354210e-01   3.7819300e+04   0.0000000e+00
   2.4018450e-01  -4.2949090e-01   3.7819300e+04   0.0000000e+00
   2.4518280e-01  -3.9741580e-01   3.7819300e+04   0.0000000e+00
   2.5018120e-01  -3.6757330e-01   3.7819300e+04   0.0000000e+00
   2.5518780e-01  -3.5062480e-01   3.7819300e+04   0.0000000e+00
   2.6018620e-01  -3.2348260e-01   3.7822300e+04   0.0000000e+00
   2.6520910e-01  -3.3210050e-01   3.7822300e+04   0.0000000e+00
   2.7020750e-01  -2.8713160e-01   3.7822300e+04   0.0000000e+00
   2.7520590e-01  -2.7348250e-01   3.7822300e+04   0.0000000e+00
   2.8018780e-01  -2.4463310e-01   3.7822300e+04   0.0000000e+00
   2.8518620e-01  -2.0765010e-01   3.7822300e+04   0.0000000e+00
   2.9021740e-01  -2.0799490e-01   3.7822300e+04   0.0000000e+00
   2.9522400e-01  -1.9467390e-01   3.7822300e+04   0.0000000e+00
   3.0020590e-01  -1.7720010e-01   3.7822300e+04   0.0000000e+00
   3.0521250e-01  -1.5580320e-01   3.7822300e+04   0.0000000e+00
   3.1020270e-01  -1.3345410e-01   3.7822300e+04   0.0000000e+00
   3.1523390e-01  -1.3026140e-01   3.7822300e+04   0.0000000e+00
   3.2022400e-01  -1.2385140e-01   3.7822300e+04   0.0000000e+00
   3.2522240e-01  -1.0255290e-01   3.7822300e+04   0.0000000e+00
   3.3022080e-01  -8.4463400e-02   3.7822300e+04   0.0000000e+00
   3.3525200e-01  -8.3683700e-02   3.7822300e+04   0.0000000e+00
   3.4023390e-01  -6.2294900e-02   3.7819300e+04   0.0000000e+00
   3.4524870e-01  -6.8023800e-02   3.7819300e+04   0.0000000e+00
   3.5024710e-01  -5.8773900e-02   3.7819300e+04   0.0000000e+00
   3.5523720e-01  -5.2150500e-02   3.7822300e+04   0.0000000e+00
   3.6026840e-01  -4.4082500e-02   3.7822300e+04   0.0000000e+00
   3.6526680e-01  -3.3207500e-02   3.7822300e+04   0.0000000e+00
   3.7024050e-01  -2.8332300e-02   3.7822300e+04   0.0000000e+00
   3.7524710e-01  -2.3810000e-02   3.7825300e+04   0.0000000e+00
   3.8024550e-01  -2.1717000e-02   3.7825300e+04   0.0000000e+00
   3.8526850e-01  -1.7170100e-02   3.7822300e+04   0.0000000e+00
   3.9026680e-01  -1.4305700e-02   3.7822300e+04   0.0000000e+00
   3.9526520e-01  -1.4789900e-02   3.7822300e+04   0.0000000e+00
   4.0026360e-01  -1.2902200e-02   3.7822300e+04   0.0000000e+00
   4.0525370e-01  -1.0669700e-02   3.7822300e+04   0.0000000e+00
   4.1028490e-01  -9.2745000e-03   3.7822300e+04   0.0000000e+00
   4.1527510e-01  -7.9859000e-03   3.7822300e+04   0.0000000e+00
   4.2028190e-01  -6.5824000e-03   3.7822300e+04   0.0000000e+00
   4.2527200e-01  -5.8848000e-03   3.7822300e+04   0.0000000e+00
   4.3029500e-01  -5.4005000e-03   3.7822300e+04   0.0000000e+00
   4.3529340e-01  -4.3582000e-03   3.7822300e+04   0.0000000e+00
   4.4027530e-01  -4.1530000e-03   3.7822300e+04   0.0000000e+00
   4.4528190e-01  -4.0791000e-03   3.7822300e+04   0.0000000e+00
   4.5028030e-01  -3.6113000e-03   3.7822300e+04   0.0000000e+00
   4.5528680e-01  -3.3076000e-03   3.7825300e+04   0.0000000e+00
   4.6029340e-01  -3.0778000e-03   3.7825300e+04   0.0000000e+00
   4.6528360e-01  -2.8972000e-03   3.7825300e+04   0.0000000e+00
   4.7028190e-01  -2.6264000e-03   3.7822300e+04   0.0000000e+00
   4.7528030e-01  -2.4787000e-03   3.7822300e+04   0.0000000e+00
   4.8028690e-01  -2.3638000e-03   3.7822300e+04   0.0000000e+00
   4.8529350e-01  -2.2489000e-03   3.7822300e+04   0.0000000e+00
   4.9029180e-01  -2.1011000e-03   3.7822300e+04   0.0000000e+00
   4.9528200e-01  -2.0437000e-03   3.7825300e+04   0.0000000e+00
   5.0028040e-01  -2.0190000e-03   3.7825300e+04   0.0000000e+00
   5.0528690e-01  -1.9370000e-03   3.7822300e+04   0.0000000e+00
   5.1030170e-01  -1.9370000e-03   3.7822300e+04   0.0000000e+00
   5.1528370e-01  -1.8959000e-03   3.7822300e+04   0.0000000e+00
   5.2028200e-01  -1.8795000e-03   3.7822300e+04   0.0000000e+00
   5.2530500e-01  -1.8056000e-03   3.7822300e+04   0.0000000e+00
   5.3030340e-01  -1.8385000e-03   3.7825300e+04   0.0000000e+00
   5.3528530e-01  -1.7974000e-03   3.7825300e+04   0.0000000e+00
   5.4030010e-01  -1.7646000e-03   3.7825300e+04   0.0000000e+00
   5.4529850e-01  -1.7400000e-03   3.7828300e+04   0.0000000e+00
   5.5030510e-01  -1.7072000e-03   3.7828300e+04   0.0000000e+00
   5.5528700e-01  -1.7072000e-03   3.7828300e+04   0.0000000e+00
   5.6029360e-01  -1.6415000e-03   3.7828300e+04   0.0000000e+00
   5.6528380e-01  -1.6415000e-03   3.7828300e+04   0.0000000e+00
   5.7026570e-01  -1.7072000e-03   3.7828300e+04   0.0000000e+00
   5.7528870e-01  -1.6743000e-03   3.7828300e+04   0.0000000e+00
   5.8028710e-01  -1.6169000e-03   3.7828300e+04   0.0000000e+00
   5.8527720e-01  -1.6087000e-03   3.7828300e+04   0.0000000e+00
   5.9028380e-01  -1.6415000e-03   3.7828300e+04   0.0000000e+00
   5.9504410e-01  -1.5266000e-03   3.7828300e+04   0.0000000e+00
   6.0006710e-01  -1.5430000e-03   3.7828300e+04   0.0000000e+00
   6.0505730e-01  -1.5102000e-03   3.7828300e+04   0.0000000e+00
   6.1006390e-01  -1.5676000e-03   3.7828300e+04   0.0000000e+00
   6.1502940e-01  -1.5348000e-03   3.7828300e+04   0.0000000e+00
   6.2004420e-01  -1.5266000e-03   3.7828300e+04   0.0000000e+00
   6.2502610e-01  -1.4609000e-03   3.7828300e+04   0.0000000e+00
   6.3003300e-01  -1.4527000e-03   3.7825300e+04   0.0000000e+00
   6.3535970e-01  -1.4691000e-03   3.7825300e+04   0.0000000e+00
   6.4034980e-01  -1.4281000e-03   3.7825300e+04   0.0000000e+00
   6.4533180e-01  -1.4199000e-03   3.7822300e+04   0.0000000e+00
   6.5028910e-01  -1.4035000e-03   3.7825300e+04   0.0000000e+00
   6.5527930e-01  -1.4199000e-03   3.7825300e+04   0.0000000e+00
   6.6024480e-01  -1.3707000e-03   3.7825300e+04   0.0000000e+00
   6.6527600e-01  -1.3050000e-03   3.7828300e+04   0.0000000e+00
   6.7017590e-01  -1.3789000e-03   3.7828300e+04   0.0000000e+00
   6.7516610e-01  -1.3707000e-03   3.7828300e+04   0.0000000e+00
   6.8015620e-01  -1.3871000e-03   3.7831300e+04   0.0000000e+00
   6.8513820e-01  -1.3460000e-03   3.7831300e+04   0.0000000e+00
   6.9010370e-01  -1.3132000e-03   3.7831300e+04   0.0000000e+00
   6.9544680e-01  -1.2557000e-03   3.7828300e+04   0.0000000e+00
   7.0043700e-01  -1.2475000e-03   3.7828300e+04   0.0000000e+00
   7.0541070e-01  -1.2557000e-03   3.7828300e+04   0.0000000e+00
   7.1038440e-01  -1.2640000e-03   3.7825300e+04   0.0000000e+00
   7.1536640e-01  -1.1901000e-03   3.7828300e+04   0.0000000e+00
   7.2034010e-01  -1.2557000e-03   3.7828300e+04   0.0000000e+00
   7.2534670e-01  -1.1655000e-03   3.7828300e+04   0.0000000e+00
   7.3022200e-01  -1.1901000e-03   3.7828300e+04   0.0000000e+00
   7.3524500e-01  -1.1901000e-03   3.7828300e+04   0.0000000e+00
   7.4021050e-01  -1.1573000e-03   3.7828300e+04   0.0000000e+00
   7.4521710e-01  -1.1326000e-03   3.7825300e+04   0.0000000e+00
   7.5018260e-01  -1.1162000e-03   3.7828300e+04   0.0000000e+00
   7.5516460e-01  -1.0588000e-03   3.7828300e+04   0.0000000e+00
   7.6051590e-01  -1.0670000e-03   3.7828300e+04   0.0000000e+00
   7.6549780e-01  -1.0752000e-03   3.7828300e+04   0.0000000e+00
   7.7048800e-01  -1.0177000e-03   3.7828300e+04   0.0000000e+00
   7.7545350e-01  -1.0177000e-03   3.7828300e+04   0.0000000e+00
   7.8043550e-01  -1.0506000e-03   3.7828300e+04   0.0000000e+00
   7.8540920e-01  -1.0259000e-03   3.7828300e+04   0.0000000e+00
   7.9039120e-01  -1.0095000e-03   3.7828300e+04   0.0000000e+00
   7.9531570e-01  -9.8490000e-04   3.7828300e+04   0.0000000e+00
   8.0031400e-01  -9.2740000e-04   3.7828300e+04   0.0000000e+00
   8.0528780e-01  -9.2740000e-04   3.7828300e+04   0.0000000e+00
   8.1029430e-01  -9.0280000e-04   3.7828300e+04   0.0000000e+00
   8.1522710e-01  -9.2740000e-04   3.7828300e+04   0.0000000e+00
   8.2024180e-01  -8.8640000e-04   3.7828300e+04   0.0000000e+00
   8.2558490e-01  -8.6180000e-04   3.7828300e+04   0.0000000e+00
   8.3052580e-01  -7.9610000e-04   3.7825300e+04   0.0000000e+00
   8.3549960e-01  -7.7970000e-04   3.7825300e+04   0.0000000e+00
   8.4043250e-01  -7.3870000e-04   3.7828300e+04   0.0000000e+00
   8.4547190e-01  -7.8790000e-04   3.7828300e+04   0.0000000e+00
   8.5042100e-01  -7.2230000e-04   3.7828300e+04   0.0000000e+00
   8.5535370e-01  -6.8940000e-04   3.7828300e+04   0.0000000e+00
   8.6036850e-01  -7.5510000e-04   3.7828300e+04   0.0000000e+00
   8.6530120e-01  -6.4840000e-04   3.7828300e+04   0.0000000e+00
   8.7031600e-01  -6.8120000e-04   3.7825300e+04   0.0000000e+00
   8.7526510e-01  -7.0580000e-04   3.7825300e+04   0.0000000e+00
   8.8027170e-01  -6.5660000e-04   3.7825300e+04   0.0000000e+00
   8.8560660e-01  -5.9090000e-04   3.7825300e+04   0.0000000e+00
   8.9053930e-01  -6.1560000e-04   3.7825300e+04   0.0000000e+00
   8.9552940e-01  -5.4170000e-04   3.7822300e+04   0.0000000e+00
   9.0051140e-01  -6.0740000e-04   3.7822300e+04   0.0000000e+00
   9.0550150e-01  -5.4990000e-04   3.7822300e+04   0.0000000e+00
   9.1045890e-01  -5.7450000e-04   3.7825300e+04   0.0000000e+00
   9.1542440e-01  -5.5810000e-04   3.7825300e+04   0.0000000e+00
   9.2040640e-01  -5.4170000e-04   3.7828300e+04   0.0000000e+00
   9.2538830e-01  -5.6630000e-04   3.7828300e+04   0.0000000e+00
   9.3036210e-01  -5.2530000e-04   3.7831300e+04   0.0000000e+00
   9.3533580e-01  -5.4990000e-04   3.7831300e+04   0.0000000e+00
   9.4030960e-01  -4.5140000e-04   3.7834200e+04   0.0000000e+00
   9.4528340e-01  -4.5960000e-04   3.7834200e+04   0.0000000e+00
   9.5064290e-01  -4.3500000e-04   3.7834200e+04   0.0000000e+00
   9.5558380e-01  -4.1040000e-04   3.7834200e+04   0.0000000e+00
   9.6059860e-01  -3.6110000e-04   3.7834200e+04   0.0000000e+00
   9.6558050e-01  -4.3500000e-04   3.7834200e+04   0.0000000e+00
   9.7057070e-01  -3.3650000e-04   3.7834200e+04   0.0000000e+00
   9.7551160e-01  -3.6110000e-04   3.7834200e+04   0.0000000e+00
   9.8045250e-01  -3.8580000e-04   3.7834200e+04   0.0000000e+00
   9.8544270e-01  -3.1190000e-04   3.7834200e+04   0.0000000e+00
   9.9040820e-01  -2.8730000e-04   3.7831300e+04   0.0000000e+00
   9.9542300e-01  -2.5440000e-04   3.7831300e+04   0.0000000e+00
   1.0003721e+00  -3.0370000e-04   3.7831300e+04   0.0000000e+00
   1.0053869e+00  -2.4620000e-04   3.7828300e+04   0.0000000e+00
   1.0103689e+00  -2.6260000e-04   3.7828300e+04   0.0000000e+00
   1.0156545e+00  -2.6260000e-04   3.7831300e+04   0.0000000e+00
   1.0206857e+00  -2.7910000e-04   3.7831300e+04   0.0000000e+00
   1.0256184e+00  -2.3800000e-04   3.7831300e+04   0.0000000e+00
   1.0306250e+00  -1.8880000e-04   3.7831300e+04   0.0000000e+00
   1.0355577e+00  -1.4770000e-04   3.7831300e+04   0.0000000e+00
   1.0405725e+00  -1.4770000e-04   3.7831300e+04   0.0000000e+00
   1.0455216e+00  -1.0670000e-04   3.7831300e+04   0.0000000e+00
   1.0504873e+00  -9.8500000e-05   3.7831300e+04   0.0000000e+00
   1.0554857e+00  -1.6410000e-04   3.7834200e+04   0.0000000e+00
   1.0604430e+00  -9.8500000e-05   3.7834200e+04   0.0000000e+00
   1.0654168e+00  -1.2310000e-04   3.7834200e+04   0.0000000e+00
   1.0703905e+00  -1.0670000e-04   3.7834200e+04   0.0000000e+00
   1.0757336e+00  -1.0670000e-04   3.7834200e+04   0.0000000e+00
   1.0806745e+00  -6.5700000e-05   3.7834200e+04   0.0000000e+00
   1.0856318e+00  -2.4600000e-05   3.7831300e+04   0.0000000e+00
   1.0906713e+00  -1.6400000e-05   3.7831300e+04   0.0000000e+00
   1.0955793e+00  -3.2800000e-05   3.7831300e+04   0.0000000e+00
   1.1005531e+00  -8.2100000e-05   3.7828300e+04   0.0000000e+00
   1.1055104e+00   4.1000000e-05   3.7831300e+04   0.0000000e+00
   1.1105088e+00   6.5700000e-05   3.7831300e+04   0.0000000e+00
   1.1154907e+00   6.5700000e-05   3.7834200e+04   0.0000000e+00
   1.1204645e+00   1.2310000e-04   3.7834200e+04   0.0000000e+00
   1.1254875e+00   1.4770000e-04   3.7834200e+04   0.0000000e+00
   1.1304448e+00   2.0520000e-04   3.7834200e+04   0.0000000e+00
   1.1354185e+00   2.4620000e-04   3.7834200e+04   0.0000000e+00
   1.1407534e+00   3.1190000e-04   3.7837200e+04   0.0000000e+00
   1.1457436e+00   3.5290000e-04   3.7837200e+04   0.0000000e+00
   1.1507091e+00   4.2680000e-04   3.7834200e+04   0.0000000e+00
   1.1556664e+00   5.1710000e-04   3.7834200e+04   0.0000000e+00
   1.1606156e+00   5.2530000e-04   3.7834200e+04   0.0000000e+00
   1.1656139e+00   8.2900000e-04   3.7834200e+04   0.0000000e+00
   1.1705795e+00   8.2070000e-04   3.7831300e+04   0.0000000e+00
   1.1755532e+00   1.1655000e-03   3.7831300e+04   0.0000000e+00
   1.1805516e+00   1.2640000e-03   3.7828300e+04   0.0000000e+00
   1.1854925e+00   1.8877000e-03   3.7828300e+04   0.0000000e+00
   1.1904991e+00   1.6251000e-03   3.7828300e+04   0.0000000e+00
   1.1954482e+00   2.6592000e-03   3.7828300e+04   0.0000000e+00
   1.2007831e+00   2.7413000e-03   3.7831300e+04   0.0000000e+00
   1.2057650e+00   3.1106000e-03   3.7831300e+04   0.0000000e+00
   1.2107141e+00   3.7344000e-03   3.7834200e+04   0.0000000e+00
   1.2157043e+00   4.9655000e-03   3.7834200e+04   0.0000000e+00
   1.2206781e+00   6.6809000e-03   3.7834200e+04   0.0000000e+00
   1.2256764e+00   6.4511000e-03   3.7834200e+04   0.0000000e+00
   1.2306009e+00   6.9600000e-03   3.7834200e+04   0.0000000e+00
   1.2356157e+00   7.3293000e-03   3.7834200e+04   0.0000000e+00
   1.2405730e+00   1.0087000e-02   3.7834200e+04   0.0000000e+00
   1.2455468e+00   1.2007600e-02   3.7834200e+04   0.0000000e+00
   1.2505698e+00   1.5963600e-02   3.7834200e+04   0.0000000e+00
   1.2555271e+00   1.8220600e-02   3.7834200e+04   0.0000000e+00
   1.2604847e+00   2.3104100e-02   3.7837200e+04   0.0000000e+00
   1.2658032e+00   2.4154700e-02   3.7837200e+04   0.0000000e+00
   1.2708180e+00   2.8849400e-02   3.7837200e+04   0.0000000e+00
   1.2757753e+00   3.3946200e-02   3.7837200e+04   0.0000000e+00
   1.2807162e+00   3.7853000e-02   3.7837200e+04   0.0000000e+00
   1.2856900e+00   4.1480700e-02   3.7837200e+04   0.0000000e+00
   1.2906637e+00   4.3261700e-02   3.7837200e+04   0.0000000e+00
   1.2956703e+00   5.2601900e-02   3.7834200e+04   0.0000000e+00
   1.3006440e+00   7.0174100e-02   3.7834200e+04   0.0000000e+00
   1.3056260e+00   7.9694800e-02   3.7834200e+04   0.0000000e+00
   1.3106326e+00   8.8928300e-02   3.7834200e+04   0.0000000e+00
   1.3156227e+00   9.9524100e-02   3.7834200e+04   0.0000000e+00
   1.3205718e+00   1.0954550e-01   3.7834200e+04   0.0000000e+00
   1.3255702e+00   1.3588340e-01   3.7834200e+04   0.0000000e+00
   1.3309051e+00   1.3301070e-01   3.7834200e+04   0.0000000e+00
   1.3358870e+00   1.5655810e-01   3.7834200e+04   0.0000000e+00
   1.3408279e+00   1.7014970e-01   3.7834200e+04   0.0000000e+00
   1.3457935e+00   1.9249870e-01   3.7834200e+04   0.0000000e+00
   1.3507672e+00   2.0842130e-01   3.7834200e+04   0.0000000e+00
   1.3557328e+00   2.1980530e-01   3.7834200e+04   0.0000000e+00
   1.3607147e+00   2.5500720e-01   3.7834200e+04   0.0000000e+00
   1.3656887e+00   2.7070000e-01   3.7834200e+04   0.0000000e+00
   1.3706542e+00   2.9681620e-01   3.7834200e+04   0.0000000e+00
   1.3756854e+00   3.0844630e-01   3.7834200e+04   0.0000000e+00
   1.3806263e+00   3.3850210e-01   3.7834200e+04   0.0000000e+00
   1.3856411e+00   3.4207240e-01   3.7834200e+04   0.0000000e+00
   1.3909513e+00   3.6335440e-01   3.7834200e+04   0.0000000e+00
   1.3959169e+00   3.8448050e-01   3.7834200e+04   0.0000000e+00
   1.4008906e+00   4.3252740e-01   3.7834200e+04   0.0000000e+00
   1.4058480e+00   4.5240600e-01   3.7834200e+04   0.0000000e+00
   1.4108299e+00   4.7172650e-01   3.7834200e+04   0.0000000e+00
   1.4157954e+00   5.0200390e-01   3.7834200e+04   0.0000000e+00
   1.4208102e+00   5.2049540e-01   3.7831300e+04   0.0000000e+00
   1.4257594e+00   5.4800700e-01   3.7834200e+04   0.0000000e+00
   1.4307249e+00   5.6814820e-01   3.7834200e+04   0.0000000e+00
   1.4356904e+00   5.9527400e-01   3.7834200e+04   0.0000000e+00
   1.4406313e+00   6.1240300e-01   3.7834200e+04   0.0000000e+00
   1.4456297e+00   6.1506220e-01   3.7834200e+04   0.0000000e+00
   1.4505870e+00   6.4252480e-01   3.7834200e+04   0.0000000e+00
   1.4559383e+00   6.6580130e-01   3.7837200e+04   0.0000000e+00
   1.4608628e+00   7.0149570e-01   3.7837200e+04   0.0000000e+00
   1.4658448e+00   7.1011360e-01   3.7837200e+04   0.0000000e+00
   1.4708268e+00   7.3222460e-01   3.7834200e+04   0.0000000e+00
   1.4758006e+00   7.7349190e-01   3.7834200e+04   0.0000000e+00
   1.4807825e+00   8.0391710e-01   3.7834200e+04   0.0000000e+00
   1.4857317e+00   8.0134820e-01   3.7834200e+04   0.0000000e+00
   1.4907793e+00   8.4736780e-01   3.7834200e+04   0.0000000e+00
   1.4957366e+00   8.6365970e-01   3.7834200e+04   0.0000000e+00
   1.5007268e+00   8.7522410e-01   3.7831300e+04   0.0000000e+00
   1.5056841e+00   9.0507480e-01   3.7831300e+04   0.0000000e+00
   1.5106825e+00   9.3648490e-01   3.7828300e+04   0.0000000e+00
   1.5156316e+00   9.4570200e-01   3.7828300e+04   0.0000000e+00
   1.5209500e+00   9.7595480e-01   3.7828300e+04   0.0000000e+00
   1.5259402e+00   1.0062077e+00   3.7831300e+04   0.0000000e+00
   1.5308975e+00   1.0327261e+00   3.7834200e+04   0.0000000e+00
   1.5358795e+00   1.0503724e+00   3.7837200e+04   0.0000000e+00
   1.5408532e+00   1.0717037e+00   3.7837200e+04   0.0000000e+00
   1.5458516e+00   1.0770140e+00   3.7837200e+04   0.0000000e+00
   1.5508007e+00   1.1157370e+00   3.7837200e+04   0.0000000e+00
   1.5557827e+00   1.1320863e+00   3.7837200e+04   0.0000000e+00
   1.5607564e+00   1.1569058e+00   3.7837200e+04   0.0000000e+00
   1.5657220e+00   1.1700952e+00   3.7840200e+04   0.0000000e+00
   1.5707121e+00   1.1802807e+00   3.7837200e+04   0.0000000e+00
   1.5756861e+00   1.2114200e+00   3.7837200e+04   0.0000000e+00
   1.5810373e+00   1.2407044e+00   3.7837200e+04   0.0000000e+00
   1.5859618e+00   1.2660987e+00   3.7837200e+04   0.0000000e+00
   1.5909110e+00   1.2492319e+00   3.7837200e+04   0.0000000e+00
   1.5959011e+00   1.2939549e+00   3.7837200e+04   0.0000000e+00
   1.6008667e+00   1.3124628e+00   3.7837200e+04   0.0000000e+00
   1.6058732e+00   1.3431260e+00   3.7837200e+04   0.0000000e+00
   1.6108388e+00   1.3562088e+00   3.7837200e+04   0.0000000e+00
   1.6158371e+00   1.3764487e+00   3.7837200e+04   0.0000000e+00
   1.6208109e+00   1.3868558e+00   3.7840200e+04   0.0000000e+00
   1.6257764e+00   1.4339504e+00   3.7840200e+04   0.0000000e+00
   1.6307584e+00   1.4639571e+00   3.7840200e+04   0.0000000e+00
   1.6357321e+00   1.4760878e+00   3.7840200e+04   0.0000000e+00
   1.6407387e+00   1.4739375e+00   3.7837200e+04   0.0000000e+00
   1.6459833e+00   1.4895892e+00   3.7837200e+04   0.0000000e+00
   1.6510063e+00   1.5057333e+00   3.7837200e+04   0.0000000e+00
   1.6559800e+00   1.5467544e+00   3.7837200e+04   0.0000000e+00
   1.6609702e+00   1.5654511e+00   3.7837200e+04   0.0000000e+00
   1.6659439e+00   1.5727722e+00   3.7837200e+04   0.0000000e+00
   1.6708931e+00   1.6014412e+00   3.7837200e+04   0.0000000e+00
   1.6759078e+00   1.6325230e+00   3.7840200e+04   0.0000000e+00
   1.6808899e+00   1.6488970e+00   3.7840200e+04   0.0000000e+00
   1.6858636e+00   1.6571455e+00   3.7840200e+04   0.0000000e+00
   1.6908210e+00   1.6668303e+00   3.7840200e+04   0.0000000e+00
   1.6958111e+00   1.6991105e+00   3.7840200e+04   0.0000000e+00
   1.7007931e+00   1.7091401e+00   3.7840200e+04   0.0000000e+00
   1.7060869e+00   1.7265072e+00   3.7840200e+04   0.0000000e+00
   1.7110853e+00   1.7450069e+00   3.7840200e+04   0.0000000e+00
   1.7160426e+00   1.7872018e+00   3.7843200e+04   0.0000000e+00
   1.7210164e+00   1.7930620e+00   3.7843200e+04   0.0000000e+00
   1.7260147e+00   1.8293309e+00   3.7843200e+04   0.0000000e+00
   1.7309721e+00   1.8487417e+00   3.7843200e+04   0.0000000e+00
   1.7359786e+00   1.8749318e+00   3.7843200e+04   0.0000000e+00
   1.7409688e+00   1.8754899e+00   3.7843200e+04   0.0000000e+00
   1.7459015e+00   1.8990866e+00   3.7843200e+04   0.0000000e+00
   1.7508752e+00   1.9123909e+00   3.7840200e+04   0.0000000e+00
   1.7558736e+00   1.9267294e+00   3.7840200e+04   0.0000000e+00
   1.7608391e+00   1.9642213e+00   3.7840200e+04   0.0000000e+00
   1.7657965e+00   1.9655920e+00   3.7840200e+04   0.0000000e+00
   1.7710903e+00   1.9974127e+00   3.7840200e+04   0.0000000e+00
   1.7761215e+00   2.0241774e+00   3.7840200e+04   0.0000000e+00
   1.7810706e+00   2.0425211e+00   3.7840200e+04   0.0000000e+00
   1.7860446e+00   2.0572126e+00   3.7840200e+04   0.0000000e+00
   1.7910183e+00   2.0771322e+00   3.7840200e+04   0.0000000e+00
   1.7960085e+00   2.1034948e+00   3.7837200e+04   0.0000000e+00
   1.8009986e+00   2.0886391e+00   3.7837200e+04   0.0000000e+00
   1.8059396e+00   2.1153956e+00   3.7837200e+04   0.0000000e+00
   1.8109379e+00   2.1267794e+00   3.7837200e+04   0.0000000e+00
   1.8159199e+00   2.1498015e+00   3.7840200e+04   0.0000000e+00
   1.8209182e+00   2.1695323e+00   3.7840200e+04   0.0000000e+00
   1.8258592e+00   2.1804647e+00   3.7840200e+04   0.0000000e+00
   1.8308083e+00   2.2056784e+00   3.7840200e+04   0.0000000e+00
   1.8361596e+00   2.2167339e+00   3.7837200e+04   0.0000000e+00
   1.8411251e+00   2.2334362e+00   3.7840200e+04   0.0000000e+00
   1.8461235e+00   2.2735627e+00   3.7840200e+04   0.0000000e+00
   1.8510808e+00   2.2866372e+00   3.7840200e+04   0.0000000e+00
   1.8560710e+00   2.3044557e+00   3.7840200e+04   0.0000000e+00
   1.8610447e+00   2.3129670e+00   3.7840200e+04   0.0000000e+00
   1.8659938e+00   2.3342737e+00   3.7840200e+04   0.0000000e+00
   1.8710004e+00   2.3568525e+00   3.7843200e+04   0.0000000e+00
   1.8759742e+00   2.3756723e+00   3.7843200e+04   0.0000000e+00
   1.8809807e+00   2.3844871e+00   3.7843200e+04   0.0000000e+00
   1.8859381e+00   2.4087978e+00   3.7843200e+04   0.0000000e+00
   1.8908873e+00   2.4359072e+00   3.7843200e+04   0.0000000e+00
   1.8961811e+00   2.4374174e+00   3.7843200e+04   0.0000000e+00
   1.9011549e+00   2.4594217e+00   3.7843200e+04   0.0000000e+00
   1.9061450e+00   2.4746466e+00   3.7840200e+04   0.0000000e+00
   1.9111352e+00   2.4939507e+00   3.7840200e+04   0.0000000e+00
   1.9161089e+00   2.5216349e+00   3.7840200e+04   0.0000000e+00
   1.9211073e+00   2.5197225e+00   3.7840200e+04   0.0000000e+00
   1.9261057e+00   2.5505991e+00   3.7840200e+04   0.0000000e+00
   1.9310548e+00   2.5646257e+00   3.7840200e+04   0.0000000e+00
   1.9360778e+00   2.5825099e+00   3.7840200e+04   0.0000000e+00
   1.9410187e+00   2.5831993e+00   3.7840200e+04   0.0000000e+00
   1.9459924e+00   2.6090283e+00   3.7840200e+04   0.0000000e+00
   1.9509169e+00   2.6203547e+00   3.7840200e+04   0.0000000e+00
   1.9558989e+00   2.6376562e+00   3.7840200e+04   0.0000000e+00
   1.9612420e+00   2.6592994e+00   3.7840200e+04   0.0000000e+00
   1.9662075e+00   2.6727186e+00   3.7840200e+04   0.0000000e+00
   1.9712141e+00   2.7192059e+00   3.7840200e+04   0.0000000e+00
   1.9761714e+00   2.7110394e+00   3.7840200e+04   0.0000000e+00
   1.9811287e+00   2.7236872e+00   3.7840200e+04   0.0000000e+00
   1.9861435e+00   2.7414896e+00   3.7843200e+04   0.0000000e+00
   1.9910844e+00   2.7562631e+00   3.7843200e+04   0.0000000e+00
   1.9960749e+00   2.7763140e+00   3.7843200e+04   0.0000000e+00
   2.0010322e+00   2.8057215e+00   3.7840200e+04   0.0000000e+00
   2.0060470e+00   2.8180655e+00   3.7840200e+04   0.0000000e+00
   2.0109715e+00   2.8197563e+00   3.7840200e+04   0.0000000e+00
   2.0159535e+00   2.8436484e+00   3.7840200e+04   0.0000000e+00
   2.0209272e+00   2.8609006e+00   3.7840200e+04   0.0000000e+00
   2.0262703e+00   2.8783087e+00   3.7840200e+04   0.0000000e+00
   2.0312851e+00   2.8851373e+00   3.7837200e+04   0.0000000e+00
   2.0362178e+00   2.9028081e+00   3.7837200e+04   0.0000000e+00
   2.0412490e+00   2.9141755e+00   3.7837200e+04   0.0000000e+00
   2.0462145e+00   2.9351128e+00   3.7837200e+04   0.0000000e+00
   2.0511719e+00   2.9653577e+00   3.7837200e+04   0.0000000e+00
   2.0561538e+00   2.9621814e+00   3.7837200e+04   0.0000000e+00
   2.0611111e+00   2.9863607e+00   3.7837200e+04   0.0000000e+00
   2.0661095e+00   3.0062065e+00   3.7840200e+04   0.0000000e+00
   2.0710340e+00   3.0256500e+00   3.7840200e+04   0.0000000e+00
   2.0760242e+00   3.0426479e+00   3.7840200e+04   0.0000000e+00
   2.0809979e+00   3.0630189e+00   3.7840200e+04   0.0000000e+00
   2.0863246e+00   3.0886755e+00   3.7840200e+04   0.0000000e+00
   2.0913065e+00   3.0918354e+00   3.7840200e+04   0.0000000e+00
   2.0962557e+00   3.0988610e+00   3.7837200e+04   0.0000000e+00
   2.1012541e+00   3.1252481e+00   3.7837200e+04   0.0000000e+00
   2.1061786e+00   3.1413759e+00   3.7837200e+04   0.0000000e+00
   2.1111688e+00   3.1520375e+00   3.7837200e+04   0.0000000e+00
   2.1161343e+00   3.1744194e+00   3.7837200e+04   0.0000000e+00
   2.1211245e+00   3.1859509e+00   3.7837200e+04   0.0000000e+00
   2.1261146e+00   3.2031538e+00   3.7840200e+04   0.0000000e+00
   2.1310966e+00   3.2159822e+00   3.7840200e+04   0.0000000e+00
   2.1360293e+00   3.2265288e+00   3.7840200e+04   0.0000000e+00
   2.1409948e+00   3.2384050e+00   3.7840200e+04   0.0000000e+00
   2.1459768e+00   3.2566999e+00   3.7840200e+04   0.0000000e+00
   2.1513199e+00   3.2837190e+00   3.7840200e+04   0.0000000e+00
   2.1563264e+00   3.2816835e+00   3.7837200e+04   0.0000000e+00
   2.1612756e+00   3.3003391e+00   3.7837200e+04   0.0000000e+00
   2.1663068e+00   3.3257167e+00   3.7837200e+04   0.0000000e+00
   2.1712477e+00   3.3395792e+00   3.7837200e+04   0.0000000e+00
   2.1762050e+00   3.3556003e+00   3.7837200e+04   0.0000000e+00
   2.1812116e+00   3.3665902e+00   3.7837200e+04   0.0000000e+00
   2.1861607e+00   3.3819300e+00   3.7834200e+04   0.0000000e+00
   2.1911673e+00   3.3991165e+00   3.7834200e+04   0.0000000e+00
   2.1961000e+00   3.4067331e+00   3.7834200e+04   0.0000000e+00
   2.2010655e+00   3.4289097e+00   3.7831300e+04   0.0000000e+00
   2.2060396e+00   3.4407778e+00   3.7828300e+04   0.0000000e+00
   2.2113827e+00   3.4512177e+00   3.7828300e+04   0.0000000e+00
   2.2163646e+00   3.4792547e+00   3.7828300e+04   0.0000000e+00
   2.2213219e+00   3.4843762e+00   3.7828300e+04   0.0000000e+00
   2.2263531e+00   3.5125608e+00   3.7828300e+04   0.0000000e+00
   2.2313351e+00   3.5328087e+00   3.7828300e+04   0.0000000e+00
   2.2363006e+00   3.5455139e+00   3.7831300e+04   0.0000000e+00
   2.2412662e+00   3.5516859e+00   3.7831300e+04   0.0000000e+00
   2.2462399e+00   3.5698822e+00   3.7834200e+04   0.0000000e+00
   2.2512219e+00   3.5821443e+00   3.7834200e+04   0.0000000e+00
   2.2561792e+00   3.5921902e+00   3.7834200e+04   0.0000000e+00
   2.2611529e+00   3.6148840e+00   3.7834200e+04   0.0000000e+00
   2.2661267e+00   3.6314221e+00   3.7834200e+04   0.0000000e+00
   2.2711004e+00   3.6461299e+00   3.7834200e+04   0.0000000e+00
   2.2764599e+00   3.6652944e+00   3.7834200e+04   0.0000000e+00
   2.2814419e+00   3.6815864e+00   3.7834200e+04   0.0000000e+00
   2.2863992e+00   3.7005293e+00   3.7834200e+04   0.0000000e+00
   2.2914140e+00   3.7126518e+00   3.7834200e+04   0.0000000e+00
   2.2963467e+00   3.7212779e+00   3.7834200e+04   0.0000000e+00
   2.3013286e+00   3.7319394e+00   3.7834200e+04   0.0000000e+00
   2.3062942e+00   3.7437336e+00   3.7834200e+04   0.0000000e+00
   2.3112762e+00   3.7714585e+00   3.7834200e+04   0.0000000e+00
   2.3162172e+00   3.7825388e+00   3.7834200e+04   0.0000000e+00
   2.3211991e+00   3.7911074e+00   3.7834200e+04   0.0000000e+00
   2.3261811e+00   3.8062174e+00   3.7834200e+04   0.0000000e+00
   2.3311630e+00   3.8336469e+00   3.7834200e+04   0.0000000e+00
   2.3361450e+00   3.8410993e+00   3.7837200e+04   0.0000000e+00
   2.3414470e+00   3.8598616e+00   3.7837200e+04   0.0000000e+00
   2.3464454e+00   3.8601981e+00   3.7837200e+04   0.0000000e+00
   2.3514437e+00   3.8872422e+00   3.7837200e+04   0.0000000e+00
   2.3563847e+00   3.8923145e+00   3.7837200e+04   0.0000000e+00
   2.3613666e+00   3.9187837e+00   3.7837200e+04   0.0000000e+00
   2.3663404e+00   3.9243894e+00   3.7837200e+04   0.0000000e+00
   2.3713305e+00   3.9452036e+00   3.7837200e+04   0.0000000e+00
   2.3762796e+00   3.9609948e+00   3.7834200e+04   0.0000000e+00
   2.3812534e+00   3.9744634e+00   3.7834200e+04   0.0000000e+00
   2.3862271e+00   3.9833275e+00   3.7831300e+04   0.0000000e+00
   2.3911845e+00   3.9880633e+00   3.7828300e+04   0.0000000e+00
   2.3961500e+00   4.0182587e+00   3.7828300e+04   0.0000000e+00
   2.4014931e+00   4.0381454e+00   3.7828300e+04   0.0000000e+00
   2.4064914e+00   4.0464761e+00   3.7828300e+04   0.0000000e+00
   2.4114898e+00   4.0583277e+00   3.7828300e+04   0.0000000e+00
   2.4164472e+00   4.0653779e+00   3.7828300e+04   0.0000000e+00
   2.4214374e+00   4.0858228e+00   3.7828300e+04   0.0000000e+00
   2.4264029e+00   4.1110857e+00   3.7831300e+04   0.0000000e+00
   2.4313931e+00   4.1151566e+00   3.7831300e+04   0.0000000e+00
   2.4363997e+00   4.1252847e+00   3.7828300e+04   0.0000000e+00
   2.4413324e+00   4.1498415e+00   3.7828300e+04   0.0000000e+00
   2.4462979e+00   4.1741521e+00   3.7828300e+04   0.0000000e+00
   2.4512717e+00   4.1838698e+00   3.7825300e+04   0.0000000e+00
   2.4562454e+00   4.1808412e+00   3.7825300e+04   0.0000000e+00
   2.4612027e+00   4.2055872e+00   3.7825300e+04   0.0000000e+00
   2.4665458e+00   4.2207054e+00   3.7825300e+04   0.0000000e+00
   2.4715524e+00   4.2396319e+00   3.7828300e+04   0.0000000e+00
   2.4765179e+00   4.2510485e+00   3.7828300e+04   0.0000000e+00
   2.4814835e+00   4.2600767e+00   3.7831300e+04   0.0000000e+00
   2.4864736e+00   4.2751785e+00   3.7831300e+04   0.0000000e+00
   2.4914474e+00   4.3015330e+00   3.7834200e+04   0.0000000e+00
   2.4964129e+00   4.3228233e+00   3.7834200e+04   0.0000000e+00
   2.5013538e+00   4.3303660e+00   3.7831300e+04   0.0000000e+00
   2.5063194e+00   4.3541431e+00   3.7831300e+04   0.0000000e+00
   2.5113177e+00   4.3612262e+00   3.7828300e+04   0.0000000e+00
   2.5162915e+00   4.3702544e+00   3.7828300e+04   0.0000000e+00
   2.5212737e+00   4.3987837e+00   3.7828300e+04   0.0000000e+00
   2.5262557e+00   4.4060392e+00   3.7828300e+04   0.0000000e+00
   2.5315495e+00   4.4236033e+00   3.7828300e+04   0.0000000e+00
   2.5365479e+00   4.4327546e+00   3.7828300e+04   0.0000000e+00
   2.5414888e+00   4.4473312e+00   3.7831300e+04   0.0000000e+00
   2.5464954e+00   4.4600446e+00   3.7831300e+04   0.0000000e+00
   2.5514527e+00   4.4889432e+00   3.7831300e+04   0.0000000e+00
   2.5564429e+00   4.4928253e+00   3.7834200e+04   0.0000000e+00
   2.5614002e+00   4.5070079e+00   3.7834200e+04   0.0000000e+00
   2.5663739e+00   4.5354142e+00   3.7834200e+04   0.0000000e+00
   2.5713559e+00   4.5477337e+00   3.7834200e+04   0.0000000e+00
   2.5763132e+00   4.5635167e+00   3.7834200e+04   0.0000000e+00
   2.5813198e+00   4.5598890e+00   3.7834200e+04   0.0000000e+00
   2.5862689e+00   4.5907328e+00   3.7837200e+04   0.0000000e+00
   2.5916530e+00   4.5824022e+00   3.7837200e+04   0.0000000e+00
   2.5966514e+00   4.6024039e+00   3.7837200e+04   0.0000000e+00
   2.6015923e+00   4.6233661e+00   3.7837200e+04   0.0000000e+00
   2.6065661e+00   4.6268461e+00   3.7837200e+04   0.0000000e+00
   2.6115234e+00   4.6437946e+00   3.7837200e+04   0.0000000e+00
   2.6165300e+00   4.6687372e+00   3.7837200e+04   0.0000000e+00
   2.6214874e+00   4.6738997e+00   3.7840200e+04   0.0000000e+00
   2.6264529e+00   4.6834778e+00   3.7840200e+04   0.0000000e+00
   2.6314349e+00   4.7058105e+00   3.7840200e+04   0.0000000e+00
   2.6364086e+00   4.7177688e+00   3.7840200e+04   0.0000000e+00
   2.6413742e+00   4.7320254e+00   3.7840200e+04   0.0000000e+00
   2.6463643e+00   4.7521994e+00   3.7840200e+04   0.0000000e+00
   2.6513545e+00   4.7589953e+00   3.7840200e+04   0.0000000e+00
   2.6566812e+00   4.7794566e+00   3.7837200e+04   0.0000000e+00
   2.6616221e+00   4.8134438e+00   3.7837200e+04   0.0000000e+00
   2.6666122e+00   4.8055728e+00   3.7837200e+04   0.0000000e+00
   2.6715778e+00   4.8250740e+00   3.7837200e+04   0.0000000e+00
   2.6765433e+00   4.8278482e+00   3.7837200e+04   0.0000000e+00
   2.6815253e+00   4.8574690e+00   3.7837200e+04   0.0000000e+00
   2.6864662e+00   4.8818207e+00   3.7837200e+04   0.0000000e+00
   2.6914399e+00   4.8880584e+00   3.7837200e+04   0.0000000e+00
   2.6964219e+00   4.9023476e+00   3.7837200e+04   0.0000000e+00
   2.7013956e+00   4.9223247e+00   3.7837200e+04   0.0000000e+00
   2.7063858e+00   4.9347100e+00   3.7837200e+04   0.0000000e+00
   2.7113431e+00   4.9474234e+00   3.7834200e+04   0.0000000e+00
   2.7167272e+00   4.9659067e+00   3.7834200e+04   0.0000000e+00
   2.7216764e+00   4.9796297e+00   3.7834200e+04   0.0000000e+00
   2.7266422e+00   4.9859248e+00   3.7837200e+04   0.0000000e+00
   2.7316488e+00   5.0064928e+00   3.7837200e+04   0.0000000e+00
   2.7366061e+00   5.0154800e+00   3.7837200e+04   0.0000000e+00
   2.7416291e+00   5.0288008e+00   3.7837200e+04   0.0000000e+00
   2.7465290e+00   5.0452734e+00   3.7837200e+04   0.0000000e+00
   2.7515355e+00   5.0658331e+00   3.7840200e+04   0.0000000e+00
   2.7564929e+00   5.0808365e+00   3.7840200e+04   0.0000000e+00
   2.7614912e+00   5.1071087e+00   3.7840200e+04   0.0000000e+00
   2.7664568e+00   5.1024714e+00   3.7837200e+04   0.0000000e+00
   2.7714059e+00   5.1234252e+00   3.7837200e+04   0.0000000e+00
   2.7764535e+00   5.1257069e+00   3.7837200e+04   0.0000000e+00
   2.7817638e+00   5.1632646e+00   3.7834200e+04   0.0000000e+00
   2.7867539e+00   5.1719645e+00   3.7834200e+04   0.0000000e+00
   2.7917277e+00   5.1883303e+00   3.7834200e+04   0.0000000e+00
   2.7967096e+00   5.1996566e+00   3.7834200e+04   0.0000000e+00
   2.8016752e+00   5.2246074e+00   3.7834200e+04   0.0000000e+00
   2.8065915e+00   5.2273569e+00   3.7834200e+04   0.0000000e+00
   2.8115652e+00   5.2426639e+00   3.7831300e+04   0.0000000e+00
   2.8165472e+00   5.2638887e+00   3.7831300e+04   0.0000000e+00
   2.8215209e+00   5.2777594e+00   3.7831300e+04   0.0000000e+00
   2.8264946e+00   5.2927955e+00   3.7831300e+04   0.0000000e+00
   2.8314849e+00   5.2890529e+00   3.7828300e+04   0.0000000e+00
   2.8364669e+00   5.3015940e+00   3.7828300e+04   0.0000000e+00
   2.8414898e+00   5.3265448e+00   3.7825300e+04   0.0000000e+00
   2.8468165e+00   5.3398327e+00   3.7822300e+04   0.0000000e+00
   2.8517738e+00   5.3556734e+00   3.7822300e+04   0.0000000e+00
   2.8567394e+00   5.3658343e+00   3.7825300e+04   0.0000000e+00
   2.8617131e+00   5.3788185e+00   3.7825300e+04   0.0000000e+00
   2.8666787e+00   5.4073068e+00   3.7828300e+04   0.0000000e+00
   2.8716688e+00   5.4158262e+00   3.7831300e+04   0.0000000e+00
   2.8766508e+00   5.4367143e+00   3.7834200e+04   0.0000000e+00
   2.8816081e+00   5.4447576e+00   3.7834200e+04   0.0000000e+00
   2.8865983e+00   5.4779245e+00   3.7834200e+04   0.0000000e+00
   2.8915556e+00   5.4753966e+00   3.7834200e+04   0.0000000e+00
   2.8965211e+00   5.4870923e+00   3.7834200e+04   0.0000000e+00
   2.9015031e+00   5.5092607e+00   3.7834200e+04   0.0000000e+00
   2.9067969e+00   5.5285320e+00   3.7834200e+04   0.0000000e+00
   2.9117789e+00   5.5274239e+00   3.7834200e+04   0.0000000e+00
   2.9167690e+00   5.5492805e+00   3.7837200e+04   0.0000000e+00
   2.9217428e+00   5.5632417e+00   3.7837200e+04   0.0000000e+00
   2.9267001e+00   5.5750769e+00   3.7837200e+04   0.0000000e+00
   2.9316492e+00   5.5917299e+00   3.7837200e+04   0.0000000e+00
   2.9366315e+00   5.5983616e+00   3.7837200e+04   0.0000000e+00
   2.9415888e+00   5.6101147e+00   3.7834200e+04   0.0000000e+00
   2.9465872e+00   5.6294762e+00   3.7834200e+04   0.0000000e+00
   2.9515445e+00   5.6418039e+00   3.7834200e+04   0.0000000e+00
   2.9565593e+00   5.6617070e+00   3.7834200e+04   0.0000000e+00
   2.9615412e+00   5.6684374e+00   3.7834200e+04   0.0000000e+00
   2.9664904e+00   5.6975658e+00   3.7834200e+04   0.0000000e+00
   2.9718581e+00   5.7104434e+00   3.7834200e+04   0.0000000e+00
   2.9768072e+00   5.7304451e+00   3.7837200e+04   0.0000000e+00
   2.9818138e+00   5.7480912e+00   3.7837200e+04   0.0000000e+00
   2.9867547e+00   5.7600988e+00   3.7837200e+04   0.0000000e+00
   2.9917366e+00   5.7697099e+00   3.7837200e+04   0.0000000e+00
   2.9967104e+00   5.7825547e+00   3.7837200e+04   0.0000000e+00
   3.0016677e+00   5.7968029e+00   3.7837200e+04   0.0000000e+00
   3.0066661e+00   5.8188482e+00   3.7840200e+04   0.0000000e+00
   3.0116234e+00   5.8237727e+00   3.7840200e+04   0.0000000e+00
   3.0165807e+00   5.8318325e+00   3.7840200e+04   0.0000000e+00
   3.0215709e+00   5.8478289e+00   3.7837200e+04   0.0000000e+00
   3.0265693e+00   5.8473857e+00   3.7837200e+04   0.0000000e+00
   3.0315102e+00   5.8762763e+00   3.7837200e+04   0.0000000e+00
   3.0368533e+00   5.8868065e+00   3.7834200e+04   0.0000000e+00
   3.0418353e+00   5.9232807e+00   3.7834200e+04   0.0000000e+00
   3.0468501e+00   5.9299123e+00   3.7834200e+04   0.0000000e+00
   3.0517664e+00   5.9526307e+00   3.7834200e+04   0.0000000e+00
   3.0567483e+00   5.9528031e+00   3.7834200e+04   0.0000000e+00
   3.0617139e+00   5.9736993e+00   3.7834200e+04   0.0000000e+00
   3.0666958e+00   5.9877344e+00   3.7834200e+04   0.0000000e+00
   3.0716778e+00   5.9923470e+00   3.7831300e+04   0.0000000e+00
   3.0766269e+00   6.0157137e+00   3.7828300e+04   0.0000000e+00
   3.0816335e+00   6.0323175e+00   3.7828300e+04   0.0000000e+00
   3.0866154e+00   6.0394498e+00   3.7828300e+04   0.0000000e+00
   3.0915481e+00   6.0626606e+00   3.7828300e+04   0.0000000e+00
   3.0969076e+00   6.0743892e+00   3.7828300e+04   0.0000000e+00
   3.1018650e+00   6.0960654e+00   3.7831300e+04   0.0000000e+00
   3.1068798e+00   6.1013017e+00   3.7831300e+04   0.0000000e+00
   3.1117960e+00   6.1119715e+00   3.7831300e+04   0.0000000e+00
   3.1167370e+00   6.1304794e+00   3.7831300e+04   0.0000000e+00
   3.1217353e+00   6.1411163e+00   3.7828300e+04   0.0000000e+00
   3.1267173e+00   6.1678810e+00   3.7828300e+04   0.0000000e+00
   3.1317157e+00   6.1673721e+00   3.7828300e+04   0.0000000e+00
   3.1366812e+00   6.1712132e+00   3.7825300e+04   0.0000000e+00
   3.1416878e+00   6.1967140e+00   3.7825300e+04   0.0000000e+00
   3.1466698e+00   6.2089022e+00   3.7825300e+04   0.0000000e+00
   3.1516518e+00   6.2223379e+00   3.7822300e+04   0.0000000e+00
   3.1566173e+00   6.2415762e+00   3.7822300e+04   0.0000000e+00
   3.1619276e+00   6.2377187e+00   3.7822300e+04   0.0000000e+00
   3.1669259e+00   6.2702697e+00   3.7822300e+04   0.0000000e+00
   3.1718668e+00   6.2875957e+00   3.7822300e+04   0.0000000e+00
   3.1768406e+00   6.2914614e+00   3.7825300e+04   0.0000000e+00
   3.1818225e+00   6.3034364e+00   3.7822300e+04   0.0000000e+00
   3.1868045e+00   6.3158297e+00   3.7822300e+04   0.0000000e+00
   3.1917864e+00   6.3554719e+00   3.7822300e+04   0.0000000e+00
   3.1967438e+00   6.3484053e+00   3.7822300e+04   0.0000000e+00
   3.2017503e+00   6.3656820e+00   3.7822300e+04   0.0000000e+00
   3.2067159e+00   6.3744476e+00   3.7822300e+04   0.0000000e+00
   3.2116896e+00   6.3917901e+00   3.7822300e+04   0.0000000e+00
   3.2166716e+00   6.4003261e+00   3.7822300e+04   0.0000000e+00
   3.2220065e+00   6.4160763e+00   3.7822300e+04   0.0000000e+00
   3.2269966e+00   6.4406906e+00   3.7822300e+04   0.0000000e+00
   3.2319293e+00   6.4635567e+00   3.7822300e+04   0.0000000e+00
   3.2368949e+00   6.4651571e+00   3.7825300e+04   0.0000000e+00
   3.2418768e+00   6.4707547e+00   3.7825300e+04   0.0000000e+00
   3.2468506e+00   6.4829428e+00   3.7828300e+04   0.0000000e+00
   3.2518410e+00   6.5032483e+00   3.7828300e+04   0.0000000e+00
   3.2568066e+00   6.5396240e+00   3.7828300e+04   0.0000000e+00
   3.2618295e+00   6.5432435e+00   3.7831300e+04   0.0000000e+00
   3.2668115e+00   6.5672586e+00   3.7831300e+04   0.0000000e+00
   3.2717442e+00   6.5717481e+00   3.7831300e+04   0.0000000e+00
   3.2767015e+00   6.5903135e+00   3.7831300e+04   0.0000000e+00
   3.2816999e+00   6.5872767e+00   3.7831300e+04   0.0000000e+00
   3.2870348e+00   6.6145341e+00   3.7831300e+04   0.0000000e+00
   3.2920085e+00   6.6371294e+00   3.7831300e+04   0.0000000e+00
   3.2969412e+00   6.6443109e+00   3.7831300e+04   0.0000000e+00
   3.3019396e+00   6.6668898e+00   3.7831300e+04   0.0000000e+00
   3.3068887e+00   6.6791846e+00   3.7831300e+04   0.0000000e+00
   3.3118543e+00   6.6930307e+00   3.7831300e+04   0.0000000e+00
   3.3168362e+00   6.7225204e+00   3.7831300e+04   0.0000000e+00
   3.3217853e+00   6.7151090e+00   3.7828300e+04   0.0000000e+00
   3.3268001e+00   6.7417096e+00   3.7831300e+04   0.0000000e+00
   3.3317657e+00   6.7461416e+00   3.7831300e+04   0.0000000e+00
   3.3367558e+00   6.7724138e+00   3.7831300e+04   0.0000000e+00
   3.3417131e+00   6.7737763e+00   3.7831300e+04   0.0000000e+00
   3.3467279e+00   6.8056542e+00   3.7831300e+04   0.0000000e+00
   3.3520710e+00   6.8271828e+00   3.7828300e+04   0.0000000e+00
   3.3569792e+00   6.8284221e+00   3.7828300e+04   0.0000000e+00
   3.3619611e+00   6.8325258e+00   3.7828300e+04   0.0000000e+00
   3.3669267e+00   6.8486043e+00   3.7828300e+04   0.0000000e+00
   3.3719168e+00   6.8682038e+00   3.7825300e+04   0.0000000e+00
   3.3768742e+00   6.8788490e+00   3.7825300e+04   0.0000000e+00
   3.3818725e+00   6.8935568e+00   3.7825300e+04   0.0000000e+00
   3.3868873e+00   6.9201327e+00   3.7825300e+04   0.0000000e+00
   3.3918282e+00   6.9329610e+00   3.7825300e+04   0.0000000e+00
   3.3968184e+00   6.9398881e+00   3.7825300e+04   0.0000000e+00
   3.4018004e+00   6.9454036e+00   3.7825300e+04   0.0000000e+00
   3.4067823e+00   6.9705760e+00   3.7828300e+04   0.0000000e+00
   3.4121008e+00   6.9952559e+00   3.7828300e+04   0.0000000e+00
   3.4170335e+00   6.9951164e+00   3.7828300e+04   0.0000000e+00
   3.4220154e+00   7.0164313e+00   3.7828300e+04   0.0000000e+00
   3.4269563e+00   7.0259933e+00   3.7831300e+04   0.0000000e+00
   3.4319875e+00   7.0434507e+00   3.7831300e+04   0.0000000e+00
   3.4369613e+00   7.0609655e+00   3.7831300e+04   0.0000000e+00
   3.4419350e+00   7.0814760e+00   3.7831300e+04   0.0000000e+00
   3.4469006e+00   7.0889531e+00   3.7831300e+04   0.0000000e+00
   3.4519153e+00   7.1112693e+00   3.7831300e+04   0.0000000e+00
   3.4568727e+00   7.1216435e+00   3.7831300e+04   0.0000000e+00
   3.4618384e+00   7.1413171e+00   3.7828300e+04   0.0000000e+00
   3.4668122e+00   7.1561891e+00   3.7828300e+04   0.0000000e+00
   3.4717859e+00   7.1712170e+00   3.7831300e+04   0.0000000e+00
   3.4771126e+00   7.1803438e+00   3.7831300e+04   0.0000000e+00
   3.4820699e+00   7.1963402e+00   3.7831300e+04   0.0000000e+00
   3.4870601e+00   7.1954620e+00   3.7831300e+04   0.0000000e+00
   3.4920338e+00   7.2297529e+00   3.7831300e+04   0.0000000e+00
   3.4970404e+00   7.2311154e+00   3.7831300e+04   0.0000000e+00
   3.5019813e+00   7.2516342e+00   3.7828300e+04   0.0000000e+00
