   4.0100000e+02   4.0000000e-03   1.0000000e-07
  -9.9139340e-01  -6.3250384e+00   2.8494200e+04   0.0000000e+00
  -9.8657600e-01  -6.2926883e+00   2.8494200e+04   0.0000000e+00
  -9.8173700e-01  -6.2606841e+00   2.8494200e+04   0.0000000e+00
  -9.7677910e-01  -6.2276536e+00   2.8497200e+04   0.0000000e+00
  -9.7185370e-01  -6.1954007e+00   2.8497200e+04   0.0000000e+00
  -9.6696070e-01  -6.1630294e+00   2.8500100e+04   0.0000000e+00
  -9.6204610e-01  -6.1298908e+00   2.8500100e+04   0.0000000e+00
  -9.5712060e-01  -6.0971411e+00   2.8503100e+04   0.0000000e+00
  -9.5223840e-01  -6.0642188e+00   2.8503100e+04   0.0000000e+00
  -9.4732380e-01  -6.0316095e+00   2.8503100e+04   0.0000000e+00
  -9.4239840e-01  -5.9990758e+00   2.8500100e+04   0.0000000e+00
  -9.3749460e-01  -5.9656674e+00   2.8500100e+04   0.0000000e+00
  -9.3222360e-01  -5.9304766e+00   2.8500100e+04   0.0000000e+00
  -9.2726580e-01  -5.8974568e+00   2.8500100e+04   0.0000000e+00
  -9.2236190e-01  -5.8643616e+00   2.8500100e+04   0.0000000e+00
  -9.1743650e-01  -5.8311150e+00   2.8500100e+04   0.0000000e+00
  -9.1253270e-01  -5.7977172e+00   2.8503100e+04   0.0000000e+00
  -9.0759650e-01  -5.7644814e+00   2.8503100e+04   0.0000000e+00
  -9.0266030e-01  -5.7319695e+00   2.8503100e+04   0.0000000e+00
  -8.9775640e-01  -5.6987661e+00   2.8503100e+04   0.0000000e+00
  -8.9284180e-01  -5.6649794e+00   2.8503100e+04   0.0000000e+00
  -8.8792720e-01  -5.6317547e+00   2.8506100e+04   0.0000000e+00
  -8.8296940e-01  -5.5983785e+00   2.8506100e+04   0.0000000e+00
  -8.7804390e-01  -5.5649591e+00   2.8506100e+04   0.0000000e+00
  -8.7276210e-01  -5.5293688e+00   2.8506100e+04   0.0000000e+00
  -8.6787990e-01  -5.4963058e+00   2.8506100e+04   0.0000000e+00
  -8.6294360e-01  -5.4630916e+00   2.8506100e+04   0.0000000e+00
  -8.5805060e-01  -5.4299638e+00   2.8506100e+04   0.0000000e+00
  -8.5308200e-01  -5.3965768e+00   2.8506100e+04   0.0000000e+00
  -8.4816740e-01  -5.3628117e+00   2.8506100e+04   0.0000000e+00
  -8.4320950e-01  -5.3295978e+00   2.8506100e+04   0.0000000e+00
  -8.3832730e-01  -5.2967940e+00   2.8506100e+04   0.0000000e+00
  -8.3332630e-01  -5.2626833e+00   2.8506100e+04   0.0000000e+00
  -8.2838990e-01  -5.2297286e+00   2.8506100e+04   0.0000000e+00
  -8.2345360e-01  -5.1965792e+00   2.8506100e+04   0.0000000e+00
  -8.1822580e-01  -5.1616151e+00   2.8506100e+04   0.0000000e+00
  -8.1327870e-01  -5.1281311e+00   2.8506100e+04   0.0000000e+00
  -8.0835330e-01  -5.0951977e+00   2.8506100e+04   0.0000000e+00
  -8.0341710e-01  -5.0620051e+00   2.8503100e+04   0.0000000e+00
  -7.9849170e-01  -5.0288450e+00   2.8503100e+04   0.0000000e+00
  -7.9359870e-01  -4.9959766e+00   2.8503100e+04   0.0000000e+00
  -7.8864080e-01  -4.9632053e+00   2.8503100e+04   0.0000000e+00
  -7.8371540e-01  -4.9300235e+00   2.8503100e+04   0.0000000e+00
  -7.7880080e-01  -4.8970147e+00   2.8503100e+04   0.0000000e+00
  -7.7387540e-01  -4.8640921e+00   2.8503100e+04   0.0000000e+00
  -7.6894990e-01  -4.8303811e+00   2.8503100e+04   0.0000000e+00
  -7.6402450e-01  -4.7976531e+00   2.8503100e+04   0.0000000e+00
  -7.5866700e-01  -4.7618250e+00   2.8503100e+04   0.0000000e+00
  -7.5375240e-01  -4.7289024e+00   2.8503100e+04   0.0000000e+00
  -7.4893500e-01  -4.6962285e+00   2.8503100e+04   0.0000000e+00
  -7.4397720e-01  -4.6637704e+00   2.8503100e+04   0.0000000e+00
  -7.3908420e-01  -4.6311719e+00   2.8503100e+04   0.0000000e+00
  -7.3415870e-01  -4.5982169e+00   2.8503100e+04   0.0000000e+00
  -7.2923330e-01  -4.5650135e+00   2.8500100e+04   0.0000000e+00
  -7.2428630e-01  -4.5320153e+00   2.8500100e+04   0.0000000e+00
  -7.1933930e-01  -4.4992010e+00   2.8500100e+04   0.0000000e+00
  -7.1444620e-01  -4.4663108e+00   2.8500100e+04   0.0000000e+00
  -7.0942360e-01  -4.4327834e+00   2.8500100e+04   0.0000000e+00
  -7.0451980e-01  -4.4005089e+00   2.8500100e+04   0.0000000e+00
  -6.9924870e-01  -4.3648970e+00   2.8500100e+04   0.0000000e+00
  -6.9432330e-01  -4.3324389e+00   2.8497200e+04   0.0000000e+00
  -6.8933310e-01  -4.2989763e+00   2.8497200e+04   0.0000000e+00
  -6.8440770e-01  -4.2665508e+00   2.8497200e+04   0.0000000e+00
  -6.7948220e-01  -4.2336822e+00   2.8497200e+04   0.0000000e+00
  -6.7453520e-01  -4.2009973e+00   2.8497200e+04   0.0000000e+00
  -6.6964220e-01  -4.1685607e+00   2.8497200e+04   0.0000000e+00
  -6.6468440e-01  -4.1351520e+00   2.8497200e+04   0.0000000e+00
  -6.5973730e-01  -4.1031260e+00   2.8497200e+04   0.0000000e+00
  -6.5481190e-01  -4.0703224e+00   2.8500100e+04   0.0000000e+00
  -6.4987570e-01  -4.0376159e+00   2.8500100e+04   0.0000000e+00
  -6.4496110e-01  -4.0048554e+00   2.8500100e+04   0.0000000e+00
  -6.3971160e-01  -3.9698159e+00   2.8500100e+04   0.0000000e+00
  -6.3476460e-01  -3.9363965e+00   2.8500100e+04   0.0000000e+00
  -6.2981750e-01  -3.9023938e+00   2.8500100e+04   0.0000000e+00
  -6.2498930e-01  -3.8700220e+00   2.8500100e+04   0.0000000e+00
  -6.2008530e-01  -3.8377043e+00   2.8500100e+04   0.0000000e+00
  -6.1517070e-01  -3.8053650e+00   2.8500100e+04   0.0000000e+00
  -6.1021290e-01  -3.7720968e+00   2.8500100e+04   0.0000000e+00
  -6.0528740e-01  -3.7392393e+00   2.8500100e+04   0.0000000e+00
  -6.0031880e-01  -3.7065219e+00   2.8500100e+04   0.0000000e+00
  -5.9541500e-01  -3.6732645e+00   2.8500100e+04   0.0000000e+00
  -5.9015470e-01  -3.6381494e+00   2.8500100e+04   0.0000000e+00
  -5.8515370e-01  -3.6050864e+00   2.8500100e+04   0.0000000e+00
  -5.8014190e-01  -3.5708029e+00   2.8500100e+04   0.0000000e+00
  -5.7518400e-01  -3.5379019e+00   2.8503100e+04   0.0000000e+00
  -5.7021540e-01  -3.5046013e+00   2.8503100e+04   0.0000000e+00
  -5.6523600e-01  -3.4713115e+00   2.8503100e+04   0.0000000e+00
  -5.6027820e-01  -3.4398688e+00   2.8503100e+04   0.0000000e+00
  -5.5530950e-01  -3.4063414e+00   2.8503100e+04   0.0000000e+00
  -5.5036250e-01  -3.3731488e+00   2.8503100e+04   0.0000000e+00
  -5.4541550e-01  -3.3405180e+00   2.8503100e+04   0.0000000e+00
  -5.4042520e-01  -3.3071958e+00   2.8503100e+04   0.0000000e+00
  -5.3551060e-01  -3.2744461e+00   2.8503100e+04   0.0000000e+00
  -5.3054200e-01  -3.2409186e+00   2.8503100e+04   0.0000000e+00
  -5.2556260e-01  -3.2080608e+00   2.8503100e+04   0.0000000e+00
  -5.2060470e-01  -3.1748250e+00   2.8503100e+04   0.0000000e+00
  -5.1565780e-01  -3.1417512e+00   2.8503100e+04   0.0000000e+00
  -5.1070000e-01  -3.1087855e+00   2.8503100e+04   0.0000000e+00
  -5.0575300e-01  -3.0754957e+00   2.8503100e+04   0.0000000e+00
  -5.0077350e-01  -3.0423463e+00   2.8503100e+04   0.0000000e+00
  -4.9581570e-01  -3.0089163e+00   2.8500100e+04   0.0000000e+00
  -4.9087950e-01  -2.9756589e+00   2.8500100e+04   0.0000000e+00
  -4.8591080e-01  -2.9417858e+00   2.8500100e+04   0.0000000e+00
  -4.8097460e-01  -2.9090252e+00   2.8500100e+04   0.0000000e+00
  -4.7600600e-01  -2.8762538e+00   2.8500100e+04   0.0000000e+00
  -4.7103740e-01  -2.8426832e+00   2.8500100e+04   0.0000000e+00
  -4.6607950e-01  -2.8097283e+00   2.8500100e+04   0.0000000e+00
  -4.6113250e-01  -2.7757148e+00   2.8500100e+04   0.0000000e+00
  -4.5617470e-01  -2.7425654e+00   2.8500100e+04   0.0000000e+00
  -4.5120610e-01  -2.7093295e+00   2.8503100e+04   0.0000000e+00
  -4.4628060e-01  -2.6763746e+00   2.8503100e+04   0.0000000e+00
  -4.4130120e-01  -2.6427823e+00   2.8503100e+04   0.0000000e+00
  -4.3635420e-01  -2.6097626e+00   2.8503100e+04   0.0000000e+00
  -4.3138560e-01  -2.5758787e+00   2.8503100e+04   0.0000000e+00
  -4.2643850e-01  -2.5423297e+00   2.8503100e+04   0.0000000e+00
  -4.2148070e-01  -2.5089534e+00   2.8503100e+04   0.0000000e+00
  -4.1650130e-01  -2.4753503e+00   2.8503100e+04   0.0000000e+00
  -4.1158640e-01  -2.4418337e+00   2.8503100e+04   0.0000000e+00
  -4.0659620e-01  -2.4091164e+00   2.8503100e+04   0.0000000e+00
  -4.0164920e-01  -2.3750165e+00   2.8503100e+04   0.0000000e+00
  -3.9669140e-01  -2.3412623e+00   2.8503100e+04   0.0000000e+00
  -3.9172270e-01  -2.3070976e+00   2.8503100e+04   0.0000000e+00
  -3.8676490e-01  -2.2731274e+00   2.8503100e+04   0.0000000e+00
  -3.8183950e-01  -2.2395999e+00   2.8503100e+04   0.0000000e+00
  -3.7684930e-01  -2.2060833e+00   2.8500100e+04   0.0000000e+00
  -3.7188060e-01  -2.1718429e+00   2.8500100e+04   0.0000000e+00
  -3.6694440e-01  -2.1378942e+00   2.8500100e+04   0.0000000e+00
  -3.6196500e-01  -2.1032866e+00   2.8500100e+04   0.0000000e+00
  -3.5703960e-01  -2.0690896e+00   2.8500100e+04   0.0000000e+00
  -3.5208170e-01  -2.0350004e+00   2.8503100e+04   0.0000000e+00
  -3.4710230e-01  -2.0003173e+00   2.8503100e+04   0.0000000e+00
  -3.4216610e-01  -1.9660335e+00   2.8503100e+04   0.0000000e+00
  -3.3718660e-01  -1.9312207e+00   2.8503100e+04   0.0000000e+00
  -3.3223960e-01  -1.8957382e+00   2.8503100e+04   0.0000000e+00
  -3.2730340e-01  -1.8614440e+00   2.8506100e+04   0.0000000e+00
  -3.2230240e-01  -1.8267608e+00   2.8506100e+04   0.0000000e+00
  -3.1734450e-01  -1.7915160e+00   2.8506100e+04   0.0000000e+00
  -3.1242990e-01  -1.7557524e+00   2.8506100e+04   0.0000000e+00
  -3.0745050e-01  -1.7213933e+00   2.8506100e+04   0.0000000e+00
  -3.0251430e-01  -1.6861700e+00   2.8506100e+04   0.0000000e+00
  -2.9753480e-01  -1.6496939e+00   2.8506100e+04   0.0000000e+00
  -2.9255540e-01  -1.6135201e+00   2.8506100e+04   0.0000000e+00
  -2.8763000e-01  -1.5770439e+00   2.8506100e+04   0.0000000e+00
  -2.8267210e-01  -1.5406000e+00   2.8506100e+04   0.0000000e+00
  -2.7769270e-01  -1.5042102e+00   2.8506100e+04   0.0000000e+00
  -2.7274570e-01  -1.4674748e+00   2.8506100e+04   0.0000000e+00
  -2.6779870e-01  -1.4301021e+00   2.8509100e+04   0.0000000e+00
  -2.6283000e-01  -1.3919948e+00   2.8509100e+04   0.0000000e+00
  -2.5788300e-01  -1.3538551e+00   2.8509100e+04   0.0000000e+00
  -2.5290360e-01  -1.3154887e+00   2.8509100e+04   0.0000000e+00
  -2.4796740e-01  -1.2770142e+00   2.8509100e+04   0.0000000e+00
  -2.4299870e-01  -1.2371570e+00   2.8509100e+04   0.0000000e+00
  -2.3804090e-01  -1.1970839e+00   2.8509100e+04   0.0000000e+00
  -2.3307230e-01  -1.1571620e+00   2.8509100e+04   0.0000000e+00
  -2.2812520e-01  -1.1163006e+00   2.8509100e+04   0.0000000e+00
  -2.2315660e-01  -1.0744993e+00   2.8512100e+04   0.0000000e+00
  -2.1820960e-01  -1.0328922e+00   2.8512100e+04   0.0000000e+00
  -2.1326260e-01  -9.8971920e-01   2.8512100e+04   0.0000000e+00
  -2.0827230e-01  -9.4604920e-01   2.8512100e+04   0.0000000e+00
  -2.0335770e-01  -9.0195820e-01   2.8512100e+04   0.0000000e+00
  -1.9836730e-01  -8.5786700e-01   2.8512100e+04   0.0000000e+00
  -1.9342030e-01  -8.1244700e-01   2.8512100e+04   0.0000000e+00
  -1.8845160e-01  -7.6573110e-01   2.8512100e+04   0.0000000e+00
  -1.8349380e-01  -7.2019260e-01   2.8512100e+04   0.0000000e+00
  -1.7855760e-01  -6.7455680e-01   2.8509100e+04   0.0000000e+00
  -1.7357820e-01  -6.2963390e-01   2.8509100e+04   0.0000000e+00
  -1.6860950e-01  -5.8540210e-01   2.8509100e+04   0.0000000e+00
  -1.6367330e-01  -5.4186180e-01   2.8509100e+04   0.0000000e+00
  -1.5870470e-01  -4.9909930e-01   2.8509100e+04   0.0000000e+00
  -1.5374680e-01  -4.5833500e-01   2.8509100e+04   0.0000000e+00
  -1.4879980e-01  -4.1808910e-01   2.8512100e+04   0.0000000e+00
  -1.4383120e-01  -3.7970080e-01   2.8512100e+04   0.0000000e+00
  -1.3886260e-01  -3.4149640e-01   2.8509100e+04   0.0000000e+00
  -1.3391550e-01  -3.0428570e-01   2.8509100e+04   0.0000000e+00
  -1.2895770e-01  -2.6805790e-01   2.8509100e+04   0.0000000e+00
  -1.2397830e-01  -2.3237020e-01   2.8512100e+04   0.0000000e+00
  -1.1903130e-01  -1.9785960e-01   2.8512100e+04   0.0000000e+00
  -1.1406260e-01  -1.6418100e-01   2.8512100e+04   0.0000000e+00
  -1.0913720e-01  -1.3178770e-01   2.8512100e+04   0.0000000e+00
  -1.0414700e-01  -1.0142500e-01   2.8512100e+04   0.0000000e+00
  -9.9199900e-02  -7.4119000e-02   2.8512100e+04   0.0000000e+00
  -9.4241900e-02  -5.1112100e-02   2.8512100e+04   0.0000000e+00
  -8.9262500e-02  -3.4045900e-02   2.8512100e+04   0.0000000e+00
  -8.4304700e-02  -2.2639700e-02   2.8512100e+04   0.0000000e+00
  -7.9357600e-02  -1.5618800e-02   2.8512100e+04   0.0000000e+00
  -7.4399800e-02  -1.1168600e-02   2.8512100e+04   0.0000000e+00
  -6.9431200e-02  -8.0362000e-03   2.8512100e+04   0.0000000e+00
  -6.4473400e-02  -5.6815000e-03   2.8512100e+04   0.0000000e+00
  -5.9515500e-02  -3.8237000e-03   2.8512100e+04   0.0000000e+00
  -5.4579300e-02  -2.3547000e-03   2.8512100e+04   0.0000000e+00
  -4.9621500e-02  -1.2638000e-03   2.8512100e+04   0.0000000e+00
  -4.4642000e-02  -2.9160000e-04   2.8512100e+04   0.0000000e+00
  -3.9695000e-02   4.4290000e-04   2.8512100e+04   0.0000000e+00
  -3.4737200e-02   1.2314000e-03   2.8512100e+04   0.0000000e+00
  -2.9757800e-02   2.0523000e-03   2.8512100e+04   0.0000000e+00
  -2.4810700e-02   2.7760000e-03   2.8512100e+04   0.0000000e+00
  -1.9852900e-02   3.8453000e-03   2.8512100e+04   0.0000000e+00
  -1.4884300e-02   4.9794000e-03   2.8512100e+04   0.0000000e+00
  -9.9373000e-03   7.0101000e-03   2.8512100e+04   0.0000000e+00
  -4.9902000e-03   9.0948000e-03   2.8512100e+04   0.0000000e+00
  -2.1600000e-05   1.2000300e-02   2.8512100e+04   0.0000000e+00
   4.9470000e-03   1.6256100e-02   2.8512100e+04   0.0000000e+00
   9.8941000e-03   2.2834100e-02   2.8512100e+04   0.0000000e+00
   1.4851900e-02   3.2987400e-02   2.8512100e+04   0.0000000e+00
   1.9798900e-02   4.9124600e-02   2.8512100e+04   0.0000000e+00
   2.4767500e-02   7.1353800e-02   2.8512100e+04   0.0000000e+00
   2.9725400e-02   9.8994500e-02   2.8512100e+04   0.0000000e+00
   3.4694000e-02   1.2922750e-01   2.8512100e+04   0.0000000e+00
   3.9651800e-02   1.6222570e-01   2.8512100e+04   0.0000000e+00
   4.4598800e-02   1.9622840e-01   2.8512100e+04   0.0000000e+00
   4.9578300e-02   2.3116020e-01   2.8515000e+04   0.0000000e+00
   5.4525300e-02   2.6780930e-01   2.8515000e+04   0.0000000e+00
   5.9472300e-02   3.0441510e-01   2.8515000e+04   0.0000000e+00
   6.4451800e-02   3.4205790e-01   2.8515000e+04   0.0000000e+00
   6.9366400e-02   3.8017590e-01   2.8515000e+04   0.0000000e+00
   7.4345800e-02   4.1954710e-01   2.8515000e+04   0.0000000e+00
   7.9325200e-02   4.5969570e-01   2.8515000e+04   0.0000000e+00
   8.4272300e-02   5.0081650e-01   2.8515000e+04   0.0000000e+00
   8.9230100e-02   5.4428130e-01   2.8515000e+04   0.0000000e+00
   9.4187900e-02   5.8837250e-01   2.8518000e+04   0.0000000e+00
   9.9156500e-02   6.3460260e-01   2.8518000e+04   0.0000000e+00
   1.0410360e-01   6.7998990e-01   2.8518000e+04   0.0000000e+00
   1.0908300e-01   7.2578770e-01   2.8518000e+04   0.0000000e+00
   1.1401920e-01   7.7192030e-01   2.8518000e+04   0.0000000e+00
   1.1899860e-01   8.1826900e-01   2.8518000e+04   0.0000000e+00
   1.2395650e-01   8.6363490e-01   2.8521000e+04   0.0000000e+00
   1.2891430e-01   9.0936790e-01   2.8521000e+04   0.0000000e+00
   1.3387210e-01   9.5370760e-01   2.8521000e+04   0.0000000e+00
   1.3883000e-01   9.9729110e-01   2.8521000e+04   0.0000000e+00
   1.4378780e-01   1.0415119e+00   2.8524000e+04   0.0000000e+00
   1.4875640e-01   1.0841883e+00   2.8524000e+04   0.0000000e+00
   1.5369260e-01   1.1257952e+00   2.8524000e+04   0.0000000e+00
   1.5867210e-01   1.1675858e+00   2.8524000e+04   0.0000000e+00
   1.6364070e-01   1.2088902e+00   2.8524000e+04   0.0000000e+00
   1.6858770e-01   1.2492873e+00   2.8521000e+04   0.0000000e+00
   1.7354550e-01   1.2888637e+00   2.8521000e+04   0.0000000e+00
   1.7849260e-01   1.3283859e+00   2.8521000e+04   0.0000000e+00
   1.8345040e-01   1.3672819e+00   2.8521000e+04   0.0000000e+00
   1.8842980e-01   1.4056376e+00   2.8524000e+04   0.0000000e+00
   1.9335530e-01   1.4445333e+00   2.8524000e+04   0.0000000e+00
   1.9832390e-01   1.4829537e+00   2.8524000e+04   0.0000000e+00
   2.0329250e-01   1.5209637e+00   2.8524000e+04   0.0000000e+00
   2.0823950e-01   1.5581744e+00   2.8524000e+04   0.0000000e+00
   2.1320840e-01   1.5954395e+00   2.8524000e+04   0.0000000e+00
   2.1817700e-01   1.6324017e+00   2.8524000e+04   0.0000000e+00
   2.2312400e-01   1.6698177e+00   2.8524000e+04   0.0000000e+00
   2.2809260e-01   1.7067692e+00   2.8524000e+04   0.0000000e+00
   2.3306130e-01   1.7429214e+00   2.8524000e+04   0.0000000e+00
   2.3798670e-01   1.7788900e+00   2.8521000e+04   0.0000000e+00
   2.4295530e-01   1.8152260e+00   2.8521000e+04   0.0000000e+00
   2.4790240e-01   1.8508273e+00   2.8521000e+04   0.0000000e+00
   2.5288180e-01   1.8867634e+00   2.8521000e+04   0.0000000e+00
   2.5783960e-01   1.9225808e+00   2.8521000e+04   0.0000000e+00
   2.6278660e-01   1.9580201e+00   2.8521000e+04   0.0000000e+00
   2.6775530e-01   1.9933733e+00   2.8518000e+04   0.0000000e+00
   2.7271310e-01   2.0289962e+00   2.8518000e+04   0.0000000e+00
   2.7767090e-01   2.0651052e+00   2.8518000e+04   0.0000000e+00
   2.8263950e-01   2.1002961e+00   2.8521000e+04   0.0000000e+00
   2.8759740e-01   2.1353465e+00   2.8521000e+04   0.0000000e+00
   2.9253360e-01   2.1694032e+00   2.8521000e+04   0.0000000e+00
   2.9751300e-01   2.2045729e+00   2.8521000e+04   0.0000000e+00
   3.0247090e-01   2.2395045e+00   2.8521000e+04   0.0000000e+00
   3.0741790e-01   2.2743065e+00   2.8521000e+04   0.0000000e+00
   3.1237570e-01   2.3092274e+00   2.8521000e+04   0.0000000e+00
   3.1732270e-01   2.3437378e+00   2.8524000e+04   0.0000000e+00
   3.2226980e-01   2.3784426e+00   2.8524000e+04   0.0000000e+00
   3.2724920e-01   2.4128990e+00   2.8524000e+04   0.0000000e+00
   3.3220700e-01   2.4475282e+00   2.8521000e+04   0.0000000e+00
   3.3716480e-01   2.4820710e+00   2.8521000e+04   0.0000000e+00
   3.4212270e-01   2.5167761e+00   2.8521000e+04   0.0000000e+00
   3.4706970e-01   2.5513620e+00   2.8521000e+04   0.0000000e+00
   3.5202750e-01   2.5857644e+00   2.8521000e+04   0.0000000e+00
   3.5699610e-01   2.6197347e+00   2.8521000e+04   0.0000000e+00
   3.6193240e-01   2.6547096e+00   2.8521000e+04   0.0000000e+00
   3.6690100e-01   2.6894792e+00   2.8521000e+04   0.0000000e+00
   3.7184800e-01   2.7234279e+00   2.8521000e+04   0.0000000e+00
   3.7679500e-01   2.7575821e+00   2.8521000e+04   0.0000000e+00
   3.8178530e-01   2.7917684e+00   2.8521000e+04   0.0000000e+00
   3.8673230e-01   2.8256739e+00   2.8524000e+04   0.0000000e+00
   3.9169010e-01   2.8594607e+00   2.8524000e+04   0.0000000e+00
   3.9663720e-01   2.8936362e+00   2.8524000e+04   0.0000000e+00
   4.0158420e-01   2.9275201e+00   2.8524000e+04   0.0000000e+00
   4.0657440e-01   2.9617932e+00   2.8524000e+04   0.0000000e+00
   4.1152140e-01   2.9961955e+00   2.8524000e+04   0.0000000e+00
   4.1644690e-01   3.0303494e+00   2.8524000e+04   0.0000000e+00
   4.2143730e-01   3.0643631e+00   2.8524000e+04   0.0000000e+00
   4.2637350e-01   3.0985278e+00   2.8524000e+04   0.0000000e+00
   4.3133130e-01   3.1323253e+00   2.8524000e+04   0.0000000e+00
   4.3628920e-01   3.1660149e+00   2.8524000e+04   0.0000000e+00
   4.4122540e-01   3.1995531e+00   2.8524000e+04   0.0000000e+00
   4.4620480e-01   3.2336314e+00   2.8524000e+04   0.0000000e+00
   4.5117350e-01   3.2677856e+00   2.8521000e+04   0.0000000e+00
   4.5609890e-01   3.3025012e+00   2.8521000e+04   0.0000000e+00
   4.6105670e-01   3.3358451e+00   2.8521000e+04   0.0000000e+00
   4.6602530e-01   3.3700856e+00   2.8521000e+04   0.0000000e+00
   4.7096160e-01   3.4036886e+00   2.8521000e+04   0.0000000e+00
   4.7594100e-01   3.4377237e+00   2.8521000e+04   0.0000000e+00
   4.8087720e-01   3.4728823e+00   2.8524000e+04   0.0000000e+00
   4.8582420e-01   3.5064421e+00   2.8524000e+04   0.0000000e+00
   4.9078210e-01   3.5400020e+00   2.8524000e+04   0.0000000e+00
   4.9573990e-01   3.5739079e+00   2.8524000e+04   0.0000000e+00
   5.0069770e-01   3.6077701e+00   2.8524000e+04   0.0000000e+00
   5.0565550e-01   3.6416540e+00   2.8527000e+04   0.0000000e+00
   5.1059180e-01   3.6749979e+00   2.8527000e+04   0.0000000e+00
   5.1556040e-01   3.7089574e+00   2.8527000e+04   0.0000000e+00
   5.2051820e-01   3.7431546e+00   2.8527000e+04   0.0000000e+00
   5.2545450e-01   3.7761961e+00   2.8527000e+04   0.0000000e+00
   5.3041240e-01   3.8102204e+00   2.8527000e+04   0.0000000e+00
   5.3538100e-01   3.8440395e+00   2.8527000e+04   0.0000000e+00
   5.4032800e-01   3.8777074e+00   2.8524000e+04   0.0000000e+00
   5.4528590e-01   3.9117104e+00   2.8524000e+04   0.0000000e+00
   5.5022210e-01   3.9452054e+00   2.8524000e+04   0.0000000e+00
   5.5516910e-01   3.9788409e+00   2.8524000e+04   0.0000000e+00
   5.6014850e-01   4.0126817e+00   2.8524000e+04   0.0000000e+00
   5.6508480e-01   4.0459067e+00   2.8524000e+04   0.0000000e+00
   5.7004260e-01   4.0790993e+00   2.8524000e+04   0.0000000e+00
   5.7501120e-01   4.1129402e+00   2.8524000e+04   0.0000000e+00
   5.7993660e-01   4.1461760e+00   2.8521000e+04   0.0000000e+00
   5.8488370e-01   4.1797359e+00   2.8521000e+04   0.0000000e+00
   5.8985230e-01   4.2129180e+00   2.8521000e+04   0.0000000e+00
   5.9477770e-01   4.2462510e+00   2.8521000e+04   0.0000000e+00
   5.9976790e-01   4.2794544e+00   2.8521000e+04   0.0000000e+00
   6.0472580e-01   4.3131656e+00   2.8521000e+04   0.0000000e+00
   6.0962960e-01   4.3467471e+00   2.8521000e+04   0.0000000e+00
   6.1458740e-01   4.3799073e+00   2.8521000e+04   0.0000000e+00
   6.1953440e-01   4.4133377e+00   2.8524000e+04   0.0000000e+00
   6.2449230e-01   4.4465843e+00   2.8524000e+04   0.0000000e+00
   6.2945030e-01   4.4797229e+00   2.8524000e+04   0.0000000e+00
   6.3438650e-01   4.5130237e+00   2.8524000e+04   0.0000000e+00
   6.3956040e-01   4.5472208e+00   2.8524000e+04   0.0000000e+00
   6.4471260e-01   4.5820336e+00   2.8521000e+04   0.0000000e+00
   6.4965970e-01   4.6155507e+00   2.8521000e+04   0.0000000e+00
   6.5458510e-01   4.6487541e+00   2.8521000e+04   0.0000000e+00
   6.5947810e-01   4.6820331e+00   2.8521000e+04   0.0000000e+00
   6.6440350e-01   4.7143076e+00   2.8521000e+04   0.0000000e+00
   6.6933970e-01   4.7479972e+00   2.8521000e+04   0.0000000e+00
   6.7424360e-01   4.7809090e+00   2.8518000e+04   0.0000000e+00
   6.7913660e-01   4.8136371e+00   2.8518000e+04   0.0000000e+00
   6.8401880e-01   4.8463331e+00   2.8518000e+04   0.0000000e+00
   6.8898740e-01   4.8798389e+00   2.8521000e+04   0.0000000e+00
   6.9389130e-01   4.9131827e+00   2.8521000e+04   0.0000000e+00
   6.9879510e-01   4.9463863e+00   2.8521000e+04   0.0000000e+00
   7.0404450e-01   4.9810371e+00   2.8521000e+04   0.0000000e+00
   7.0892680e-01   5.0136140e+00   2.8521000e+04   0.0000000e+00
   7.1385220e-01   5.0469580e+00   2.8521000e+04   0.0000000e+00
   7.1882080e-01   5.0796970e+00   2.8524000e+04   0.0000000e+00
   7.2372460e-01   5.1125223e+00   2.8524000e+04   0.0000000e+00
   7.2867160e-01   5.1450562e+00   2.8524000e+04   0.0000000e+00
   7.3355390e-01   5.1781732e+00   2.8524000e+04   0.0000000e+00
   7.3846850e-01   5.2107826e+00   2.8524000e+04   0.0000000e+00
   7.4340470e-01   5.2435325e+00   2.8524000e+04   0.0000000e+00
   7.4833010e-01   5.2766387e+00   2.8524000e+04   0.0000000e+00
   7.5328800e-01   5.3094316e+00   2.8524000e+04   0.0000000e+00
   7.5822420e-01   5.3423002e+00   2.8524000e+04   0.0000000e+00
   7.6351690e-01   5.3776750e+00   2.8524000e+04   0.0000000e+00
   7.6846390e-01   5.4106731e+00   2.8524000e+04   0.0000000e+00
   7.7335690e-01   5.4439738e+00   2.8524000e+04   0.0000000e+00
   7.7830390e-01   5.4768103e+00   2.8524000e+04   0.0000000e+00
   7.8324010e-01   5.5096141e+00   2.8524000e+04   0.0000000e+00
   7.8820880e-01   5.5424934e+00   2.8521000e+04   0.0000000e+00
   7.9312340e-01   5.5756322e+00   2.8521000e+04   0.0000000e+00
   7.9808120e-01   5.6079823e+00   2.8521000e+04   0.0000000e+00
   8.0298500e-01   5.6399327e+00   2.8521000e+04   0.0000000e+00
   8.0792130e-01   5.6727260e+00   2.8521000e+04   0.0000000e+00
   8.1287910e-01   5.7059834e+00   2.8521000e+04   0.0000000e+00
   8.1773970e-01   5.7383335e+00   2.8521000e+04   0.0000000e+00
   8.2295680e-01   5.7720771e+00   2.8521000e+04   0.0000000e+00
   8.2793620e-01   5.8050105e+00   2.8518000e+04   0.0000000e+00
   8.3280760e-01   5.8373930e+00   2.8518000e+04   0.0000000e+00
   8.3776540e-01   5.8700779e+00   2.8518000e+04   0.0000000e+00
   8.4265870e-01   5.9027847e+00   2.8518000e+04   0.0000000e+00
   8.4762730e-01   5.9357720e+00   2.8515000e+04   0.0000000e+00
   8.5254190e-01   5.9682085e+00   2.8512100e+04   0.0000000e+00
   8.5743490e-01   6.0003213e+00   2.8512100e+04   0.0000000e+00
   8.6239280e-01   6.0325418e+00   2.8512100e+04   0.0000000e+00
   8.6729660e-01   6.0649783e+00   2.8512100e+04   0.0000000e+00
   8.7223280e-01   6.0975231e+00   2.8512100e+04   0.0000000e+00
   8.7755790e-01   6.1321847e+00   2.8512100e+04   0.0000000e+00
   8.8244010e-01   6.1642647e+00   2.8512100e+04   0.0000000e+00
   8.8739790e-01   6.1966472e+00   2.8512100e+04   0.0000000e+00
   8.9225850e-01   6.2290837e+00   2.8512100e+04   0.0000000e+00
   8.9720560e-01   6.2611854e+00   2.8512100e+04   0.0000000e+00
   9.0212020e-01   6.2932766e+00   2.8512100e+04   0.0000000e+00
   9.0708880e-01   6.3252594e+00   2.8509100e+04   0.0000000e+00
   9.1199260e-01   6.3576635e+00   2.8509100e+04   0.0000000e+00
   9.1696130e-01   6.3899164e+00   2.8509100e+04   0.0000000e+00
   9.2186510e-01   6.4219858e+00   2.8512100e+04   0.0000000e+00
   9.2684450e-01   6.4544007e+00   2.8512100e+04   0.0000000e+00
   9.3175910e-01   6.4864700e+00   2.8512100e+04   0.0000000e+00
   9.3701940e-01   6.5210671e+00   2.8512100e+04   0.0000000e+00
   9.4195560e-01   6.5532983e+00   2.8512100e+04   0.0000000e+00
   9.4687030e-01   6.5852812e+00   2.8512100e+04   0.0000000e+00
   9.5180660e-01   6.6172643e+00   2.8512100e+04   0.0000000e+00
   9.5672120e-01   6.6488799e+00   2.8512100e+04   0.0000000e+00
   9.6164660e-01   6.6809816e+00   2.8512100e+04   0.0000000e+00
   9.6656120e-01   6.7129539e+00   2.8512100e+04   0.0000000e+00
   9.7159470e-01   6.7449260e+00   2.8512100e+04   0.0000000e+00
   9.7642290e-01   6.7762715e+00   2.8512100e+04   0.0000000e+00
   9.8141310e-01   6.8092049e+00   2.8509100e+04   0.0000000e+00
   9.8631690e-01   6.8409936e+00   2.8509100e+04   0.0000000e+00
   9.9127480e-01   6.8725444e+00   2.8509100e+04   0.0000000e+00
