   4.0100000e+02   4.0000000e-03   1.0000000e-07
  -9.9165260e-01  -2.1620352e+00   2.3660200e+04   0.0000000e+00
  -9.8668400e-01  -2.1502833e+00   2.3663100e+04   0.0000000e+00
  -9.8183420e-01  -2.1385638e+00   2.3663100e+04   0.0000000e+00
  -9.7682230e-01  -2.1263907e+00   2.3666100e+04   0.0000000e+00
  -9.7187530e-01  -2.1145308e+00   2.3672100e+04   0.0000000e+00
  -9.6693910e-01  -2.1023037e+00   2.3675100e+04   0.0000000e+00
  -9.6201370e-01  -2.0904439e+00   2.3678000e+04   0.0000000e+00
  -9.5707740e-01  -2.0782923e+00   2.3681000e+04   0.0000000e+00
  -9.5215200e-01  -2.0662596e+00   2.3684000e+04   0.0000000e+00
  -9.4722660e-01  -2.0540001e+00   2.3687000e+04   0.0000000e+00
  -9.4230120e-01  -2.0419025e+00   2.3690000e+04   0.0000000e+00
  -9.3736490e-01  -2.0300858e+00   2.3692900e+04   0.0000000e+00
  -9.3212640e-01  -2.0172430e+00   2.3692900e+04   0.0000000e+00
  -9.2716860e-01  -2.0051455e+00   2.3695900e+04   0.0000000e+00
  -9.2227550e-01  -1.9934692e+00   2.3695900e+04   0.0000000e+00
  -9.1735010e-01  -1.9812094e+00   2.3698900e+04   0.0000000e+00
  -9.1238150e-01  -1.9692307e+00   2.3701900e+04   0.0000000e+00
  -9.0744530e-01  -1.9571332e+00   2.3701900e+04   0.0000000e+00
  -9.0253060e-01  -1.9450681e+00   2.3704900e+04   0.0000000e+00
  -8.9759440e-01  -1.9333702e+00   2.3707800e+04   0.0000000e+00
  -8.9267980e-01  -1.9212943e+00   2.3707800e+04   0.0000000e+00
  -8.8776520e-01  -1.9095208e+00   2.3710800e+04   0.0000000e+00
  -8.8282890e-01  -1.8975745e+00   2.3713800e+04   0.0000000e+00
  -8.7788190e-01  -1.8856066e+00   2.3716800e+04   0.0000000e+00
  -8.7258920e-01  -1.8725262e+00   2.3716800e+04   0.0000000e+00
  -8.6771780e-01  -1.8606339e+00   2.3719800e+04   0.0000000e+00
  -8.6279240e-01  -1.8488712e+00   2.3719800e+04   0.0000000e+00
  -8.5786700e-01  -1.8368277e+00   2.3719800e+04   0.0000000e+00
  -8.5290920e-01  -1.8247842e+00   2.3722700e+04   0.0000000e+00
  -8.4799450e-01  -1.8129999e+00   2.3722700e+04   0.0000000e+00
  -8.4305830e-01  -1.8010212e+00   2.3725700e+04   0.0000000e+00
  -8.3815450e-01  -1.7892693e+00   2.3725700e+04   0.0000000e+00
  -8.3316430e-01  -1.7772582e+00   2.3728700e+04   0.0000000e+00
  -8.2823860e-01  -1.7653765e+00   2.3731700e+04   0.0000000e+00
  -8.2330240e-01  -1.7534625e+00   2.3731700e+04   0.0000000e+00
  -8.1806380e-01  -1.7409546e+00   2.3734700e+04   0.0000000e+00
  -8.1311670e-01  -1.7292675e+00   2.3734700e+04   0.0000000e+00
  -8.0822370e-01  -1.7173644e+00   2.3737600e+04   0.0000000e+00
  -8.0327670e-01  -1.7053749e+00   2.3740600e+04   0.0000000e+00
  -7.9834050e-01  -1.6935798e+00   2.3743600e+04   0.0000000e+00
  -7.9343660e-01  -1.6817955e+00   2.3746600e+04   0.0000000e+00
  -7.8851120e-01  -1.6697953e+00   2.3746600e+04   0.0000000e+00
  -7.8354260e-01  -1.6581406e+00   2.3746600e+04   0.0000000e+00
  -7.7863880e-01  -1.6464535e+00   2.3749600e+04   0.0000000e+00
  -7.7370250e-01  -1.6347448e+00   2.3752500e+04   0.0000000e+00
  -7.6878790e-01  -1.6228093e+00   2.3752500e+04   0.0000000e+00
  -7.6386250e-01  -1.6109062e+00   2.3758500e+04   0.0000000e+00
  -7.5850500e-01  -1.5983982e+00   2.3758500e+04   0.0000000e+00
  -7.5360120e-01  -1.5867436e+00   2.3761500e+04   0.0000000e+00
  -7.4877300e-01  -1.5751753e+00   2.3764500e+04   0.0000000e+00
  -7.4382600e-01  -1.5634233e+00   2.3767400e+04   0.0000000e+00
  -7.3888970e-01  -1.5518226e+00   2.3767400e+04   0.0000000e+00
  -7.3397510e-01  -1.5396927e+00   2.3770400e+04   0.0000000e+00
  -7.2906050e-01  -1.5280812e+00   2.3773400e+04   0.0000000e+00
  -7.2410270e-01  -1.5161673e+00   2.3773400e+04   0.0000000e+00
  -7.1915560e-01  -1.5044695e+00   2.3773400e+04   0.0000000e+00
  -7.1429500e-01  -1.4924367e+00   2.3776400e+04   0.0000000e+00
  -7.0926160e-01  -1.4803176e+00   2.3776400e+04   0.0000000e+00
  -7.0433620e-01  -1.4684253e+00   2.3779400e+04   0.0000000e+00
  -6.9910830e-01  -1.4559605e+00   2.3782300e+04   0.0000000e+00
  -6.9419370e-01  -1.4443923e+00   2.3782300e+04   0.0000000e+00
  -6.8918190e-01  -1.4325540e+00   2.3785300e+04   0.0000000e+00
  -6.8425640e-01  -1.4206725e+00   2.3788300e+04   0.0000000e+00
  -6.7933100e-01  -1.4088018e+00   2.3788300e+04   0.0000000e+00
  -6.7439480e-01  -1.3970067e+00   2.3791300e+04   0.0000000e+00
  -6.6945860e-01  -1.3849631e+00   2.3791300e+04   0.0000000e+00
  -6.6453310e-01  -1.3732761e+00   2.3794300e+04   0.0000000e+00
  -6.5956450e-01  -1.3614270e+00   2.3794300e+04   0.0000000e+00
  -6.5466070e-01  -1.3497290e+00   2.3797200e+04   0.0000000e+00
  -6.4974610e-01  -1.3378043e+00   2.3800200e+04   0.0000000e+00
  -6.4482060e-01  -1.3261064e+00   2.3800200e+04   0.0000000e+00
  -6.3957120e-01  -1.3137064e+00   2.3803200e+04   0.0000000e+00
  -6.3461340e-01  -1.3015873e+00   2.3803200e+04   0.0000000e+00
  -6.2964470e-01  -1.2896626e+00   2.3803200e+04   0.0000000e+00
  -6.2482730e-01  -1.2780619e+00   2.3806200e+04   0.0000000e+00
  -6.1992330e-01  -1.2659752e+00   2.3806200e+04   0.0000000e+00
  -6.1499790e-01  -1.2543637e+00   2.3806200e+04   0.0000000e+00
  -6.1004000e-01  -1.2424496e+00   2.3809200e+04   0.0000000e+00
  -6.0513620e-01  -1.2309138e+00   2.3809200e+04   0.0000000e+00
  -6.0017840e-01  -1.2189999e+00   2.3815100e+04   0.0000000e+00
  -5.9529620e-01  -1.2072696e+00   2.3815100e+04   0.0000000e+00
  -5.9006830e-01  -1.1945132e+00   2.3818100e+04   0.0000000e+00
  -5.8505650e-01  -1.1825236e+00   2.3818100e+04   0.0000000e+00
  -5.8006630e-01  -1.1702857e+00   2.3821100e+04   0.0000000e+00
  -5.7510840e-01  -1.1583178e+00   2.3824100e+04   0.0000000e+00
  -5.7013980e-01  -1.1463932e+00   2.3824100e+04   0.0000000e+00
  -5.6517120e-01  -1.1341228e+00   2.3830000e+04   0.0000000e+00
  -5.6022410e-01  -1.1224249e+00   2.3830000e+04   0.0000000e+00
  -5.5525550e-01  -1.1105866e+00   2.3833000e+04   0.0000000e+00
  -5.5029770e-01  -1.0984567e+00   2.3833000e+04   0.0000000e+00
  -5.4535070e-01  -1.0865428e+00   2.3833000e+04   0.0000000e+00
  -5.4038200e-01  -1.0743913e+00   2.3836000e+04   0.0000000e+00
  -5.3543500e-01  -1.0623369e+00   2.3836000e+04   0.0000000e+00
  -5.3047720e-01  -1.0501746e+00   2.3836000e+04   0.0000000e+00
  -5.2551940e-01  -1.0380121e+00   2.3836000e+04   0.0000000e+00
  -5.2056150e-01  -1.0257525e+00   2.3839000e+04   0.0000000e+00
  -5.1562540e-01  -1.0134282e+00   2.3839000e+04   0.0000000e+00
  -5.1064600e-01  -1.0012982e+00   2.3839000e+04   0.0000000e+00
  -5.0569900e-01  -9.8931950e-01   2.3842000e+04   0.0000000e+00
  -5.0073030e-01  -9.7751360e-01   2.3844900e+04   0.0000000e+00
  -4.9578330e-01  -9.6517850e-01   2.3847900e+04   0.0000000e+00
  -4.9083630e-01  -9.5282170e-01   2.3847900e+04   0.0000000e+00
  -4.8586760e-01  -9.4063780e-01   2.3850900e+04   0.0000000e+00
  -4.8093140e-01  -9.2858350e-01   2.3850900e+04   0.0000000e+00
  -4.7595200e-01  -9.1657240e-01   2.3853900e+04   0.0000000e+00
  -4.7100500e-01  -9.0414000e-01   2.3856900e+04   0.0000000e+00
  -4.6606870e-01  -8.9243140e-01   2.3856900e+04   0.0000000e+00
  -4.6108930e-01  -8.8024740e-01   2.3859800e+04   0.0000000e+00
  -4.5613150e-01  -8.6791230e-01   2.3859800e+04   0.0000000e+00
  -4.5117370e-01  -8.5579310e-01   2.3859800e+04   0.0000000e+00
  -4.4622660e-01  -8.4344720e-01   2.3862800e+04   0.0000000e+00
  -4.4124720e-01  -8.3107940e-01   2.3862800e+04   0.0000000e+00
  -4.3631100e-01  -8.1875500e-01   2.3865800e+04   0.0000000e+00
  -4.3135310e-01  -8.0671150e-01   2.3865800e+04   0.0000000e+00
  -4.2637370e-01  -7.9453840e-01   2.3868800e+04   0.0000000e+00
  -4.2143750e-01  -7.8254890e-01   2.3868800e+04   0.0000000e+00
  -4.1646890e-01  -7.7010570e-01   2.3871800e+04   0.0000000e+00
  -4.1154320e-01  -7.5761930e-01   2.3871800e+04   0.0000000e+00
  -4.0656380e-01  -7.4503570e-01   2.3874700e+04   0.0000000e+00
  -4.0161680e-01  -7.3254930e-01   2.3874700e+04   0.0000000e+00
  -3.9666980e-01  -7.2024660e-01   2.3877700e+04   0.0000000e+00
  -3.9169030e-01  -7.0815990e-01   2.3877700e+04   0.0000000e+00
  -3.8674330e-01  -6.9531700e-01   2.3877700e+04   0.0000000e+00
  -3.8178550e-01  -6.8291710e-01   2.3880700e+04   0.0000000e+00
  -3.7681690e-01  -6.7030110e-01   2.3880700e+04   0.0000000e+00
  -3.7186980e-01  -6.5770670e-01   2.3883700e+04   0.0000000e+00
  -3.6691200e-01  -6.4522030e-01   2.3886700e+04   0.0000000e+00
  -3.6194340e-01  -6.3245310e-01   2.3886700e+04   0.0000000e+00
  -3.5701790e-01  -6.1990170e-01   2.3889600e+04   0.0000000e+00
  -3.5204930e-01  -6.0725330e-01   2.3889600e+04   0.0000000e+00
  -3.4706990e-01  -5.9438890e-01   2.3892600e+04   0.0000000e+00
  -3.4213370e-01  -5.8203210e-01   2.3895600e+04   0.0000000e+00
  -3.3717580e-01  -5.6921090e-01   2.3895600e+04   0.0000000e+00
  -3.3221800e-01  -5.5661650e-01   2.3898600e+04   0.0000000e+00
  -3.2726020e-01  -5.4371970e-01   2.3901600e+04   0.0000000e+00
  -3.2230240e-01  -5.3070400e-01   2.3901600e+04   0.0000000e+00
  -3.1733370e-01  -5.1773170e-01   2.3901600e+04   0.0000000e+00
  -3.1238670e-01  -5.0418680e-01   2.3901600e+04   0.0000000e+00
  -3.0741810e-01  -4.9074990e-01   2.3904500e+04   0.0000000e+00
  -3.0248190e-01  -4.7766940e-01   2.3907500e+04   0.0000000e+00
  -2.9751320e-01  -4.6456730e-01   2.3907500e+04   0.0000000e+00
  -2.9254460e-01  -4.5146530e-01   2.3907500e+04   0.0000000e+00
  -2.8760840e-01  -4.3863330e-01   2.3910500e+04   0.0000000e+00
  -2.8263970e-01  -4.2515320e-01   2.3913500e+04   0.0000000e+00
  -2.7767110e-01  -4.1152160e-01   2.3913500e+04   0.0000000e+00
  -2.7272410e-01  -3.9783630e-01   2.3916500e+04   0.0000000e+00
  -2.6777710e-01  -3.8425900e-01   2.3916500e+04   0.0000000e+00
  -2.6280840e-01  -3.7035760e-01   2.3919400e+04   0.0000000e+00
  -2.5783980e-01  -3.5639150e-01   2.3919400e+04   0.0000000e+00
  -2.5288200e-01  -3.4226330e-01   2.3922400e+04   0.0000000e+00
  -2.4791340e-01  -3.2817830e-01   2.3922400e+04   0.0000000e+00
  -2.4297710e-01  -3.1327240e-01   2.3922400e+04   0.0000000e+00
  -2.3800850e-01  -2.9852860e-01   2.3922400e+04   0.0000000e+00
  -2.3308310e-01  -2.8378470e-01   2.3922400e+04   0.0000000e+00
  -2.2810360e-01  -2.6878160e-01   2.3925400e+04   0.0000000e+00
  -2.2313500e-01  -2.5343280e-01   2.3928400e+04   0.0000000e+00
  -2.1819880e-01  -2.3792210e-01   2.3928400e+04   0.0000000e+00
  -2.1323020e-01  -2.2177400e-01   2.3928400e+04   0.0000000e+00
  -2.0826150e-01  -2.0535600e-01   2.3931400e+04   0.0000000e+00
  -2.0331450e-01  -1.8873250e-01   2.3931400e+04   0.0000000e+00
  -1.9834570e-01  -1.7119100e-01   2.3934300e+04   0.0000000e+00
  -1.9337710e-01  -1.5358480e-01   2.3934300e+04   0.0000000e+00
  -1.8844080e-01  -1.3520090e-01   2.3937300e+04   0.0000000e+00
  -1.8347220e-01  -1.1609330e-01   2.3940300e+04   0.0000000e+00
  -1.7850360e-01  -9.6067300e-02   2.3943300e+04   0.0000000e+00
  -1.7356730e-01  -7.5922800e-02   2.3943300e+04   0.0000000e+00
  -1.6859870e-01  -5.5735000e-02   2.3943300e+04   0.0000000e+00
  -1.6364090e-01  -3.8161200e-02   2.3946300e+04   0.0000000e+00
  -1.5868310e-01  -2.4681100e-02   2.3946300e+04   0.0000000e+00
  -1.5372520e-01  -1.5932000e-02   2.3946300e+04   0.0000000e+00
  -1.4876740e-01  -1.0671700e-02   2.3949200e+04   0.0000000e+00
  -1.4382040e-01  -7.3989000e-03   2.3949200e+04   0.0000000e+00
  -1.3883020e-01  -5.1198000e-03   2.3949200e+04   0.0000000e+00
  -1.3389390e-01  -3.4564000e-03   2.3949200e+04   0.0000000e+00
  -1.2894690e-01  -2.2143000e-03   2.3952200e+04   0.0000000e+00
  -1.2395670e-01  -1.2422000e-03   2.3952200e+04   0.0000000e+00
  -1.1902050e-01  -6.3730000e-04   2.3955200e+04   0.0000000e+00
  -1.1406260e-01  -1.5120000e-04   2.3958200e+04   0.0000000e+00
  -1.0909400e-01   7.5600000e-05   2.3961200e+04   0.0000000e+00
  -1.0414700e-01   2.8080000e-04   2.3961200e+04   0.0000000e+00
  -9.9178300e-02   3.9970000e-04   2.3964100e+04   0.0000000e+00
  -9.4220300e-02   4.8610000e-04   2.3964100e+04   0.0000000e+00
  -8.9262500e-02   5.0770000e-04   2.3964100e+04   0.0000000e+00
  -8.4304700e-02   5.0770000e-04   2.3964100e+04   0.0000000e+00
  -7.9346800e-02   5.1850000e-04   2.3967100e+04   0.0000000e+00
  -7.4378200e-02   5.2930000e-04   2.3967100e+04   0.0000000e+00
  -6.9420400e-02   5.1850000e-04   2.3970100e+04   0.0000000e+00
  -6.4473400e-02   5.5090000e-04   2.3973100e+04   0.0000000e+00
  -5.9526300e-02   4.9690000e-04   2.3973100e+04   0.0000000e+00
  -5.4579300e-02   5.4010000e-04   2.3976100e+04   0.0000000e+00
  -4.9610700e-02   5.2930000e-04   2.3979000e+04   0.0000000e+00
  -4.4631200e-02   5.2930000e-04   2.3979000e+04   0.0000000e+00
  -3.9684200e-02   5.5090000e-04   2.3982000e+04   0.0000000e+00
  -3.4726400e-02   5.1850000e-04   2.3985000e+04   0.0000000e+00
  -2.9757800e-02   5.5090000e-04   2.3988000e+04   0.0000000e+00
  -2.4810700e-02   5.6170000e-04   2.3988000e+04   0.0000000e+00
  -1.9863700e-02   5.7250000e-04   2.3991000e+04   0.0000000e+00
  -1.4873500e-02   5.7250000e-04   2.3991000e+04   0.0000000e+00
  -9.9265000e-03   6.8050000e-04   2.3991000e+04   0.0000000e+00
  -4.9578000e-03   8.1010000e-04   2.3991000e+04   0.0000000e+00
  -1.0800000e-05   1.0153000e-03   2.3993900e+04   0.0000000e+00
   4.9362000e-03   1.3610000e-03   2.3993900e+04   0.0000000e+00
   9.8941000e-03   1.7498000e-03   2.3993900e+04   0.0000000e+00
   1.4862700e-02   2.0307000e-03   2.3996900e+04   0.0000000e+00
   1.9809700e-02   2.6787000e-03   2.3999900e+04   0.0000000e+00
   2.4799900e-02   3.4564000e-03   2.3999900e+04   0.0000000e+00
   2.9725400e-02   4.5474000e-03   2.3999900e+04   0.0000000e+00
   3.4694000e-02   6.0380000e-03   2.4002900e+04   0.0000000e+00
   3.9673400e-02   8.2090000e-03   2.4002900e+04   0.0000000e+00
   4.4588000e-02   1.1579100e-02   2.4005900e+04   0.0000000e+00
   4.9578300e-02   1.6925700e-02   2.4008800e+04   0.0000000e+00
   5.4514500e-02   2.5880100e-02   2.4008800e+04   0.0000000e+00
   5.9483100e-02   3.9176600e-02   2.4011800e+04   0.0000000e+00
   6.4451800e-02   5.6642400e-02   2.4011800e+04   0.0000000e+00
   6.9409600e-02   7.6462900e-02   2.4011800e+04   0.0000000e+00
   7.4356600e-02   9.6791000e-02   2.4011800e+04   0.0000000e+00
   7.9336000e-02   1.1665480e-01   2.4011800e+04   0.0000000e+00
   8.4283100e-02   1.3564360e-01   2.4014800e+04   0.0000000e+00
   8.9240900e-02   1.5398430e-01   2.4014800e+04   0.0000000e+00
   9.4209500e-02   1.7207660e-01   2.4017800e+04   0.0000000e+00
   9.9145700e-02   1.8913190e-01   2.4020800e+04   0.0000000e+00
   1.0412520e-01   2.0615490e-01   2.4020800e+04   0.0000000e+00
   1.0908300e-01   2.2295120e-01   2.4020800e+04   0.0000000e+00
   1.1404080e-01   2.3931530e-01   2.4023700e+04   0.0000000e+00
   1.1898780e-01   2.5490160e-01   2.4026700e+04   0.0000000e+00
   1.2393490e-01   2.7019640e-01   2.4026700e+04   0.0000000e+00
   1.2889270e-01   2.8553430e-01   2.4029700e+04   0.0000000e+00
   1.3388290e-01   3.0060220e-01   2.4029700e+04   0.0000000e+00
   1.3880840e-01   3.1525970e-01   2.4032700e+04   0.0000000e+00
   1.4379860e-01   3.2973350e-01   2.4032700e+04   0.0000000e+00
   1.4875640e-01   3.4439100e-01   2.4032700e+04   0.0000000e+00
   1.5370340e-01   3.5878920e-01   2.4032700e+04   0.0000000e+00
   1.5867210e-01   3.7294980e-01   2.4032700e+04   0.0000000e+00
   1.6361910e-01   3.8707800e-01   2.4035700e+04   0.0000000e+00
   1.6858770e-01   4.0081730e-01   2.4035700e+04   0.0000000e+00
   1.7353470e-01   4.1434060e-01   2.4038600e+04   0.0000000e+00
   1.7851420e-01   4.2782090e-01   2.4038600e+04   0.0000000e+00
   1.8345040e-01   4.4133340e-01   2.4041600e+04   0.0000000e+00
   1.8842980e-01   4.5496470e-01   2.4041600e+04   0.0000000e+00
   1.9338770e-01   4.6839080e-01   2.4041600e+04   0.0000000e+00
   1.9833470e-01   4.8175210e-01   2.4041600e+04   0.0000000e+00
   2.0330330e-01   4.9512420e-01   2.4041600e+04   0.0000000e+00
   2.0823950e-01   5.0860430e-01   2.4044600e+04   0.0000000e+00
   2.1319760e-01   5.2177120e-01   2.4044600e+04   0.0000000e+00
   2.1817700e-01   5.3443050e-01   2.4044600e+04   0.0000000e+00
   2.2313480e-01   5.4725170e-01   2.4047600e+04   0.0000000e+00
   2.2809260e-01   5.5999730e-01   2.4047600e+04   0.0000000e+00
   2.3305050e-01   5.7284010e-01   2.4047600e+04   0.0000000e+00
   2.3799750e-01   5.8565060e-01   2.4047600e+04   0.0000000e+00
   2.4296610e-01   5.9859060e-01   2.4050600e+04   0.0000000e+00
   2.4790240e-01   6.1132540e-01   2.4050600e+04   0.0000000e+00
   2.5287100e-01   6.2411420e-01   2.4053500e+04   0.0000000e+00
   2.5782880e-01   6.3659000e-01   2.4053500e+04   0.0000000e+00
   2.6277580e-01   6.4962730e-01   2.4056500e+04   0.0000000e+00
   2.6774450e-01   6.6238370e-01   2.4056500e+04   0.0000000e+00
   2.7271310e-01   6.7532370e-01   2.4059500e+04   0.0000000e+00
   2.7766010e-01   6.8784250e-01   2.4062500e+04   0.0000000e+00
   2.8261790e-01   7.0049090e-01   2.4062500e+04   0.0000000e+00
   2.8760820e-01   7.1302050e-01   2.4062500e+04   0.0000000e+00
   2.9253360e-01   7.2555010e-01   2.4062500e+04   0.0000000e+00
   2.9750220e-01   7.3815520e-01   2.4065500e+04   0.0000000e+00
   3.0246000e-01   7.5065240e-01   2.4065500e+04   0.0000000e+00
   3.0739630e-01   7.6313880e-01   2.4068400e+04   0.0000000e+00
   3.1238650e-01   7.7549560e-01   2.4071400e+04   0.0000000e+00
   3.1732270e-01   7.8761470e-01   2.4071400e+04   0.0000000e+00
   3.2228060e-01   8.0007950e-01   2.4074400e+04   0.0000000e+00
   3.2724920e-01   8.1242540e-01   2.4074400e+04   0.0000000e+00
   3.3219620e-01   8.2489020e-01   2.4077400e+04   0.0000000e+00
   3.3715400e-01   8.3735500e-01   2.4077400e+04   0.0000000e+00
   3.4210110e-01   8.4961470e-01   2.4080400e+04   0.0000000e+00
   3.4705890e-01   8.6190670e-01   2.4083300e+04   0.0000000e+00
   3.5202750e-01   8.7432830e-01   2.4083300e+04   0.0000000e+00
   3.5698530e-01   8.8642580e-01   2.4083300e+04   0.0000000e+00
   3.6191080e-01   8.9867450e-01   2.4086300e+04   0.0000000e+00
   3.6690100e-01   9.1107450e-01   2.4086300e+04   0.0000000e+00
   3.7185880e-01   9.2317200e-01   2.4086300e+04   0.0000000e+00
   3.7679500e-01   9.3566920e-01   2.4086300e+04   0.0000000e+00
   3.8177450e-01   9.4778850e-01   2.4089300e+04   0.0000000e+00
   3.8671070e-01   9.6011280e-01   2.4089300e+04   0.0000000e+00
   3.9166850e-01   9.7237240e-01   2.4092300e+04   0.0000000e+00
   3.9663720e-01   9.8446990e-01   2.4092300e+04   0.0000000e+00
   4.0157340e-01   9.9666460e-01   2.4092300e+04   0.0000000e+00
   4.0655280e-01   1.0090430e+00   2.4092300e+04   0.0000000e+00
   4.1149980e-01   1.0212053e+00   2.4095300e+04   0.0000000e+00
   4.1644690e-01   1.0332813e+00   2.4098300e+04   0.0000000e+00
   4.2141570e-01   1.0456164e+00   2.4098300e+04   0.0000000e+00
   4.2634110e-01   1.0577574e+00   2.4098300e+04   0.0000000e+00
   4.3132050e-01   1.0699413e+00   2.4098300e+04   0.0000000e+00
   4.3627840e-01   1.0822117e+00   2.4101200e+04   0.0000000e+00
   4.4120380e-01   1.0942228e+00   2.4101200e+04   0.0000000e+00
   4.4618320e-01   1.1063635e+00   2.4104200e+04   0.0000000e+00
   4.5114110e-01   1.1183098e+00   2.4104200e+04   0.0000000e+00
   4.5609890e-01   1.1303641e+00   2.4110200e+04   0.0000000e+00
   4.6105670e-01   1.1424293e+00   2.4110200e+04   0.0000000e+00
   4.6601450e-01   1.1545593e+00   2.4110200e+04   0.0000000e+00
   4.7095080e-01   1.1665812e+00   2.4110200e+04   0.0000000e+00
   4.7593020e-01   1.1786464e+00   2.4110200e+04   0.0000000e+00
   4.8086640e-01   1.1907115e+00   2.4110200e+04   0.0000000e+00
   4.8580260e-01   1.2026578e+00   2.4113200e+04   0.0000000e+00
   4.9076050e-01   1.2147877e+00   2.4113200e+04   0.0000000e+00
   4.9571830e-01   1.2269069e+00   2.4113200e+04   0.0000000e+00
   5.0067610e-01   1.2392096e+00   2.4116100e+04   0.0000000e+00
   5.0562310e-01   1.2511019e+00   2.4116100e+04   0.0000000e+00
   5.1058100e-01   1.2632537e+00   2.4116100e+04   0.0000000e+00
   5.1552800e-01   1.2750811e+00   2.4119100e+04   0.0000000e+00
   5.2049660e-01   1.2871031e+00   2.4119100e+04   0.0000000e+00
   5.2542210e-01   1.2992654e+00   2.4122100e+04   0.0000000e+00
   5.3040160e-01   1.3112873e+00   2.4125100e+04   0.0000000e+00
   5.3534860e-01   1.3236225e+00   2.4125100e+04   0.0000000e+00
   5.4029560e-01   1.3355148e+00   2.4128100e+04   0.0000000e+00
   5.4525350e-01   1.3472343e+00   2.4128100e+04   0.0000000e+00
   5.5018970e-01   1.3593318e+00   2.4128100e+04   0.0000000e+00
   5.5515830e-01   1.3712460e+00   2.4131000e+04   0.0000000e+00
   5.6009450e-01   1.3832247e+00   2.4131000e+04   0.0000000e+00
   5.6504160e-01   1.3953547e+00   2.4131000e+04   0.0000000e+00
   5.7001020e-01   1.4071065e+00   2.4131000e+04   0.0000000e+00
   5.7497880e-01   1.4187936e+00   2.4134000e+04   0.0000000e+00
   5.7991500e-01   1.4307291e+00   2.4134000e+04   0.0000000e+00
   5.8487290e-01   1.4428915e+00   2.4137000e+04   0.0000000e+00
   5.8981990e-01   1.4547406e+00   2.4140000e+04   0.0000000e+00
   5.9476690e-01   1.4666005e+00   2.4140000e+04   0.0000000e+00
   5.9971390e-01   1.4786224e+00   2.4140000e+04   0.0000000e+00
   6.0468260e-01   1.4910008e+00   2.4143000e+04   0.0000000e+00
   6.0960800e-01   1.5030011e+00   2.4143000e+04   0.0000000e+00
   6.1458740e-01   1.5150122e+00   2.4145900e+04   0.0000000e+00
   6.1952360e-01   1.5265913e+00   2.4145900e+04   0.0000000e+00
   6.2445990e-01   1.5386348e+00   2.4145900e+04   0.0000000e+00
   6.2942870e-01   1.5503867e+00   2.4145900e+04   0.0000000e+00
   6.3435410e-01   1.5623222e+00   2.4148900e+04   0.0000000e+00
   6.3960360e-01   1.5750249e+00   2.4148900e+04   0.0000000e+00
   6.4479900e-01   1.5874573e+00   2.4148900e+04   0.0000000e+00
   6.4969210e-01   1.5990579e+00   2.4151900e+04   0.0000000e+00
   6.5463910e-01   1.6108854e+00   2.4151900e+04   0.0000000e+00
   6.5953210e-01   1.6230802e+00   2.4151900e+04   0.0000000e+00
   6.6444670e-01   1.6347780e+00   2.4154900e+04   0.0000000e+00
   6.6940460e-01   1.6464111e+00   2.4154900e+04   0.0000000e+00
   6.7429760e-01   1.6582926e+00   2.4157900e+04   0.0000000e+00
   6.7916900e-01   1.6700877e+00   2.4157900e+04   0.0000000e+00
   6.8407280e-01   1.6818613e+00   2.4160800e+04   0.0000000e+00
   6.8904140e-01   1.6938508e+00   2.4160800e+04   0.0000000e+00
   6.9393450e-01   1.7054623e+00   2.4160800e+04   0.0000000e+00
   6.9884910e-01   1.7178190e+00   2.4160800e+04   0.0000000e+00
   7.0413090e-01   1.7304458e+00   2.4160800e+04   0.0000000e+00
   7.0900240e-01   1.7423165e+00   2.4163800e+04   0.0000000e+00
   7.1394940e-01   1.7541764e+00   2.4166800e+04   0.0000000e+00
   7.1888560e-01   1.7659931e+00   2.4166800e+04   0.0000000e+00
   7.2380020e-01   1.7777342e+00   2.4166800e+04   0.0000000e+00
   7.2873650e-01   1.7897023e+00   2.4169800e+04   0.0000000e+00
   7.3365110e-01   1.8015082e+00   2.4169800e+04   0.0000000e+00
   7.3855490e-01   1.8132709e+00   2.4169800e+04   0.0000000e+00
   7.4349110e-01   1.8251092e+00   2.4172800e+04   0.0000000e+00
   7.4842730e-01   1.8368395e+00   2.4172800e+04   0.0000000e+00
   7.5337440e-01   1.8485050e+00   2.4172800e+04   0.0000000e+00
   7.5833220e-01   1.8602352e+00   2.4172800e+04   0.0000000e+00
   7.6361410e-01   1.8731213e+00   2.4172800e+04   0.0000000e+00
   7.6853950e-01   1.8848840e+00   2.4175700e+04   0.0000000e+00
   7.7348650e-01   1.8967980e+00   2.4175700e+04   0.0000000e+00
   7.7839030e-01   1.9087335e+00   2.4175700e+04   0.0000000e+00
   7.8332660e-01   1.9206474e+00   2.4178700e+04   0.0000000e+00
   7.8829520e-01   1.9326153e+00   2.4181700e+04   0.0000000e+00
   7.9325300e-01   1.9443672e+00   2.4181700e+04   0.0000000e+00
   7.9817840e-01   1.9561083e+00   2.4181700e+04   0.0000000e+00
   8.0308230e-01   1.9678494e+00   2.4184700e+04   0.0000000e+00
   8.0801850e-01   1.9801089e+00   2.4184700e+04   0.0000000e+00
   8.1299790e-01   1.9920660e+00   2.4187700e+04   0.0000000e+00
   8.1786930e-01   2.0036886e+00   2.4187700e+04   0.0000000e+00
   8.2307560e-01   2.0164234e+00   2.4187700e+04   0.0000000e+00
   8.2804420e-01   2.0281429e+00   2.4187700e+04   0.0000000e+00
   8.3291560e-01   2.0397327e+00   2.4190600e+04   0.0000000e+00
   8.3785190e-01   2.0515278e+00   2.4190600e+04   0.0000000e+00
   8.4277750e-01   2.0632581e+00   2.4190600e+04   0.0000000e+00
   8.4773530e-01   2.0752368e+00   2.4193600e+04   0.0000000e+00
   8.5264990e-01   2.0869023e+00   2.4193600e+04   0.0000000e+00
   8.5754290e-01   2.0987299e+00   2.4196600e+04   0.0000000e+00
   8.6251160e-01   2.1106114e+00   2.4199600e+04   0.0000000e+00
   8.6740460e-01   2.1222013e+00   2.4202600e+04   0.0000000e+00
   8.7234080e-01   2.1341368e+00   2.4202600e+04   0.0000000e+00
   8.7766590e-01   2.1470768e+00   2.4202600e+04   0.0000000e+00
   8.8253730e-01   2.1587207e+00   2.4205500e+04   0.0000000e+00
   8.8748430e-01   2.1705914e+00   2.4205500e+04   0.0000000e+00
   8.9237740e-01   2.1824189e+00   2.4205500e+04   0.0000000e+00
   8.9731360e-01   2.1941816e+00   2.4205500e+04   0.0000000e+00
   9.0223900e-01   2.2060743e+00   2.4208500e+04   0.0000000e+00
   9.0718600e-01   2.2181610e+00   2.4208500e+04   0.0000000e+00
   9.1211140e-01   2.2298697e+00   2.4208500e+04   0.0000000e+00
   9.1705850e-01   2.2418376e+00   2.4208500e+04   0.0000000e+00
   9.2198390e-01   2.2535355e+00   2.4208500e+04   0.0000000e+00
   9.2695250e-01   2.2653630e+00   2.4211500e+04   0.0000000e+00
   9.3186710e-01   2.2772229e+00   2.4211500e+04   0.0000000e+00
   9.3714900e-01   2.2898389e+00   2.4211500e+04   0.0000000e+00
   9.4207440e-01   2.3017636e+00   2.4214500e+04   0.0000000e+00
   9.4695680e-01   2.3136884e+00   2.4217500e+04   0.0000000e+00
   9.5191460e-01   2.3254835e+00   2.4217500e+04   0.0000000e+00
   9.5686160e-01   2.3374730e+00   2.4217500e+04   0.0000000e+00
   9.6177620e-01   2.3491709e+00   2.4220400e+04   0.0000000e+00
   9.6666920e-01   2.3607931e+00   2.4223400e+04   0.0000000e+00
   9.7168110e-01   2.3727719e+00   2.4226400e+04   0.0000000e+00
   9.7653090e-01   2.3844805e+00   2.4226400e+04   0.0000000e+00
   9.8154270e-01   2.3962000e+00   2.4226400e+04   0.0000000e+00
   9.8643570e-01   2.4081139e+00   2.4226400e+04   0.0000000e+00
   9.9139360e-01   2.4200279e+00   2.4226400e+04   0.0000000e+00
