   2.3100000e+02   2.0000000e-04   1.0000000e-10
  -1.9019490e+00  -8.5337360e-01   2.8395800e+04   0.0000000e+00
  -1.8921306e+00  -6.6077430e-01   2.8395800e+04   0.0000000e+00
  -1.8818909e+00  -6.4356770e-01   2.8395800e+04   0.0000000e+00
  -1.8719753e+00  -7.4561900e-01   2.8395800e+04   0.0000000e+00
  -1.8620273e+00  -7.0955320e-01   2.8392900e+04   0.0000000e+00
  -1.8522304e+00  -6.8299270e-01   2.8392900e+04   0.0000000e+00
  -1.8422608e+00  -5.0932820e-01   2.8389900e+04   0.0000000e+00
  -1.8323559e+00  -6.1651010e-01   2.8389900e+04   0.0000000e+00
  -1.8220514e+00  -5.6322690e-01   2.8386900e+04   0.0000000e+00
  -1.8120926e+00  -5.3175170e-01   2.8383900e+04   0.0000000e+00
  -1.8021769e+00  -4.3447470e-01   2.8380900e+04   0.0000000e+00
  -1.7921748e+00  -5.0262060e-01   2.8380900e+04   0.0000000e+00
  -1.7822592e+00  -4.6445930e-01   2.8380900e+04   0.0000000e+00
  -1.7723109e+00  -4.4759840e-01   2.8380900e+04   0.0000000e+00
  -1.7620496e+00  -3.4199320e-01   2.8378000e+04   0.0000000e+00
  -1.7520692e+00  -3.9728540e-01   2.8378000e+04   0.0000000e+00
  -1.7420671e+00  -3.7824260e-01   2.8378000e+04   0.0000000e+00
  -1.7321298e+00  -3.4638940e-01   2.8378000e+04   0.0000000e+00
  -1.7222142e+00  -3.3689500e-01   2.8378000e+04   0.0000000e+00
  -1.7118665e+00  -3.1692330e-01   2.8378000e+04   0.0000000e+00
  -1.7019292e+00  -2.7499240e-01   2.8378000e+04   0.0000000e+00
  -1.6919704e+00  -2.7366380e-01   2.8380900e+04   0.0000000e+00
  -1.6820115e+00  -2.7407430e-01   2.8380900e+04   0.0000000e+00
  -1.6721823e+00  -2.7179520e-01   2.8380900e+04   0.0000000e+00
  -1.6622235e+00  -2.5598200e-01   2.8380900e+04   0.0000000e+00
  -1.6518974e+00  -2.2541410e-01   2.8380900e+04   0.0000000e+00
  -1.6419169e+00  -2.2059670e-01   2.8380900e+04   0.0000000e+00
  -1.6320013e+00  -2.0516150e-01   2.8380900e+04   0.0000000e+00
  -1.6220424e+00  -1.9904780e-01   2.8378000e+04   0.0000000e+00
  -1.6120944e+00  -1.8160360e-01   2.8378000e+04   0.0000000e+00
  -1.6021031e+00  -1.8165760e-01   2.8378000e+04   0.0000000e+00
  -1.5918634e+00  -1.7015410e-01   2.8378000e+04   0.0000000e+00
  -1.5818613e+00  -1.7243320e-01   2.8380900e+04   0.0000000e+00
  -1.5719673e+00  -1.5000960e-01   2.8380900e+04   0.0000000e+00
  -1.5619435e+00  -1.3708030e-01   2.8380900e+04   0.0000000e+00
  -1.5520171e+00  -1.3174450e-01   2.8380900e+04   0.0000000e+00
  -1.5421122e+00  -1.3446640e-01   2.8380900e+04   0.0000000e+00
  -1.5317753e+00  -1.3058870e-01   2.8380900e+04   0.0000000e+00
  -1.5218165e+00  -1.3637820e-01   2.8380900e+04   0.0000000e+00
  -1.5118792e+00  -1.2452910e-01   2.8380900e+04   0.0000000e+00
  -1.5019311e+00  -1.2848240e-01   2.8378000e+04   0.0000000e+00
  -1.4919507e+00  -1.1368460e-01   2.8378000e+04   0.0000000e+00
  -1.4820134e+00  -1.0234310e-01   2.8378000e+04   0.0000000e+00
  -1.4716765e+00  -9.0677500e-02   2.8378000e+04   0.0000000e+00
  -1.4617393e+00  -1.0931000e-01   2.8378000e+04   0.0000000e+00
  -1.4517912e+00  -9.7104300e-02   2.8378000e+04   0.0000000e+00
  -1.4418647e+00  -8.5341600e-02   2.8378000e+04   0.0000000e+00
  -1.4318951e+00  -8.3105700e-02   2.8378000e+04   0.0000000e+00
  -1.4218930e+00  -6.9636400e-02   2.8378000e+04   0.0000000e+00
  -1.4116425e+00  -6.6871300e-02   2.8378000e+04   0.0000000e+00
  -1.4016945e+00  -7.5425900e-02   2.8378000e+04   0.0000000e+00
  -1.3916924e+00  -6.7335700e-02   2.8378000e+04   0.0000000e+00
  -1.3817227e+00  -6.6190800e-02   2.8380900e+04   0.0000000e+00
  -1.3717855e+00  -6.8437500e-02   2.8380900e+04   0.0000000e+00
  -1.3618698e+00  -7.7435000e-02   2.8380900e+04   0.0000000e+00
  -1.3515436e+00  -6.1891800e-02   2.8380900e+04   0.0000000e+00
  -1.3415848e+00  -6.8351000e-02   2.8380900e+04   0.0000000e+00
  -1.3316259e+00  -6.2701900e-02   2.8380900e+04   0.0000000e+00
  -1.3217102e+00  -6.1773000e-02   2.8380900e+04   0.0000000e+00
  -1.3117622e+00  -5.9872000e-02   2.8380900e+04   0.0000000e+00
  -1.3018249e+00  -5.3769200e-02   2.8380900e+04   0.0000000e+00
  -1.2915744e+00  -5.2170600e-02   2.8380900e+04   0.0000000e+00
  -1.2816264e+00  -6.0509300e-02   2.8380900e+04   0.0000000e+00
  -1.2716567e+00  -6.0174400e-02   2.8380900e+04   0.0000000e+00
  -1.2617303e+00  -6.5531900e-02   2.8380900e+04   0.0000000e+00
  -1.2517498e+00  -6.4386900e-02   2.8380900e+04   0.0000000e+00
  -1.2417475e+00  -5.6037500e-02   2.8380900e+04   0.0000000e+00
  -1.2314970e+00  -5.7528100e-02   2.8380900e+04   0.0000000e+00
  -1.2215058e+00  -5.4276900e-02   2.8380900e+04   0.0000000e+00
  -1.2115361e+00  -5.6858400e-02   2.8380900e+04   0.0000000e+00
  -1.2015557e+00  -6.2421100e-02   2.8380900e+04   0.0000000e+00
  -1.1915860e+00  -5.2462200e-02   2.8380900e+04   0.0000000e+00
  -1.1817459e+00  -5.4341700e-02   2.8380900e+04   0.0000000e+00
  -1.1714306e+00  -5.2926700e-02   2.8380900e+04   0.0000000e+00
  -1.1614610e+00  -5.3196700e-02   2.8380900e+04   0.0000000e+00
  -1.1515129e+00  -3.4564400e-02   2.8380900e+04   0.0000000e+00
  -1.1415542e+00  -3.5979300e-02   2.8380900e+04   0.0000000e+00
  -1.1316061e+00  -3.8820100e-02   2.8380900e+04   0.0000000e+00
  -1.1213340e+00  -3.9738200e-02   2.8380900e+04   0.0000000e+00
  -1.1113427e+00  -3.3711100e-02   2.8380900e+04   0.0000000e+00
  -1.1014487e+00  -4.2687000e-02   2.8380900e+04   0.0000000e+00
  -1.0914574e+00  -4.9977900e-02   2.8380900e+04   0.0000000e+00
  -1.0815418e+00  -5.5011400e-02   2.8380900e+04   0.0000000e+00
  -1.0714857e+00  -5.4428100e-02   2.8380900e+04   0.0000000e+00
  -1.0612460e+00  -4.6597100e-02   2.8380900e+04   0.0000000e+00
  -1.0512763e+00  -4.4706900e-02   2.8380900e+04   0.0000000e+00
  -1.0413065e+00  -4.1412400e-02   2.8380900e+04   0.0000000e+00
  -1.0313260e+00  -3.9662600e-02   2.8380900e+04   0.0000000e+00
  -1.0213996e+00  -3.6281800e-02   2.8380900e+04   0.0000000e+00
  -1.0114407e+00  -3.6562600e-02   2.8380900e+04   0.0000000e+00
  -1.0012118e+00  -4.4501600e-02   2.8380900e+04   0.0000000e+00
  -9.9127460e-01  -2.5350800e-02   2.8380900e+04   0.0000000e+00
  -9.8124010e-01  -3.6141400e-02   2.8380900e+04   0.0000000e+00
  -9.7128120e-01  -1.1373800e-02   2.8380900e+04   0.0000000e+00
  -9.6137640e-01  -1.5975200e-02   2.8380900e+04   0.0000000e+00
  -9.5139590e-01  -8.5547000e-03   2.8380900e+04   0.0000000e+00
  -9.4115620e-01  -2.0900600e-02   2.8380900e+04   0.0000000e+00
  -9.3118670e-01  -1.7368600e-02   2.8383900e+04   0.0000000e+00
  -9.2120620e-01  -1.9701700e-02   2.8383900e+04   0.0000000e+00
  -9.1123650e-01  -1.4841100e-02   2.8383900e+04   0.0000000e+00
  -9.0128850e-01  -1.8081500e-02   2.8383900e+04   0.0000000e+00
  -8.9136200e-01  -1.6353300e-02   2.8383900e+04   0.0000000e+00
  -8.8102510e-01  -1.5824000e-02   2.8383900e+04   0.0000000e+00
  -8.7115270e-01  -1.9010000e-03   2.8383900e+04   0.0000000e+00
  -8.6118300e-01  -6.5888000e-03   2.8383900e+04   0.0000000e+00
  -8.5124570e-01  -4.9254000e-03   2.8383900e+04   0.0000000e+00
  -8.4123290e-01  -7.0209000e-03   2.8383900e+04   0.0000000e+00
  -8.3129540e-01  -1.5813200e-02   2.8383900e+04   0.0000000e+00
  -8.2099090e-01  -2.0522600e-02   2.8383900e+04   0.0000000e+00
  -8.1105370e-01  -1.5208300e-02   2.8383900e+04   0.0000000e+00
  -8.0112720e-01  -7.3449000e-03   2.8383900e+04   0.0000000e+00
  -7.9112510e-01  -1.5370300e-02   2.8383900e+04   0.0000000e+00
  -7.8120950e-01  -2.1365100e-02   2.8383900e+04   0.0000000e+00
  -7.7125060e-01  -1.1406200e-02   2.8386900e+04   0.0000000e+00
  -7.6090290e-01  -1.6353300e-02   2.8386900e+04   0.0000000e+00
  -7.5104130e-01  -1.2886000e-02   2.8386900e+04   0.0000000e+00
  -7.4110400e-01  -2.1926800e-02   2.8389900e+04   0.0000000e+00
  -7.3112360e-01  -2.2402000e-02   2.8389900e+04   0.0000000e+00
  -7.2121870e-01  -8.5871000e-03   2.8389900e+04   0.0000000e+00
  -7.1118420e-01   2.7435000e-03   2.8389900e+04   0.0000000e+00
  -7.0092290e-01   3.7157000e-03   2.8389900e+04   0.0000000e+00
  -6.9087770e-01   2.1600000e-04   2.8389900e+04   0.0000000e+00
  -6.8092960e-01  -5.1198000e-03   2.8389900e+04   0.0000000e+00
  -6.7100320e-01  -9.8724000e-03   2.8389900e+04   0.0000000e+00
  -6.6101190e-01  -8.2306000e-03   2.8392900e+04   0.0000000e+00
  -6.5108540e-01  -2.5880100e-02   2.8392900e+04   0.0000000e+00
  -6.4078090e-01  -1.4484600e-02   2.8392900e+04   0.0000000e+00
  -6.3090850e-01  -1.3706900e-02   2.8392900e+04   0.0000000e+00
  -6.2096020e-01  -9.6672000e-03   2.8392900e+04   0.0000000e+00
  -6.1102300e-01  -2.2791000e-03   2.8392900e+04   0.0000000e+00
  -6.0106410e-01   2.4627000e-03   2.8392900e+04   0.0000000e+00
  -5.9074880e-01  -1.1222600e-02   2.8392900e+04   0.0000000e+00
  -5.8068190e-01   5.6170000e-04   2.8392900e+04   0.0000000e+00
  -5.7063670e-01   1.5759200e-02   2.8392900e+04   0.0000000e+00
  -5.6061300e-01  -1.0812200e-02   2.8392900e+04   0.0000000e+00
  -5.5061090e-01  -9.2460000e-03   2.8392900e+04   0.0000000e+00
  -5.4058730e-01  -4.8282000e-03   2.8392900e+04   0.0000000e+00
  -5.3057440e-01  -7.0749000e-03   2.8392900e+04   0.0000000e+00
  -5.2055070e-01   8.3063000e-03   2.8392900e+04   0.0000000e+00
  -5.1055960e-01   1.5316300e-02   2.8392900e+04   0.0000000e+00
  -5.0053590e-01   1.0650100e-02   2.8392900e+04   0.0000000e+00
  -4.9052300e-01   1.6050800e-02   2.8392900e+04   0.0000000e+00
  -4.8053180e-01   1.8448700e-02   2.8392900e+04   0.0000000e+00
  -4.7051890e-01   2.2013200e-02   2.8392900e+04   0.0000000e+00
  -4.6049520e-01   4.3421000e-03   2.8392900e+04   0.0000000e+00
  -4.5049320e-01   9.7860000e-03   2.8392900e+04   0.0000000e+00
  -4.4048030e-01   3.3484000e-03   2.8392900e+04   0.0000000e+00
  -4.3045660e-01  -8.8355000e-03   2.8392900e+04   0.0000000e+00
  -4.2045460e-01   2.0739000e-03   2.8395800e+04   0.0000000e+00
  -4.1045230e-01   1.1967900e-02   2.8395800e+04   0.0000000e+00
  -4.0046100e-01  -1.1773000e-03   2.8395800e+04   0.0000000e+00
  -3.9042660e-01   2.8580400e-02   2.8395800e+04   0.0000000e+00
  -3.8044610e-01   2.5977300e-02   2.8395800e+04   0.0000000e+00
  -3.7043320e-01   1.3231700e-02   2.8395800e+04   0.0000000e+00
  -3.6040960e-01   2.6647000e-02   2.8395800e+04   0.0000000e+00
  -3.5039670e-01   1.6310100e-02   2.8395800e+04   0.0000000e+00
  -3.4040540e-01   2.7543500e-02   2.8395800e+04   0.0000000e+00
  -3.3038180e-01   2.4886300e-02   2.8395800e+04   0.0000000e+00
  -3.2039050e-01   3.6152200e-02   2.8395800e+04   0.0000000e+00
  -3.1036680e-01   3.1388800e-02   2.8395800e+04   0.0000000e+00
  -3.0036480e-01   2.5858500e-02   2.8395800e+04   0.0000000e+00
  -2.9034110e-01   2.8645200e-02   2.8395800e+04   0.0000000e+00
  -2.8032830e-01   3.5061200e-02   2.8398800e+04   0.0000000e+00
  -2.7031540e-01   2.4778300e-02   2.8398800e+04   0.0000000e+00
  -2.6033490e-01   2.8818000e-02   2.8398800e+04   0.0000000e+00
  -2.5027890e-01   2.0933000e-02   2.8398800e+04   0.0000000e+00
  -2.4029840e-01   2.4022200e-02   2.8401800e+04   0.0000000e+00
  -2.3029630e-01   3.1561600e-02   2.8401800e+04   0.0000000e+00
  -2.2028350e-01   4.0440300e-02   2.8401800e+04   0.0000000e+00
  -2.1024900e-01   2.1754000e-02   2.8404800e+04   0.0000000e+00
  -2.0023590e-01   3.9641000e-03   2.8404800e+04   0.0000000e+00
  -1.9024470e-01   2.1440700e-02   2.8404800e+04   0.0000000e+00
  -1.8023180e-01   4.0267500e-02   2.8404800e+04   0.0000000e+00
  -1.7020810e-01   1.8945600e-02   2.8404800e+04   0.0000000e+00
  -1.6021690e-01   5.5897100e-02   2.8404800e+04   0.0000000e+00
  -1.5020400e-01   4.9286600e-02   2.8404800e+04   0.0000000e+00
  -1.4018030e-01   5.3056300e-02   2.8404800e+04   0.0000000e+00
  -1.3016750e-01   6.9949600e-02   2.8404800e+04   0.0000000e+00
  -1.2015460e-01   8.0102900e-02   2.8404800e+04   0.0000000e+00
  -1.1015250e-01   5.2235400e-02   2.8404800e+04   0.0000000e+00
  -1.0012890e-01   8.0329800e-02   2.8404800e+04   0.0000000e+00
  -9.0137400e-02   8.0308200e-02   2.8404800e+04   0.0000000e+00
  -8.0102900e-02   7.7445800e-02   2.8404800e+04   0.0000000e+00
  -7.0079300e-02   9.3982700e-02   2.8404800e+04   0.0000000e+00
  -6.0077200e-02   9.2805300e-02   2.8404800e+04   0.0000000e+00
  -5.0096700e-02   1.1519660e-01   2.8404800e+04   0.0000000e+00
  -4.0062300e-02   1.1923630e-01   2.8404800e+04   0.0000000e+00
  -3.0038600e-02   1.1633070e-01   2.8404800e+04   0.0000000e+00
  -2.0025700e-02   1.2260630e-01   2.8401800e+04   0.0000000e+00
  -1.0034500e-02   1.1986280e-01   2.8401800e+04   0.0000000e+00
  -4.3200000e-05   1.4754670e-01   2.8401800e+04   0.0000000e+00
   1.0002100e-02   1.5223450e-01   2.8401800e+04   0.0000000e+00
   1.9993300e-02   1.6886860e-01   2.8401800e+04   0.0000000e+00
   3.0017000e-02   1.6128600e-01   2.8398800e+04   0.0000000e+00
   4.0040700e-02   1.8710130e-01   2.8398800e+04   0.0000000e+00
   5.0053500e-02   1.8192740e-01   2.8398800e+04   0.0000000e+00
   6.0044800e-02   1.9779460e-01   2.8398800e+04   0.0000000e+00
   7.0036100e-02   2.1787460e-01   2.8398800e+04   0.0000000e+00
   8.0081300e-02   2.3426020e-01   2.8398800e+04   0.0000000e+00
   9.0083400e-02   2.2662370e-01   2.8395800e+04   0.0000000e+00
   1.0009630e-01   2.3948810e-01   2.8395800e+04   0.0000000e+00
   1.1010910e-01   2.7425770e-01   2.8395800e+04   0.0000000e+00
   1.2014360e-01   2.6724760e-01   2.8395800e+04   0.0000000e+00
   1.3012410e-01   2.8066290e-01   2.8395800e+04   0.0000000e+00
   1.4012610e-01   3.0227640e-01   2.8395800e+04   0.0000000e+00
   1.5017140e-01   3.3239060e-01   2.8395800e+04   0.0000000e+00
   1.6018430e-01   3.3802890e-01   2.8395800e+04   0.0000000e+00
   1.7018630e-01   3.4636760e-01   2.8395800e+04   0.0000000e+00
   1.8021000e-01   3.6916930e-01   2.8395800e+04   0.0000000e+00
   1.9021210e-01   3.7656820e-01   2.8398800e+04   0.0000000e+00
   2.0021410e-01   4.1032250e-01   2.8398800e+04   0.0000000e+00
   2.1022720e-01   4.1976310e-01   2.8398800e+04   0.0000000e+00
   2.2025090e-01   4.3408570e-01   2.8398800e+04   0.0000000e+00
   2.3025290e-01   4.5944730e-01   2.8398800e+04   0.0000000e+00
   2.4026580e-01   4.9798660e-01   2.8398800e+04   0.0000000e+00
   2.5025700e-01   5.1367020e-01   2.8398800e+04   0.0000000e+00
   2.6030230e-01   5.3665560e-01   2.8398800e+04   0.0000000e+00
   2.7030440e-01   5.6237360e-01   2.8398800e+04   0.0000000e+00
   2.8031720e-01   5.8163250e-01   2.8398800e+04   0.0000000e+00
   2.9031930e-01   5.9827740e-01   2.8398800e+04   0.0000000e+00
   3.0033220e-01   6.2879120e-01   2.8398800e+04   0.0000000e+00
   3.1033420e-01   6.3174020e-01   2.8398800e+04   0.0000000e+00
   3.2033630e-01   6.6663940e-01   2.8398800e+04   0.0000000e+00
   3.3037080e-01   6.8982990e-01   2.8398800e+04   0.0000000e+00
   3.4037280e-01   7.6258790e-01   2.8398800e+04   0.0000000e+00
   3.5038570e-01   7.5321240e-01   2.8395800e+04   0.0000000e+00
   3.6039860e-01   7.9684990e-01   2.8395800e+04   0.0000000e+00
   3.7040060e-01   8.2354000e-01   2.8398800e+04   0.0000000e+00
   3.8039190e-01   8.7983700e-01   2.8398800e+04   0.0000000e+00
   3.9039400e-01   9.3685740e-01   2.8398800e+04   0.0000000e+00
   4.0041760e-01   9.7238320e-01   2.8398800e+04   0.0000000e+00
