  -8.1224616e-02  -4.4011083e+00   3.6779200e+04   1.2000000e-02
  -8.0871130e-02  -4.0469059e+00   3.6782200e+04   1.2000000e-02
  -8.0354438e-02  -3.4631066e+00   3.6788200e+04   1.2000000e-02
  -7.9827572e-02  -3.1389435e+00   3.6794100e+04   1.2000000e-02
  -7.9305547e-02  -3.0133114e+00   3.6794100e+04   1.2000000e-02
  -7.8781797e-02  -2.7920618e+00   3.6797100e+04   1.2000000e-02
  -7.8255920e-02  -2.7858077e+00   3.6800100e+04   1.2000000e-02
  -7.7744555e-02  -2.5949340e+00   3.6803100e+04   1.2000000e-02
  -7.7404440e-02  -2.5906415e+00   3.6806100e+04   1.2000000e-02
  -7.6879624e-02  -2.5299963e+00   3.6812000e+04   1.2000000e-02
  -7.6360141e-02  -2.4267705e+00   3.6815000e+04   1.2000000e-02
  -7.5838359e-02  -2.3881871e+00   3.6815000e+04   1.2000000e-02
  -7.5321668e-02  -2.3459924e+00   3.6821000e+04   1.2000000e-02
  -7.4798574e-02  -2.3456066e+00   3.6823900e+04   1.2000000e-02
  -7.4457062e-02  -2.3172907e+00   3.6826900e+04   1.2000000e-02
  -7.3925360e-02  -2.2322611e+00   3.6826900e+04   1.2000000e-02
  -7.3399396e-02  -2.2445888e+00   3.6829900e+04   1.2000000e-02
  -7.2873515e-02  -2.2312270e+00   3.6835900e+04   1.2000000e-02
  -7.2361822e-02  -2.1353632e+00   3.6838800e+04   1.2000000e-02
  -7.1840045e-02  -2.1670523e+00   3.6841800e+04   1.2000000e-02
  -7.1319494e-02  -2.0632850e+00   3.6844800e+04   1.2000000e-02
  -7.0976180e-02  -2.0685132e+00   3.6847800e+04   1.2000000e-02
  -7.0451528e-02  -2.1404600e+00   3.6850800e+04   1.2000000e-02
  -6.9921384e-02  -2.0066697e+00   3.6853700e+04   1.2000000e-02
  -6.9402637e-02  -1.9951464e+00   3.6856700e+04   1.2000000e-02
  -6.8879465e-02  -1.9898936e+00   3.6856700e+04   1.2000000e-02
  -6.8352353e-02  -1.9476083e+00   3.6862700e+04   1.2000000e-02
  -6.7823029e-02  -1.8823094e+00   3.6865700e+04   1.2000000e-02
  -6.7480533e-02  -1.8861834e+00   3.6868600e+04   1.2000000e-02
  -6.6952356e-02  -1.8931187e+00   3.6871600e+04   1.2000000e-02
  -6.6432379e-02  -1.8804875e+00   3.6874600e+04   1.2000000e-02
  -6.5909534e-02  -1.7971896e+00   3.6877600e+04   1.2000000e-02
  -6.5388901e-02  -1.7947848e+00   3.6880600e+04   1.2000000e-02
  -6.4863349e-02  -1.7789607e+00   3.6883500e+04   1.2000000e-02
  -6.4517490e-02  -1.8135882e+00   3.6886500e+04   1.2000000e-02
  -6.4010717e-02  -1.7284187e+00   3.6895500e+04   1.2000000e-02
  -6.3476144e-02  -1.6863881e+00   3.6901400e+04   1.2000000e-02
  -6.2956412e-02  -1.6626439e+00   3.6907400e+04   1.2000000e-02
  -6.2440538e-02  -1.6687831e+00   3.6910400e+04   1.2000000e-02
  -6.1920233e-02  -1.6717295e+00   3.6913300e+04   1.2000000e-02
  -6.1403295e-02  -1.6271711e+00   3.6913300e+04   1.2000000e-02
  -6.1058667e-02  -1.6673386e+00   3.6916300e+04   1.2000000e-02
  -6.0535657e-02  -1.5783283e+00   3.6919300e+04   1.2000000e-02
  -6.0025604e-02  -1.5468687e+00   3.6922300e+04   1.2000000e-02
  -5.9497099e-02  -1.5716474e+00   3.6925300e+04   1.2000000e-02
  -5.8985323e-02  -1.5574892e+00   3.6928200e+04   1.2000000e-02
  -5.8459443e-02  -1.5028273e+00   3.6931200e+04   1.2000000e-02
  -5.7936185e-02  -1.5167636e+00   3.6934200e+04   1.2000000e-02
  -5.7593691e-02  -1.4806178e+00   3.6937200e+04   1.2000000e-02
  -5.7071254e-02  -1.4545919e+00   3.6940200e+04   1.2000000e-02
  -5.6541929e-02  -1.3935691e+00   3.6940200e+04   1.2000000e-02
  -5.6021050e-02  -1.4322100e+00   3.6943100e+04   1.2000000e-02
  -5.5505749e-02  -1.3488791e+00   3.6946100e+04   1.2000000e-02
  -5.4987741e-02  -1.3642109e+00   3.6949100e+04   1.2000000e-02
  -5.4642374e-02  -1.3894161e+00   3.6952100e+04   1.2000000e-02
  -5.4120674e-02  -1.2937575e+00   3.6955100e+04   1.2000000e-02
  -5.3599057e-02  -1.3487724e+00   3.6955100e+04   1.2000000e-02
  -5.3072193e-02  -1.3438479e+00   3.6958000e+04   1.2000000e-02
  -5.2546966e-02  -1.2825050e+00   3.6958000e+04   1.2000000e-02
  -5.2021332e-02  -1.2145633e+00   3.6961000e+04   1.2000000e-02
  -5.1506932e-02  -1.2244615e+00   3.6964000e+04   1.2000000e-02
  -5.1156073e-02  -1.1925672e+00   3.6967000e+04   1.2000000e-02
  -5.0641098e-02  -1.2374540e+00   3.6970000e+04   1.2000000e-02
  -5.0118662e-02  -1.1530234e+00   3.6970000e+04   1.2000000e-02
  -4.9580641e-02  -1.1178953e+00   3.6972900e+04   1.2000000e-02
  -4.9060502e-02  -1.0961208e+00   3.6975900e+04   1.2000000e-02
  -4.8547250e-02  -1.0342935e+00   3.6975900e+04   1.2000000e-02
  -4.8021698e-02  -1.0065440e+00   3.6978900e+04   1.2000000e-02
  -4.7664439e-02  -1.0279820e+00   3.6981900e+04   1.2000000e-02
  -4.7149547e-02  -9.2308768e-01   3.6984900e+04   1.2000000e-02
  -4.6631048e-02  -9.4264071e-01   3.6990800e+04   1.2000000e-02
  -4.6110415e-02  -8.5629887e-01   3.6993800e+04   1.2000000e-02
  -4.5593061e-02  -8.1962877e-01   3.6996800e+04   1.2000000e-02
  -4.5057337e-02  -7.6935862e-01   3.7002700e+04   1.2000000e-02
  -4.4735511e-02  -7.1685413e-01   3.7005700e+04   1.2000000e-02
  -4.4210531e-02  -5.6712210e-01   3.7008700e+04   1.2000000e-02
  -4.3680467e-02  -5.6763519e-01   3.7011700e+04   1.2000000e-02
  -4.3175826e-02  -5.5720706e-01   3.7014700e+04   1.2000000e-02
  -4.2639612e-02  -4.7514259e-01   3.7017700e+04   1.2000000e-02
  -4.2121111e-02  -4.2253309e-01   3.7020600e+04   1.2000000e-02
  -4.1596622e-02  -2.4196956e-01   3.7023600e+04   1.2000000e-02
  -4.1259949e-02  -1.9688993e-01   3.7026600e+04   1.2000000e-02
  -4.0751374e-02  -1.1269016e-01   3.7032600e+04   1.2000000e-02
  -4.0221309e-02   1.2659654e-02   3.7035500e+04   1.2000000e-02
  -3.9691819e-02   1.0329228e-01   3.7041500e+04   1.2000000e-02
  -3.9176435e-02   1.6812673e-01   3.7044500e+04   1.2000000e-02
  -3.8659082e-02   2.3070393e-01   3.7047500e+04   1.2000000e-02
  -3.8319129e-02   3.4474163e-01   3.7050400e+04   1.2000000e-02
  -3.7790048e-02   4.0327314e-01   3.7053400e+04   1.2000000e-02
  -3.7262937e-02   4.8555839e-01   3.7059400e+04   1.2000000e-02
  -3.6748208e-02   5.5985140e-01   3.7062400e+04   1.2000000e-02
  -3.6219129e-02   6.4046459e-01   3.7062400e+04   1.2000000e-02
  -3.5698331e-02   6.6234547e-01   3.7065300e+04   1.2000000e-02
  -3.5163180e-02   7.9223978e-01   3.7068300e+04   1.2000000e-02
  -3.4821832e-02   8.2936662e-01   3.7068300e+04   1.2000000e-02
  -3.4288981e-02   8.3318855e-01   3.7074300e+04   1.2000000e-02
  -3.3763837e-02   9.5574550e-01   3.7074300e+04   1.2000000e-02
  -3.3253210e-02   1.0031545e+00   3.7077300e+04   1.2000000e-02
  -3.2731429e-02   1.0017284e+00   3.7080200e+04   1.2000000e-02
  -3.2210385e-02   1.0617973e+00   3.7083200e+04   1.2000000e-02
  -3.1689915e-02   1.1191431e+00   3.7083200e+04   1.2000000e-02
  -3.1339219e-02   1.1467285e+00   3.7086200e+04   1.2000000e-02
  -3.0816699e-02   1.2084489e+00   3.7086200e+04   1.2000000e-02
  -3.0307221e-02   1.1830467e+00   3.7086200e+04   1.2000000e-02
  -2.9774859e-02   1.1977873e+00   3.7089200e+04   1.2000000e-02
  -2.9255947e-02   1.2635461e+00   3.7089200e+04   1.2000000e-02
  -2.8712842e-02   1.2662628e+00   3.7089200e+04   1.2000000e-02
  -2.8379860e-02   1.2933147e+00   3.7092200e+04   1.2000000e-02
  -2.7860950e-02   1.2941765e+00   3.7092200e+04   1.2000000e-02
  -2.7336298e-02   1.3349021e+00   3.7095100e+04   1.2000000e-02
  -2.6816402e-02   1.3340157e+00   3.7095100e+04   1.2000000e-02
  -2.6292570e-02   1.3814553e+00   3.7101100e+04   1.2000000e-02
  -2.5768739e-02   1.3946365e+00   3.7107100e+04   1.2000000e-02
  -2.5243431e-02   1.4363306e+00   3.7110000e+04   1.2000000e-02
  -2.4909955e-02   1.4368231e+00   3.7116000e+04   1.2000000e-02
  -2.4386780e-02   1.4333185e+00   3.7119000e+04   1.2000000e-02
  -2.3856716e-02   1.4874306e+00   3.7122000e+04   1.2000000e-02
  -2.3335344e-02   1.5130626e+00   3.7122000e+04   1.2000000e-02
  -2.2814056e-02   1.5534928e+00   3.7119000e+04   1.2000000e-02
  -2.2308513e-02   1.5095252e+00   3.7119000e+04   1.2000000e-02
  -2.1788042e-02   1.5861424e+00   3.7122000e+04   1.2000000e-02
  -2.1437837e-02   1.6234537e+00   3.7124900e+04   1.2000000e-02
  -2.0923355e-02   1.5969517e+00   3.7127900e+04   1.2000000e-02
  -2.0395751e-02   1.6349935e+00   3.7130900e+04   1.2000000e-02
  -1.9879218e-02   1.6633175e+00   3.7133900e+04   1.2000000e-02
  -1.9366621e-02   1.6435949e+00   3.7136900e+04   1.2000000e-02
  -1.8851810e-02   1.7696048e+00   3.7136900e+04   1.2000000e-02
  -1.8499884e-02   1.6658126e+00   3.7136900e+04   1.2000000e-02
  -1.7974247e-02   1.6726577e+00   3.7139800e+04   1.2000000e-02
  -1.7452956e-02   1.7073180e+00   3.7139800e+04   1.2000000e-02
  -1.6937736e-02   1.7800037e+00   3.7139800e+04   1.2000000e-02
  -1.6426945e-02   1.8038220e+00   3.7142800e+04   1.2000000e-02
  -1.5901637e-02   1.8192932e+00   3.7145800e+04   1.2000000e-02
  -1.5386005e-02   1.8652880e+00   3.7148800e+04   1.2000000e-02
  -1.5026122e-02   1.8579341e+00   3.7148800e+04   1.2000000e-02
  -1.4511066e-02   1.8411744e+00   3.7151800e+04   1.2000000e-02
  -1.3990761e-02   1.9259415e+00   3.7151800e+04   1.2000000e-02
  -1.3466353e-02   1.9776077e+00   3.7151800e+04   1.2000000e-02
  -1.2943998e-02   1.9283053e+00   3.7154700e+04   1.2000000e-02
  -1.2429268e-02   1.9695480e+00   3.7157700e+04   1.2000000e-02
  -1.1892888e-02   2.0112916e+00   3.7160700e+04   1.2000000e-02
  -1.1546291e-02   2.0323685e+00   3.7163700e+04   1.2000000e-02
  -1.1019097e-02   2.0143858e+00   3.7166700e+04   1.2000000e-02
  -1.0495101e-02   2.0600934e+00   3.7172600e+04   1.2000000e-02
  -9.9784840e-03   2.1703941e+00   3.7172600e+04   1.2000000e-02
  -9.4671190e-03   2.1504745e+00   3.7175600e+04   1.2000000e-02
  -8.9466510e-03   2.2073281e+00   3.7175600e+04   1.2000000e-02
  -8.5934110e-03   2.1800215e+00   3.7178600e+04   1.2000000e-02
  -8.0745800e-03   2.2402731e+00   3.7178600e+04   1.2000000e-02
  -7.5557510e-03   2.2615059e+00   3.7181600e+04   1.2000000e-02
  -7.0210930e-03   2.2846592e+00   3.7181600e+04   1.2000000e-02
