  -8.1224862e-02  -8.0262626e+00   3.7434900e+04   1.2000000e-02
  -8.0882448e-02  -7.5295547e+00   3.7437900e+04   1.2000000e-02
  -8.0359031e-02  -6.7954206e+00   3.7440800e+04   1.2000000e-02
  -7.9837086e-02  -6.7454616e+00   3.7440800e+04   1.2000000e-02
  -7.9322771e-02  -5.7645691e+00   3.7443800e+04   1.2000000e-02
  -7.8802547e-02  -4.8658329e+00   3.7443800e+04   1.2000000e-02
  -7.8268387e-02  -4.3534146e+00   3.7443800e+04   1.2000000e-02
  -7.7756775e-02  -3.8747290e+00   3.7443800e+04   1.2000000e-02
  -7.7399683e-02  -3.5842001e+00   3.7443800e+04   1.2000000e-02
  -7.6884135e-02  -3.1855784e+00   3.7443800e+04   1.2000000e-02
  -7.6359075e-02  -2.9780848e+00   3.7443800e+04   1.2000000e-02
  -7.5837703e-02  -2.7266316e+00   3.7440800e+04   1.2000000e-02
  -7.5319782e-02  -2.6744318e+00   3.7437900e+04   1.2000000e-02
  -7.4799804e-02  -2.5482580e+00   3.7434900e+04   1.2000000e-02
  -7.4455340e-02  -2.4558414e+00   3.7434900e+04   1.2000000e-02
  -7.3926672e-02  -2.4730526e+00   3.7431900e+04   1.2000000e-02
  -7.3410878e-02  -2.3835006e+00   3.7431900e+04   1.2000000e-02
  -7.2890001e-02  -2.3312271e+00   3.7428900e+04   1.2000000e-02
  -7.2373878e-02  -2.2692031e+00   3.7428900e+04   1.2000000e-02
  -7.1839143e-02  -2.2166012e+00   3.7428900e+04   1.2000000e-02
  -7.1329582e-02  -2.1690468e+00   3.7431900e+04   1.2000000e-02
  -7.0968060e-02  -2.1667979e+00   3.7434900e+04   1.2000000e-02
  -7.0452020e-02  -2.1195473e+00   3.7434900e+04   1.2000000e-02
  -6.9921056e-02  -2.1314975e+00   3.7440800e+04   1.2000000e-02
  -6.9402883e-02  -2.0923969e+00   3.7440800e+04   1.2000000e-02
  -6.8891357e-02  -2.0694242e+00   3.7443800e+04   1.2000000e-02
  -6.8355715e-02  -2.0780339e+00   3.7443800e+04   1.2000000e-02
  -6.7840826e-02  -2.0381126e+00   3.7446800e+04   1.2000000e-02
  -6.7480041e-02  -2.0150003e+00   3.7446800e+04   1.2000000e-02
  -6.6961214e-02  -1.9890892e+00   3.7449800e+04   1.2000000e-02
  -6.6437382e-02  -1.9371355e+00   3.7449800e+04   1.2000000e-02
  -6.5924543e-02  -1.9212869e+00   3.7449800e+04   1.2000000e-02
  -6.5404402e-02  -1.8926509e+00   3.7449800e+04   1.2000000e-02
  -6.4889184e-02  -1.8063163e+00   3.7449800e+04   1.2000000e-02
  -6.4543571e-02  -1.8306187e+00   3.7449800e+04   1.2000000e-02
  -6.4017853e-02  -1.7927001e+00   3.7449800e+04   1.2000000e-02
  -6.3500584e-02  -1.7714917e+00   3.7449800e+04   1.2000000e-02
  -6.2984298e-02  -1.7771551e+00   3.7455700e+04   1.2000000e-02
  -6.2464815e-02  -1.7616591e+00   3.7455700e+04   1.2000000e-02
  -6.1949020e-02  -1.7409926e+00   3.7458700e+04   1.2000000e-02
  -6.1409528e-02  -1.6944725e+00   3.7461700e+04   1.2000000e-02
  -6.1070559e-02  -1.6432332e+00   3.7467700e+04   1.2000000e-02
  -6.0560508e-02  -1.6569807e+00   3.7467700e+04   1.2000000e-02
  -6.0034872e-02  -1.6508579e+00   3.7470600e+04   1.2000000e-02
  -5.9514076e-02  -1.6768756e+00   3.7470600e+04   1.2000000e-02
  -5.8996806e-02  -1.6009646e+00   3.7470600e+04   1.2000000e-02
  -5.8474862e-02  -1.5759727e+00   3.7467700e+04   1.2000000e-02
  -5.7947257e-02  -1.5566685e+00   3.7467700e+04   1.2000000e-02
  -5.7595168e-02  -1.5712370e+00   3.7467700e+04   1.2000000e-02
  -5.7080193e-02  -1.5087449e+00   3.7467700e+04   1.2000000e-02
  -5.6550951e-02  -1.4914435e+00   3.7467700e+04   1.2000000e-02
  -5.6028349e-02  -1.4924612e+00   3.7470600e+04   1.2000000e-02
  -5.5504929e-02  -1.4249792e+00   3.7470600e+04   1.2000000e-02
  -5.4996680e-02  -1.4438319e+00   3.7473600e+04   1.2000000e-02
  -5.4648771e-02  -1.4491175e+00   3.7473600e+04   1.2000000e-02
  -5.4129860e-02  -1.4096230e+00   3.7473600e+04   1.2000000e-02
  -5.3604306e-02  -1.3401381e+00   3.7473600e+04   1.2000000e-02
  -5.3073505e-02  -1.3309785e+00   3.7470600e+04   1.2000000e-02
  -5.2561319e-02  -1.3433719e+00   3.7470600e+04   1.2000000e-02
  -5.2030846e-02  -1.2890628e+00   3.7467700e+04   1.2000000e-02
  -5.1520383e-02  -1.2901873e+00   3.7467700e+04   1.2000000e-02
  -5.1162552e-02  -1.2561426e+00   3.7467700e+04   1.2000000e-02
  -5.0633143e-02  -1.2369205e+00   3.7467700e+04   1.2000000e-02
  -5.0121286e-02  -1.2239116e+00   3.7467700e+04   1.2000000e-02
  -4.9600489e-02  -1.2208666e+00   3.7470600e+04   1.2000000e-02
  -4.9081498e-02  -1.1566019e+00   3.7470600e+04   1.2000000e-02
  -4.8554960e-02  -1.1215887e+00   3.7470600e+04   1.2000000e-02
  -4.8028095e-02  -1.1268825e+00   3.7470600e+04   1.2000000e-02
  -4.7687567e-02  -1.0983286e+00   3.7470600e+04   1.2000000e-02
  -4.7170379e-02  -1.1059945e+00   3.7470600e+04   1.2000000e-02
  -4.6646631e-02  -1.0666723e+00   3.7470600e+04   1.2000000e-02
  -4.6120011e-02  -1.0037206e+00   3.7470600e+04   1.2000000e-02
  -4.5595111e-02  -1.0005935e+00   3.7470600e+04   1.2000000e-02
  -4.5068655e-02  -8.7084474e-01   3.7470600e+04   1.2000000e-02
  -4.4726325e-02  -8.3811055e-01   3.7473600e+04   1.2000000e-02
  -4.4214139e-02  -7.9477115e-01   3.7476600e+04   1.2000000e-02
  -4.3695968e-02  -7.7997525e-01   3.7476600e+04   1.2000000e-02
  -4.3176072e-02  -7.3730792e-01   3.7482600e+04   1.2000000e-02
  -4.2653637e-02  -6.5094297e-01   3.7485500e+04   1.2000000e-02
  -4.2131527e-02  -5.7424386e-01   3.7485500e+04   1.2000000e-02
  -4.1611221e-02  -5.3604670e-01   3.7485500e+04   1.2000000e-02
  -4.1263558e-02  -4.6428744e-01   3.7488500e+04   1.2000000e-02
  -4.0734233e-02  -4.0119240e-01   3.7488500e+04   1.2000000e-02
  -4.0222786e-02  -3.1403877e-01   3.7488500e+04   1.2000000e-02
  -3.9695592e-02  -2.3157667e-01   3.7491500e+04   1.2000000e-02
  -3.9167906e-02  -1.7690980e-01   3.7491500e+04   1.2000000e-02
  -3.8640383e-02  -7.1662974e-02   3.7491500e+04   1.2000000e-02
  -3.8306827e-02  -5.1962363e-02   3.7491500e+04   1.2000000e-02
  -3.7775367e-02   6.5925013e-02   3.7494500e+04   1.2000000e-02
  -3.7255637e-02   6.1888630e-02   3.7494500e+04   1.2000000e-02
  -3.6740991e-02   1.7800409e-01   3.7494500e+04   1.2000000e-02
  -3.6216258e-02   3.4480147e-01   3.7494500e+04   1.2000000e-02
  -3.5700300e-02   3.7051658e-01   3.7497500e+04   1.2000000e-02
  -3.5169906e-02   4.3292905e-01   3.7497500e+04   1.2000000e-02
  -3.4836267e-02   4.9665209e-01   3.7500400e+04   1.2000000e-02
  -3.4305138e-02   5.4374316e-01   3.7500400e+04   1.2000000e-02
  -3.3778189e-02   6.5152223e-01   3.7497500e+04   1.2000000e-02
  -3.3276667e-02   6.7276708e-01   3.7497500e+04   1.2000000e-02
  -3.2758658e-02   7.7486851e-01   3.7500400e+04   1.2000000e-02
  -3.2233841e-02   8.2470620e-01   3.7503400e+04   1.2000000e-02
  -3.1713044e-02   8.5497189e-01   3.7509400e+04   1.2000000e-02
  -3.1367186e-02   8.9592883e-01   3.7512400e+04   1.2000000e-02
  -3.0838351e-02   9.7447897e-01   3.7515300e+04   1.2000000e-02
  -3.0316325e-02   1.0237445e+00   3.7518300e+04   1.2000000e-02
  -2.9789376e-02   1.0576607e+00   3.7518300e+04   1.2000000e-02
  -2.9262509e-02   1.0683140e+00   3.7518300e+04   1.2000000e-02
  -2.8747124e-02   1.1133814e+00   3.7518300e+04   1.2000000e-02
  -2.8401922e-02   1.1396700e+00   3.7515300e+04   1.2000000e-02
  -2.7874728e-02   1.1685194e+00   3.7512400e+04   1.2000000e-02
  -2.7368694e-02   1.2137509e+00   3.7512400e+04   1.2000000e-02
  -2.6841662e-02   1.2293452e+00   3.7512400e+04   1.2000000e-02
  -2.6322423e-02   1.2365431e+00   3.7512400e+04   1.2000000e-02
  -2.5808516e-02   1.2616009e+00   3.7512400e+04   1.2000000e-02
  -2.5275663e-02   1.2741338e+00   3.7515300e+04   1.2000000e-02
  -2.4928819e-02   1.3494048e+00   3.7515300e+04   1.2000000e-02
  -2.4408678e-02   1.3678801e+00   3.7515300e+04   1.2000000e-02
  -2.3880254e-02   1.4056838e+00   3.7515300e+04   1.2000000e-02
  -2.3361343e-02   1.3995118e+00   3.7515300e+04   1.2000000e-02
  -2.2825784e-02   1.3990850e+00   3.7515300e+04   1.2000000e-02
  -2.2312368e-02   1.4449075e+00   3.7515300e+04   1.2000000e-02
  -2.1790749e-02   1.4179786e+00   3.7521300e+04   1.2000000e-02
  -2.1445136e-02   1.4787389e+00   3.7524300e+04   1.2000000e-02
  -2.0936395e-02   1.4902376e+00   3.7530300e+04   1.2000000e-02
  -2.0402476e-02   1.5076129e+00   3.7533200e+04   1.2000000e-02
  -1.9874708e-02   1.5978217e+00   3.7539200e+04   1.2000000e-02
  -1.9370311e-02   1.6016546e+00   3.7542200e+04   1.2000000e-02
  -1.8846479e-02   1.6118319e+00   3.7542200e+04   1.2000000e-02
  -1.8487991e-02   1.5903939e+00   3.7545200e+04   1.2000000e-02
  -1.7972197e-02   1.6617007e+00   3.7545200e+04   1.2000000e-02
  -1.7436307e-02   1.6778859e+00   3.7548100e+04   1.2000000e-02
  -1.6924695e-02   1.6860852e+00   3.7548100e+04   1.2000000e-02
  -1.6402259e-02   1.6738313e+00   3.7551100e+04   1.2000000e-02
  -1.5877197e-02   1.7550200e+00   3.7551100e+04   1.2000000e-02
  -1.5356807e-02   1.7475840e+00   3.7554100e+04   1.2000000e-02
  -1.5009719e-02   1.7743487e+00   3.7554100e+04   1.2000000e-02
  -1.4484493e-02   1.7113725e+00   3.7554100e+04   1.2000000e-02
  -1.3966239e-02   1.7905505e+00   3.7554100e+04   1.2000000e-02
  -1.3442159e-02   1.8072117e+00   3.7554100e+04   1.2000000e-02
  -1.2916522e-02   1.8432426e+00   3.7551100e+04   1.2000000e-02
  -1.2391541e-02   1.8594771e+00   3.7551100e+04   1.2000000e-02
  -1.1866233e-02   1.8801764e+00   3.7554100e+04   1.2000000e-02
  -1.1508810e-02   1.9109710e+00   3.7554100e+04   1.2000000e-02
  -1.1007779e-02   1.9494888e+00   3.7554100e+04   1.2000000e-02
  -1.0500760e-02   1.9406904e+00   3.7554100e+04   1.2000000e-02
  -9.9738920e-03   1.9749567e+00   3.7554100e+04   1.2000000e-02
  -9.4425960e-03   2.0503593e+00   3.7557100e+04   1.2000000e-02
  -8.9223740e-03   2.0422667e+00   3.7557100e+04   1.2000000e-02
  -8.5635570e-03   2.0425458e+00   3.7560100e+04   1.2000000e-02
  -8.0497290e-03   2.0904201e+00   3.7560100e+04   1.2000000e-02
  -7.5372970e-03   2.1263444e+00   3.7560100e+04   1.2000000e-02
  -7.0175660e-03   2.0826640e+00   3.7560100e+04   1.2000000e-02
