  -7.2448348e-02  -6.5424086e-02   3.3471200e+04   1.2000000e-02
  -7.1930344e-02  -1.0198333e-01   3.3480100e+04   1.2000000e-02
  -7.1403560e-02  -5.7039760e-02   3.3489100e+04   1.2000000e-02
  -7.1059590e-02  -3.6132766e-02   3.3501000e+04   1.2000000e-02
  -7.0529689e-02  -7.8602184e-02   3.3509900e+04   1.2000000e-02
  -7.0007172e-02  -7.2493867e-02   3.3518900e+04   1.2000000e-02
  -6.9496216e-02  -5.9584773e-02   3.3527800e+04   1.2000000e-02
  -6.8962547e-02  -4.5933425e-02   3.3536700e+04   1.2000000e-02
  -6.8442652e-02  -3.5476151e-02   3.3545700e+04   1.2000000e-02
  -6.7920381e-02  -9.3134092e-02   3.3557600e+04   1.2000000e-02
  -6.7562794e-02  -5.9021164e-02   3.3563600e+04   1.2000000e-02
  -6.7039948e-02  -3.6808326e-02   3.3575500e+04   1.2000000e-02
  -6.6529239e-02  -7.1576284e-02   3.3584400e+04   1.2000000e-02
  -6.6009918e-02  -3.3818869e-02   3.3593400e+04   1.2000000e-02
  -6.5486417e-02  -5.7400463e-02   3.3602300e+04   1.2000000e-02
  -6.4960617e-02  -8.5925139e-02   3.3614200e+04   1.2000000e-02
  -6.4614432e-02  -4.3524884e-02   3.3623200e+04   1.2000000e-02
  -6.4106429e-02  -2.8414962e-02   3.3632100e+04   1.2000000e-02
  -6.3582107e-02  -7.8436272e-02   3.3641000e+04   1.2000000e-02
  -6.3059752e-02  -2.8882122e-02   3.3653000e+04   1.2000000e-02
  -6.2545518e-02  -6.4071245e-02   3.3658900e+04   1.2000000e-02
  -6.2016273e-02  -3.5389297e-02   3.3670900e+04   1.2000000e-02
  -6.1496793e-02  -2.8106340e-02   3.3676800e+04   1.2000000e-02
  -6.1148392e-02  -4.9723266e-02   3.3688700e+04   1.2000000e-02
  -6.0632271e-02  -7.9986436e-02   3.3697700e+04   1.2000000e-02
  -6.0111802e-02  -4.9006290e-02   3.3706600e+04   1.2000000e-02
  -5.9593139e-02  -1.8510710e-02   3.3715600e+04   1.2000000e-02
  -5.9064796e-02  -3.4264048e-02   3.3724500e+04   1.2000000e-02
  -5.8549988e-02  -6.4762880e-02   3.3733400e+04   1.2000000e-02
  -5.8028535e-02  -5.7265958e-02   3.3745400e+04   1.2000000e-02
  -5.7682102e-02  -3.3069988e-02   3.3754300e+04   1.2000000e-02
  -5.7156878e-02  -8.4829422e-02   3.3763200e+04   1.2000000e-02
  -5.6635506e-02  -3.6439400e-04   3.3772200e+04   1.2000000e-02
  -5.6103721e-02  -5.1423194e-02   3.3781100e+04   1.2000000e-02
  -5.5581365e-02  -1.9596182e-02   3.3787100e+04   1.2000000e-02
  -5.5063605e-02  -4.8350495e-02   3.3796000e+04   1.2000000e-02
  -5.4718566e-02  -2.9432445e-02   3.3805000e+04   1.2000000e-02
  -5.4207857e-02  -1.9748238e-02   3.3813900e+04   1.2000000e-02
  -5.3679924e-02  -3.6303194e-02   3.3822800e+04   1.2000000e-02
  -5.3153388e-02  -3.6429610e-03   3.3831800e+04   1.2000000e-02
  -5.2633247e-02  -5.2021250e-02   3.3840700e+04   1.2000000e-02
  -5.2110893e-02  -2.9675375e-02   3.3846700e+04   1.2000000e-02
  -5.1595591e-02  -6.0321023e-02   3.3855600e+04   1.2000000e-02
  -5.1244813e-02  -4.2338452e-02   3.3864600e+04   1.2000000e-02
  -5.0722458e-02   1.1545227e-02   3.3870500e+04   1.2000000e-02
  -5.0203137e-02  -1.6443759e-02   3.3879500e+04   1.2000000e-02
  -4.9683488e-02  -2.8597528e-02   3.3888400e+04   1.2000000e-02
  -4.9156050e-02  -2.3828748e-02   3.3897300e+04   1.2000000e-02
  -4.8637057e-02  -9.8349580e-03   3.3906300e+04   1.2000000e-02
  -4.8120280e-02   3.2353430e-03   3.3912200e+04   1.2000000e-02
  -4.7767450e-02  -2.6039554e-02   3.3921200e+04   1.2000000e-02
  -4.7247063e-02  -4.2983500e-02   3.3930100e+04   1.2000000e-02
  -4.6723397e-02  -5.5438320e-03   3.3939100e+04   1.2000000e-02
  -4.6196285e-02  -4.0251737e-02   3.3945000e+04   1.2000000e-02
  -4.5671468e-02  -3.3232953e-02   3.3954000e+04   1.2000000e-02
  -4.5146980e-02  -2.1973153e-02   3.3962900e+04   1.2000000e-02
  -4.4806782e-02  -1.0569489e-02   3.3968900e+04   1.2000000e-02
  -4.4300009e-02  -5.4860945e-02   3.3977800e+04   1.2000000e-02
  -4.3778065e-02  -2.8791495e-02   3.3986800e+04   1.2000000e-02
  -4.3259482e-02  -1.0791996e-02   3.3995700e+04   1.2000000e-02
  -4.2738687e-02  -1.6326969e-02   3.4004600e+04   1.2000000e-02
  -4.2202963e-02  -1.7781594e-02   3.4013600e+04   1.2000000e-02
  -4.1695287e-02  -1.6454585e-02   3.4022500e+04   1.2000000e-02
  -4.1341473e-02  -9.0292400e-03   3.4028500e+04   1.2000000e-02
  -4.0821498e-02   1.3680160e-03   3.4037400e+04   1.2000000e-02
  -4.0296435e-02   4.6960370e-03   3.4046400e+04   1.2000000e-02
  -3.9772605e-02   1.8563126e-02   3.4052300e+04   1.2000000e-02
  -3.9249101e-02  -1.1311153e-02   3.4061300e+04   1.2000000e-02
  -3.8731994e-02   1.7672601e-02   3.4070200e+04   1.2000000e-02
  -3.8388842e-02   2.4707642e-02   3.4076200e+04   1.2000000e-02
  -3.7874606e-02   2.6964215e-02   3.4082100e+04   1.2000000e-02
  -3.7349955e-02  -1.9281000e-03   3.4091100e+04   1.2000000e-02
  -3.6822432e-02   2.8113253e-02   3.4097000e+04   1.2000000e-02
  -3.6308279e-02   1.5642780e-03   3.4108900e+04   1.2000000e-02
  -3.5783545e-02   2.9287795e-02   3.4117900e+04   1.2000000e-02
  -3.5255448e-02   3.8831365e-02   3.4126800e+04   1.2000000e-02
  -3.4904668e-02   5.3851300e-03   3.4135800e+04   1.2000000e-02
  -3.4381248e-02   5.6529239e-02   3.4141700e+04   1.2000000e-02
  -3.3856760e-02   2.5466204e-02   3.4150700e+04   1.2000000e-02
  -3.3336046e-02   7.3453216e-02   3.4159600e+04   1.2000000e-02
  -3.2826567e-02   5.7265656e-02   3.4165600e+04   1.2000000e-02
  -3.2300437e-02   4.8927141e-02   3.4174500e+04   1.2000000e-02
  -3.1777836e-02   6.0111676e-02   3.4180500e+04   1.2000000e-02
  -3.1426236e-02   3.6323986e-02   3.4189400e+04   1.2000000e-02
  -3.0894778e-02   7.3252440e-02   3.4195400e+04   1.2000000e-02
  -3.0377589e-02   4.5932016e-02   3.4204300e+04   1.2000000e-02
  -2.9848591e-02   5.9256992e-02   3.4210300e+04   1.2000000e-02
  -2.9333945e-02   4.0047735e-02   3.4219200e+04   1.2000000e-02
  -2.8820610e-02   6.2890686e-02   3.4225200e+04   1.2000000e-02
  -2.8462859e-02   5.8527956e-02   3.4231100e+04   1.2000000e-02
  -2.7950921e-02   7.1579327e-02   3.4240100e+04   1.2000000e-02
  -2.7418969e-02   5.2052258e-02   3.4246000e+04   1.2000000e-02
  -2.6899647e-02   7.2051817e-02   3.4255000e+04   1.2000000e-02
  -2.6384509e-02   8.8495344e-02   3.4260900e+04   1.2000000e-02
  -2.5858710e-02   6.8712476e-02   3.4269900e+04   1.2000000e-02
  -2.5333566e-02   7.5131170e-02   3.4278800e+04   1.2000000e-02
  -2.4996892e-02   5.9232388e-02   3.4284800e+04   1.2000000e-02
  -2.4477571e-02   9.4528484e-02   3.4293700e+04   1.2000000e-02
  -2.3954232e-02   6.8558123e-02   3.4302700e+04   1.2000000e-02
  -2.3416949e-02   5.2258937e-02   3.4308600e+04   1.2000000e-02
  -2.2894677e-02   6.9165611e-02   3.4317600e+04   1.2000000e-02
  -2.2397992e-02   9.0275243e-02   3.4323500e+04   1.2000000e-02
  -2.1869401e-02   5.9684650e-02   3.4332500e+04   1.2000000e-02
  -2.1521984e-02   7.0756301e-02   3.4338400e+04   1.2000000e-02
  -2.1016196e-02   6.9699530e-02   3.4347400e+04   1.2000000e-02
  -2.0489576e-02   8.4235060e-02   3.4350300e+04   1.2000000e-02
  -1.9956067e-02   7.1196380e-02   3.4359300e+04   1.2000000e-02
  -1.9435842e-02   4.7798690e-02   3.4362300e+04   1.2000000e-02
  -1.8917997e-02   1.0418588e-01   3.4371200e+04   1.2000000e-02
  -1.8576568e-02   7.4385238e-02   3.4374200e+04   1.2000000e-02
  -1.8045437e-02   7.7561369e-02   3.4380100e+04   1.2000000e-02
  -1.7531691e-02   7.3909303e-02   3.4389100e+04   1.2000000e-02
  -1.7000560e-02   1.0664708e-01   3.4392100e+04   1.2000000e-02
  -1.6489031e-02   9.0634060e-02   3.4401000e+04   1.2000000e-02
  -1.5965035e-02   5.5315492e-02   3.4404000e+04   1.2000000e-02
  -1.5442513e-02   9.6936292e-02   3.4412900e+04   1.2000000e-02
  -1.5102150e-02   6.4397558e-02   3.4418900e+04   1.2000000e-02
  -1.4567985e-02   7.9252520e-02   3.4424800e+04   1.2000000e-02
  -1.4048500e-02   5.9910050e-02   3.4433800e+04   1.2000000e-02
  -1.3530653e-02   8.6616124e-02   3.4439800e+04   1.2000000e-02
  -1.2999440e-02   9.7402420e-02   3.4445700e+04   1.2000000e-02
  -1.2475771e-02   6.4162256e-02   3.4451700e+04   1.2000000e-02
  -1.1955056e-02   8.0289042e-02   3.4460600e+04   1.2000000e-02
  -1.1597715e-02   1.2406991e-01   3.4469600e+04   1.2000000e-02
  -1.1092419e-02   8.6498060e-02   3.4472500e+04   1.2000000e-02
  -1.0576706e-02   5.7477994e-02   3.4478500e+04   1.2000000e-02
  -1.0039586e-02   8.2987105e-02   3.4487400e+04   1.2000000e-02
  -9.5286300e-03   5.7594045e-02   3.4490400e+04   1.2000000e-02
  -9.0045540e-03   9.9968157e-02   3.4502300e+04   1.2000000e-02
  -8.6582030e-03   8.8051064e-02   3.4508300e+04   1.2000000e-02
  -8.1429810e-03   8.1951087e-02   3.4517200e+04   1.2000000e-02
  -7.6244800e-03   4.0932518e-02   3.4523200e+04   1.2000000e-02
  -7.1064710e-03   1.0739113e-01   3.4529200e+04   1.2000000e-02
  -6.5791940e-03   1.2418548e-01   3.4535100e+04   1.2000000e-02
  -6.0483080e-03   8.8626815e-02   3.4541100e+04   1.2000000e-02
  -5.5385010e-03   9.0237352e-02   3.4547000e+04   1.2000000e-02
  -5.1916580e-03   7.6922310e-02   3.4553000e+04   1.2000000e-02
  -4.6488810e-03   1.0378097e-01   3.4559000e+04   1.2000000e-02
  -4.1267690e-03   9.0929069e-02   3.4564900e+04   1.2000000e-02
  -3.6123690e-03   1.2801892e-01   3.4570900e+04   1.2000000e-02
  -3.0795150e-03   1.1072962e-01   3.4576800e+04   1.2000000e-02
  -2.5600300e-03   1.4677042e-01   3.4582800e+04   1.2000000e-02
  -2.0423500e-03   1.0894529e-01   3.4588800e+04   1.2000000e-02
  -1.6946030e-03   1.3809710e-01   3.4597700e+04   1.2000000e-02
  -1.1695410e-03   1.1529414e-01   3.4603700e+04   1.2000000e-02
  -6.5267800e-04   1.0911987e-01   3.4606600e+04   1.2000000e-02
  -1.3893400e-04   1.4683273e-01   3.4615600e+04   1.2000000e-02
   3.8350400e-04   8.8010280e-02   3.4621500e+04   1.2000000e-02
