  -7.1422095e-02  -1.3530457e-01   3.7974300e+04   1.2000000e-02
  -7.1429149e-02  -1.1567197e-01   3.7974300e+04   1.2000000e-02
  -7.1253226e-02  -1.2592718e-01   3.7977300e+04   1.2000000e-02
  -7.1249945e-02  -9.5940180e-02   3.7977300e+04   1.2000000e-02
  -7.1084030e-02  -1.2277816e-01   3.7980300e+04   1.2000000e-02
  -7.1081160e-02  -1.5718297e-01   3.7980300e+04   1.2000000e-02
  -7.0908353e-02  -9.9719475e-02   3.7980300e+04   1.2000000e-02
  -7.0739976e-02  -8.4258830e-02   3.7980300e+04   1.2000000e-02
  -7.0734317e-02  -9.3710800e-02   3.7980300e+04   1.2000000e-02
  -7.0567662e-02  -7.3371675e-02   3.7983200e+04   1.2000000e-02
  -7.0543467e-02  -8.1360515e-02   3.7983200e+04   1.2000000e-02
  -7.0382389e-02  -7.5925870e-02   3.7983200e+04   1.2000000e-02
  -7.0378206e-02  -5.5755894e-02   3.7983200e+04   1.2000000e-02
  -7.0199577e-02  -4.6057924e-02   3.7983200e+04   1.2000000e-02
  -7.0031202e-02  -7.9932798e-02   3.7983200e+04   1.2000000e-02
  -7.0030300e-02  -2.9749517e-02   3.7983200e+04   1.2000000e-02
  -6.9859626e-02  -9.3897670e-02   3.7983200e+04   1.2000000e-02
  -6.9865449e-02  -4.8799119e-02   3.7983200e+04   1.2000000e-02
  -6.9681899e-02  -8.9985212e-02   3.7980300e+04   1.2000000e-02
  -6.9691823e-02  -4.9331725e-02   3.7980300e+04   1.2000000e-02
  -6.9505238e-02  -4.6425436e-02   3.7980300e+04   1.2000000e-02
  -6.9332022e-02  -2.7000444e-02   3.7977300e+04   1.2000000e-02
  -6.9331940e-02  -5.0746242e-02   3.7977300e+04   1.2000000e-02
  -6.9166843e-02  -4.6490310e-02   3.7977300e+04   1.2000000e-02
  -6.9161348e-02  -4.0627695e-02   3.7977300e+04   1.2000000e-02
  -6.8987315e-02  -3.1256301e-02   3.7977300e+04   1.2000000e-02
  -6.8993959e-02  -4.1712674e-02   3.7977300e+04   1.2000000e-02
  -6.8825745e-02  -2.6033402e-02   3.7980300e+04   1.2000000e-02
  -6.8636126e-02  -1.4726110e-02   3.7983200e+04   1.2000000e-02
  -6.8637766e-02  -1.8197985e-02   3.7983200e+04   1.2000000e-02
  -6.8457496e-02  -4.7506724e-02   3.7986200e+04   1.2000000e-02
  -6.8455610e-02  -4.2255370e-02   3.7986200e+04   1.2000000e-02
  -6.8293056e-02  -5.9189050e-02   3.7986200e+04   1.2000000e-02
  -6.8289037e-02  -4.4858288e-02   3.7983200e+04   1.2000000e-02
  -6.8111228e-02  -2.3561953e-02   3.7983200e+04   1.2000000e-02
  -6.7920955e-02  -9.1502130e-03   3.7983200e+04   1.2000000e-02
  -6.7919315e-02  -4.0432827e-02   3.7983200e+04   1.2000000e-02
  -6.7768489e-02  -3.4886297e-02   3.7983200e+04   1.2000000e-02
  -6.7773410e-02  -4.7240502e-02   3.7983200e+04   1.2000000e-02
  -6.7597897e-02  -4.2712442e-02   3.7983200e+04   1.2000000e-02
  -6.7591500e-02  -9.3723910e-03   3.7983200e+04   1.2000000e-02
  -6.7415413e-02  -2.3890752e-02   3.7983200e+04   1.2000000e-02
  -6.7241294e-02  -1.7210519e-02   3.7983200e+04   1.2000000e-02
  -6.7247445e-02  -2.2319503e-02   3.7983200e+04   1.2000000e-02
  -6.7078986e-02  -3.2932284e-02   3.7980300e+04   1.2000000e-02
  -6.7076935e-02  -3.8153704e-02   3.7980300e+04   1.2000000e-02
  -6.6918238e-02  -7.4691400e-04   3.7977300e+04   1.2000000e-02
  -6.6918648e-02  -2.8435876e-02   3.7974300e+04   1.2000000e-02
  -6.6741741e-02   1.6378460e-03   3.7977300e+04   1.2000000e-02
  -6.6572379e-02  -3.0642253e-02   3.7977300e+04   1.2000000e-02
  -6.6570739e-02  -1.2226527e-02   3.7977300e+04   1.2000000e-02
  -6.6401459e-02  -3.0081023e-02   3.7977300e+04   1.2000000e-02
  -6.6390961e-02  -5.8736150e-03   3.7977300e+04   1.2000000e-02
  -6.6225454e-02  -2.7916146e-02   3.7977300e+04   1.2000000e-02
  -6.6230211e-02   3.2710190e-03   3.7977300e+04   1.2000000e-02
  -6.6062654e-02  -3.7872720e-02   3.7974300e+04   1.2000000e-02
  -6.6054534e-02  -5.3044553e-02   3.7974300e+04   1.2000000e-02
  -6.5869183e-02  -2.7272900e-02   3.7974300e+04   1.2000000e-02
  -6.5700067e-02  -3.6443358e-02   3.7977300e+04   1.2000000e-02
  -6.5706218e-02  -3.6673985e-02   3.7977300e+04   1.2000000e-02
  -6.5521766e-02  -7.2071860e-03   3.7977300e+04   1.2000000e-02
  -6.5533986e-02  -1.8999766e-02   3.7974300e+04   1.2000000e-02
  -6.5355275e-02  -2.3596973e-02   3.7971300e+04   1.2000000e-02
  -6.5347155e-02  -1.0124308e-02   3.7971300e+04   1.2000000e-02
  -6.5171150e-02  -1.6878770e-03   3.7974300e+04   1.2000000e-02
  -6.4997606e-02  -2.0586027e-02   3.7977300e+04   1.2000000e-02
  -6.4988830e-02  -1.3702559e-02   3.7977300e+04   1.2000000e-02
  -6.4832101e-02  -1.3882911e-02   3.7977300e+04   1.2000000e-02
  -6.4830543e-02  -3.0318785e-02   3.7977300e+04   1.2000000e-02
  -6.4646828e-02  -3.9686160e-02   3.7977300e+04   1.2000000e-02
  -6.4657244e-02  -4.0956493e-02   3.7977300e+04   1.2000000e-02
  -6.4479353e-02  -1.7770685e-02   3.7974300e+04   1.2000000e-02
  -6.4303922e-02  -5.0601870e-03   3.7974300e+04   1.2000000e-02
  -6.4307121e-02  -1.5776072e-02   3.7974300e+04   1.2000000e-02
  -6.4149323e-02  -3.9038510e-03   3.7977300e+04   1.2000000e-02
  -6.4145961e-02  -1.4296350e-02   3.7980300e+04   1.2000000e-02
  -6.3971104e-02  -3.8904226e-02   3.7980300e+04   1.2000000e-02
  -6.3965527e-02  -3.4359104e-02   3.7980300e+04   1.2000000e-02
  -6.3790672e-02  -2.1697497e-02   3.7980300e+04   1.2000000e-02
  -6.3625001e-02  -8.5758590e-03   3.7980300e+04   1.2000000e-02
  -6.3609911e-02  -3.5480580e-02   3.7977300e+04   1.2000000e-02
  -6.3422424e-02  -1.1742636e-02   3.7977300e+04   1.2000000e-02
  -6.3430625e-02  -7.4094350e-03   3.7977300e+04   1.2000000e-02
  -6.3260525e-02  -2.2750822e-02   3.7977300e+04   1.2000000e-02
  -6.3262986e-02  -1.0778710e-02   3.7977300e+04   1.2000000e-02
  -6.3085095e-02  -1.6418908e-02   3.7977300e+04   1.2000000e-02
  -6.2918111e-02  -1.4050468e-02   3.7977300e+04   1.2000000e-02
  -6.2907285e-02   7.0434830e-03   3.7977300e+04   1.2000000e-02
  -6.2744569e-02  -1.4680837e-02   3.7974300e+04   1.2000000e-02
  -6.2740878e-02   3.6461570e-03   3.7977300e+04   1.2000000e-02
  -6.2568564e-02   4.4797630e-03   3.7977300e+04   1.2000000e-02
  -6.2565611e-02  -8.7209450e-03   3.7980300e+04   1.2000000e-02
  -6.2387228e-02  -2.7177761e-02   3.7980300e+04   1.2000000e-02
  -6.2216144e-02  -4.5782352e-02   3.7980300e+04   1.2000000e-02
  -6.2213438e-02  -3.2518025e-02   3.7980300e+04   1.2000000e-02
  -6.2042354e-02  -9.2350990e-03   3.7980300e+04   1.2000000e-02
  -6.2047685e-02  -3.3463110e-03   3.7980300e+04   1.2000000e-02
  -6.1862576e-02  -1.7570566e-02   3.7980300e+04   1.2000000e-02
  -6.1864380e-02  -3.4083533e-02   3.7980300e+04   1.2000000e-02
  -6.1696336e-02  -2.1673795e-02   3.7980300e+04   1.2000000e-02
  -6.1516968e-02   2.0534180e-03   3.7980300e+04   1.2000000e-02
  -6.1520659e-02  -7.4695530e-03   3.7980300e+04   1.2000000e-02
  -6.1341210e-02   2.4321678e-02   3.7977300e+04   1.2000000e-02
  -6.1344572e-02  -8.9296740e-03   3.7974300e+04   1.2000000e-02
  -6.1170208e-02  -1.0176634e-02   3.7974300e+04   1.2000000e-02
  -6.1170864e-02   5.2881060e-03   3.7977300e+04   1.2000000e-02
  -6.0990184e-02  -2.2267424e-02   3.7977300e+04   1.2000000e-02
  -6.0821315e-02  -1.0474761e-02   3.7977300e+04   1.2000000e-02
  -6.0810735e-02  -8.5215650e-03   3.7977300e+04   1.2000000e-02
  -6.0658106e-02  -1.4254440e-02   3.7977300e+04   1.2000000e-02
  -6.0659008e-02  -2.6916650e-03   3.7977300e+04   1.2000000e-02
  -6.0483987e-02  -3.3718482e-02   3.7977300e+04   1.2000000e-02
  -6.0482675e-02  -1.9083996e-02   3.7977300e+04   1.2000000e-02
  -6.0300683e-02  -9.8666980e-03   3.7977300e+04   1.2000000e-02
  -6.0125581e-02  -1.9032736e-02   3.7977300e+04   1.2000000e-02
  -6.0132060e-02  -1.7256201e-02   3.7977300e+04   1.2000000e-02
  -5.9958597e-02  -1.4946075e-02   3.7977300e+04   1.2000000e-02
  -5.9959910e-02   4.4097220e-03   3.7980300e+04   1.2000000e-02
  -5.9793993e-02  -3.4070656e-02   3.7980300e+04   1.2000000e-02
  -5.9788908e-02  -5.4417230e-03   3.7977300e+04   1.2000000e-02
  -5.9609952e-02   1.1769200e-03   3.7977300e+04   1.2000000e-02
  -5.9439770e-02  -2.4106369e-02   3.7977300e+04   1.2000000e-02
  -5.9444773e-02  -3.7406627e-02   3.7977300e+04   1.2000000e-02
  -5.9269917e-02  -2.3430236e-02   3.7977300e+04   1.2000000e-02
  -5.9265488e-02  -8.6404050e-03   3.7980300e+04   1.2000000e-02
  -5.9092928e-02  -2.4899129e-02   3.7980300e+04   1.2000000e-02
  -5.9074638e-02   5.2398810e-03   3.7980300e+04   1.2000000e-02
  -5.8913150e-02  -4.5344690e-03   3.7980300e+04   1.2000000e-02
  -5.8738293e-02  -2.6234995e-02   3.7977300e+04   1.2000000e-02
  -5.8742230e-02  -3.3973960e-02   3.7977300e+04   1.2000000e-02
  -5.8572460e-02  -3.4736373e-02   3.7977300e+04   1.2000000e-02
  -5.8576725e-02  -4.9398239e-02   3.7980300e+04   1.2000000e-02
  -5.8398670e-02  -8.6091500e-04   3.7980300e+04   1.2000000e-02
  -5.8398834e-02   2.0371321e-02   3.7980300e+04   1.2000000e-02
  -5.8233163e-02  -1.9859043e-02   3.7980300e+04   1.2000000e-02
  -5.8049777e-02  -1.2994601e-02   3.7980300e+04   1.2000000e-02
  -5.8052811e-02  -2.7087380e-02   3.7983200e+04   1.2000000e-02
  -5.7880087e-02  -3.3278061e-02   3.7983200e+04   1.2000000e-02
  -5.7874018e-02  -1.8770370e-02   3.7983200e+04   1.2000000e-02
  -5.7702606e-02  -1.8367675e-02   3.7986200e+04   1.2000000e-02
  -5.7696455e-02  -8.8141900e-04   3.7986200e+04   1.2000000e-02
  -5.7529966e-02   5.5149600e-03   3.7986200e+04   1.2000000e-02
  -5.7347071e-02  -5.3478150e-03   3.7986200e+04   1.2000000e-02
  -5.7338788e-02   6.7186200e-03   3.7983200e+04   1.2000000e-02
  -5.7164997e-02   2.8127688e-02   3.7983200e+04   1.2000000e-02
  -5.7172543e-02   2.0997017e-02   3.7983200e+04   1.2000000e-02
  -5.6989485e-02  -2.2644400e-04   3.7980300e+04   1.2000000e-02
  -5.7000557e-02  -1.3909000e-03   3.7983200e+04   1.2000000e-02
  -5.6831113e-02  -3.1696500e-03   3.7983200e+04   1.2000000e-02
  -5.6816596e-02  -1.1041815e-02   3.7983200e+04   1.2000000e-02
  -5.6650351e-02  -2.7710452e-02   3.7983200e+04   1.2000000e-02
  -5.6475579e-02  -6.7834900e-04   3.7983200e+04   1.2000000e-02
  -5.6484764e-02  -1.5080006e-02   3.7983200e+04   1.2000000e-02
  -5.6289240e-02  -1.0288584e-02   3.7989200e+04   1.2000000e-02
  -5.6305397e-02  -1.0845881e-02   3.7992200e+04   1.2000000e-02
  -5.6125127e-02  -3.4645770e-03   3.7992200e+04   1.2000000e-02
  -5.6131278e-02  -2.2314993e-02   3.7992200e+04   1.2000000e-02
  -5.5955109e-02  -2.2201811e-02   3.7992200e+04   1.2000000e-02
  -5.5789602e-02  -1.0986291e-02   3.7992200e+04   1.2000000e-02
  -5.5780663e-02  -5.8721390e-03   3.7989200e+04   1.2000000e-02
  -5.5614992e-02  -8.5796320e-03   3.7989200e+04   1.2000000e-02
  -5.5608430e-02  -1.1313614e-02   3.7989200e+04   1.2000000e-02
  -5.5428901e-02   4.9091130e-03   3.7989200e+04   1.2000000e-02
  -5.5441203e-02  -1.1670217e-02   3.7989200e+04   1.2000000e-02
  -5.5253306e-02  -1.4484247e-02   3.7992200e+04   1.2000000e-02
  -5.5096575e-02  -1.3544514e-02   3.7992200e+04   1.2000000e-02
  -5.5093868e-02  -3.5247000e-02   3.7989200e+04   1.2000000e-02
  -5.4908022e-02  -4.5754770e-03   3.7992200e+04   1.2000000e-02
  -5.4910728e-02  -1.5406509e-02   3.7992200e+04   1.2000000e-02
  -5.4734149e-02   1.7296210e-03   3.7992200e+04   1.2000000e-02
  -5.4745549e-02  -2.0632857e-02   3.7992200e+04   1.2000000e-02
  -5.4568232e-02  -2.6498838e-02   3.7989200e+04   1.2000000e-02
  -5.4406088e-02  -3.6614114e-02   3.7986200e+04   1.2000000e-02
  -5.4399527e-02   8.2189270e-03   3.7983200e+04   1.2000000e-02
  -5.4229837e-02   3.4296370e-03   3.7983200e+04   1.2000000e-02
  -5.4229919e-02   5.8262910e-03   3.7980300e+04   1.2000000e-02
  -5.4057277e-02  -2.4013693e-02   3.7980300e+04   1.2000000e-02
  -5.4048009e-02  -7.4430620e-03   3.7980300e+04   1.2000000e-02
  -5.3873316e-02   8.5346880e-03   3.7977300e+04   1.2000000e-02
  -5.3689520e-02  -1.0765013e-02   3.7977300e+04   1.2000000e-02
  -5.3703134e-02  -1.4179560e-02   3.7980300e+04   1.2000000e-02
  -5.3520568e-02  -3.9335410e-03   3.7980300e+04   1.2000000e-02
  -5.3526473e-02  -2.2082069e-02   3.7980300e+04   1.2000000e-02
  -5.3339809e-02  -1.7815384e-02   3.7980300e+04   1.2000000e-02
  -5.3349814e-02  -1.5344177e-02   3.7980300e+04   1.2000000e-02
  -5.3174466e-02   1.0489280e-02   3.7980300e+04   1.2000000e-02
  -5.3009861e-02   1.5136028e-02   3.7980300e+04   1.2000000e-02
  -5.3017570e-02  -1.0543910e-03   3.7980300e+04   1.2000000e-02
  -5.2830329e-02  -1.3999537e-02   3.7980300e+04   1.2000000e-02
  -5.2844190e-02  -4.6725448e-02   3.7983200e+04   1.2000000e-02
  -5.2661788e-02  -2.1790339e-02   3.7983200e+04   1.2000000e-02
  -5.2664002e-02   4.3732250e-03   3.7989200e+04   1.2000000e-02
  -5.2491360e-02   7.3135600e-03   3.7992200e+04   1.2000000e-02
  -5.2326593e-02   1.1952269e-02   3.7992200e+04   1.2000000e-02
  -5.2326675e-02   4.9566820e-03   3.7992200e+04   1.2000000e-02
  -5.2130659e-02  -6.9658150e-03   3.7992200e+04   1.2000000e-02
  -5.2143207e-02  -4.8319740e-02   3.7992200e+04   1.2000000e-02
  -5.1965890e-02  -2.5020430e-02   3.7989200e+04   1.2000000e-02
  -5.1964742e-02   4.3905300e-03   3.7989200e+04   1.2000000e-02
  -5.1784308e-02  -2.5679178e-02   3.7992200e+04   1.2000000e-02
  -5.1622164e-02   8.5812720e-03   3.7992200e+04   1.2000000e-02
  -5.1627659e-02  -5.1691040e-03   3.7992200e+04   1.2000000e-02
  -5.1453294e-02  -1.8940551e-02   3.7989200e+04   1.2000000e-02
  -5.1457887e-02  -2.1975203e-02   3.7989200e+04   1.2000000e-02
  -5.1274011e-02  -2.0976911e-02   3.7989200e+04   1.2000000e-02
  -5.1275405e-02  -3.8415005e-02   3.7992200e+04   1.2000000e-02
  -5.1102517e-02  -2.3959071e-02   3.7992200e+04   1.2000000e-02
  -5.0928890e-02  -2.3096762e-02   3.7992200e+04   1.2000000e-02
  -5.0924133e-02  -3.0817300e-03   3.7992200e+04   1.2000000e-02
  -5.0742961e-02  -5.9864690e-03   3.7992200e+04   1.2000000e-02
  -5.0750753e-02  -1.3343330e-02   3.7989200e+04   1.2000000e-02
  -5.0580735e-02  -2.2362808e-02   3.7989200e+04   1.2000000e-02
  -5.0566874e-02  -2.3689404e-02   3.7986200e+04   1.2000000e-02
  -5.0405386e-02  -1.7242013e-02   3.7986200e+04   1.2000000e-02
  -5.0229628e-02   3.8076450e-03   3.7986200e+04   1.2000000e-02
  -5.0230203e-02  -1.8375959e-02   3.7989200e+04   1.2000000e-02
  -5.0047718e-02   1.2486010e-03   3.7989200e+04   1.2000000e-02
  -5.0052393e-02  -1.9110897e-02   3.7989200e+04   1.2000000e-02
  -4.9874338e-02  -1.3385978e-02   3.7989200e+04   1.2000000e-02
  -4.9853834e-02  -9.1324970e-03   3.7989200e+04   1.2000000e-02
  -4.9689476e-02  -2.9277764e-02   3.7989200e+04   1.2000000e-02
  -4.9520278e-02   1.3711667e-02   3.7989200e+04   1.2000000e-02
  -4.9520524e-02  -1.4985688e-02   3.7989200e+04   1.2000000e-02
  -4.9344519e-02  -2.4343066e-02   3.7989200e+04   1.2000000e-02
  -4.9352311e-02  -4.7217538e-02   3.7986200e+04   1.2000000e-02
  -4.9180326e-02  -3.4991276e-02   3.7986200e+04   1.2000000e-02
  -4.9176718e-02   5.3980070e-03   3.7989200e+04   1.2000000e-02
  -4.8989723e-02  -8.2428750e-03   3.7989200e+04   1.2000000e-02
  -4.8835780e-02  -6.1035800e-04   3.7989200e+04   1.2000000e-02
  -4.8833648e-02  -1.3319956e-02   3.7989200e+04   1.2000000e-02
  -4.8669207e-02  -9.0581920e-03   3.7989200e+04   1.2000000e-02
  -4.8663876e-02   3.9178700e-04   3.7989200e+04   1.2000000e-02
  -4.8492710e-02   1.0789120e-03   3.7989200e+04   1.2000000e-02
  -4.8488691e-02   2.0896383e-02   3.7989200e+04   1.2000000e-02
  -4.8323430e-02   1.5848333e-02   3.7986200e+04   1.2000000e-02
  -4.8145787e-02   2.6043018e-02   3.7986200e+04   1.2000000e-02
  -4.8153907e-02   2.7946598e-02   3.7989200e+04   1.2000000e-02
  -4.7982331e-02   7.3077360e-03   3.7992200e+04   1.2000000e-02
  -4.7966666e-02   1.3103029e-02   3.7992200e+04   1.2000000e-02
  -4.7782459e-02  -5.7693740e-03   3.7995200e+04   1.2000000e-02
  -4.7778933e-02  -1.1636016e-02   3.7992200e+04   1.2000000e-02
  -4.7605388e-02  -1.4552894e-02   3.7989200e+04   1.2000000e-02
  -4.7604568e-02  -1.1302952e-02   3.7989200e+04   1.2000000e-02
  -4.7433074e-02   7.8309120e-03   3.7989200e+04   1.2000000e-02
  -4.7268961e-02  -1.3502686e-02   3.7992200e+04   1.2000000e-02
  -4.7261580e-02  -1.1347814e-02   3.7992200e+04   1.2000000e-02
  -4.7092384e-02  -5.7097490e-03   3.7989200e+04   1.2000000e-02
  -4.7089842e-02  -1.6316717e-02   3.7989200e+04   1.2000000e-02
  -4.6907686e-02  -8.4234750e-03   3.7986200e+04   1.2000000e-02
  -4.6917528e-02   5.5479310e-03   3.7986200e+04   1.2000000e-02
  -4.6746116e-02  -1.0265702e-02   3.7983200e+04   1.2000000e-02
  -4.6571669e-02  -1.2494553e-02   3.7983200e+04   1.2000000e-02
  -4.6570521e-02  -8.8004170e-03   3.7983200e+04   1.2000000e-02
  -4.6381475e-02  -1.2179300e-03   3.7983200e+04   1.2000000e-02
  -4.6394516e-02   2.6636960e-03   3.7983200e+04   1.2000000e-02
  -4.6226548e-02  -2.3716410e-03   3.7983200e+04   1.2000000e-02
  -4.6218265e-02  -2.0479735e-02   3.7983200e+04   1.2000000e-02
  -4.6046606e-02  -3.1265405e-02   3.7980300e+04   1.2000000e-02
  -4.5869125e-02  -3.7884120e-02   3.7980300e+04   1.2000000e-02
  -4.5861333e-02   9.1309390e-03   3.7983200e+04   1.2000000e-02
  -4.5698369e-02  -5.9611260e-03   3.7980300e+04   1.2000000e-02
  -4.5692054e-02  -2.4718778e-02   3.7980300e+04   1.2000000e-02
  -4.5521134e-02  -1.9880039e-02   3.7980300e+04   1.2000000e-02
  -4.5515967e-02   1.4627040e-02   3.7983200e+04   1.2000000e-02
  -4.5343242e-02   4.4413800e-03   3.7983200e+04   1.2000000e-02
  -4.5164859e-02  -4.4275210e-03   3.7983200e+04   1.2000000e-02
  -4.5169862e-02   1.8454701e-02   3.7983200e+04   1.2000000e-02
  -4.5002471e-02   2.5555109e-02   3.7983200e+04   1.2000000e-02
  -4.4991891e-02   8.1719320e-03   3.7980300e+04   1.2000000e-02
  -4.4829172e-02   7.2714860e-03   3.7980300e+04   1.2000000e-02
  -4.4833601e-02   1.9224580e-02   3.7980300e+04   1.2000000e-02
  -4.4657678e-02   4.0534450e-03   3.7980300e+04   1.2000000e-02
  -4.4480279e-02   1.9195137e-02   3.7980300e+04   1.2000000e-02
  -4.4496108e-02  -9.5580740e-03   3.7980300e+04   1.2000000e-02
  -4.4319611e-02   4.5286440e-03   3.7980300e+04   1.2000000e-02
  -4.4319775e-02  -2.1053677e-02   3.7980300e+04   1.2000000e-02
  -4.4139013e-02  -3.8000200e-03   3.7977300e+04   1.2000000e-02
  -4.4152054e-02  -8.4959760e-03   3.7977300e+04   1.2000000e-02
  -4.3980806e-02  -1.6788796e-02   3.7980300e+04   1.2000000e-02
  -4.3795944e-02   7.0782580e-03   3.7980300e+04   1.2000000e-02
  -4.3784790e-02   2.6696025e-02   3.7977300e+04   1.2000000e-02
  -4.3609113e-02  -2.0176610e-03   3.7977300e+04   1.2000000e-02
  -4.3611984e-02  -9.6863460e-03   3.7977300e+04   1.2000000e-02
  -4.3436225e-02   2.9270470e-03   3.7974300e+04   1.2000000e-02
  -4.3432698e-02  -9.4881150e-03   3.7974300e+04   1.2000000e-02
  -4.3277607e-02  -7.0012450e-03   3.7977300e+04   1.2000000e-02
  -4.3102177e-02  -1.5457440e-02   3.7977300e+04   1.2000000e-02
  -4.3100126e-02   4.0856078e-02   3.7980300e+04   1.2000000e-02
  -4.2930109e-02   4.6628986e-02   3.7983200e+04   1.2000000e-02
  -4.2924287e-02   2.2985154e-02   3.7983200e+04   1.2000000e-02
  -4.2760995e-02   2.5323252e-02   3.7983200e+04   1.2000000e-02
  -4.2751235e-02   1.7995333e-02   3.7983200e+04   1.2000000e-02
  -4.2588845e-02   8.2260620e-03   3.7980300e+04   1.2000000e-02
  -4.2393812e-02  -7.7849840e-03   3.7980300e+04   1.2000000e-02
  -4.2402998e-02   3.0086218e-02   3.7980300e+04   1.2000000e-02
  -4.2210098e-02   1.5598841e-02   3.7980300e+04   1.2000000e-02
  -4.2207966e-02   1.8116552e-02   3.7977300e+04   1.2000000e-02
  -4.2044345e-02  -3.4446000e-05   3.7974300e+04   1.2000000e-02
  -4.2044755e-02  -4.1367770e-03   3.7974300e+04   1.2000000e-02
  -4.1879576e-02   5.4041580e-03   3.7977300e+04   1.2000000e-02
  -4.1689300e-02  -5.8063630e-03   3.7980300e+04   1.2000000e-02
  -4.1683805e-02   2.1412753e-02   3.7983200e+04   1.2000000e-02
  -4.1518708e-02   1.9632442e-02   3.7983200e+04   1.2000000e-02
  -4.1521168e-02   4.9104376e-02   3.7983200e+04   1.2000000e-02
  -4.1348772e-02   9.4322630e-03   3.7983200e+04   1.2000000e-02
  -4.1361156e-02   1.1704410e-03   3.7980300e+04   1.2000000e-02
  -4.1173423e-02   7.0850650e-03   3.7980300e+04   1.2000000e-02
  -4.1008326e-02   7.6111110e-03   3.7980300e+04   1.2000000e-02
  -4.1008244e-02   1.1195186e-02   3.7980300e+04   1.2000000e-02
  -4.0847986e-02  -3.7121000e-03   3.7980300e+04   1.2000000e-02
  -4.0834372e-02   6.9685210e-03   3.7983200e+04   1.2000000e-02
  -4.0673706e-02   8.2249960e-03   3.7983200e+04   1.2000000e-02
  -4.0663454e-02  -3.3328610e-03   3.7980300e+04   1.2000000e-02
  -4.0505164e-02   3.5292640e-02   3.7980300e+04   1.2000000e-02
  -4.0323582e-02   2.7549070e-02   3.7980300e+04   1.2000000e-02
  -4.0317431e-02   2.3966550e-02   3.7980300e+04   1.2000000e-02
  -4.0151842e-02   5.1506036e-02   3.7977300e+04   1.2000000e-02
  -4.0151186e-02   2.0659031e-02   3.7977300e+04   1.2000000e-02
  -3.9981743e-02   1.4017912e-02   3.7980300e+04   1.2000000e-02
  -3.9968128e-02  -7.1943800e-04   3.7980300e+04   1.2000000e-02
  -3.9796388e-02   7.8521540e-03   3.7980300e+04   1.2000000e-02
  -3.9615135e-02   2.3466093e-02   3.7980300e+04   1.2000000e-02
  -3.9616119e-02   1.8265984e-02   3.7983200e+04   1.2000000e-02
  -3.9438310e-02  -7.9138300e-03   3.7983200e+04   1.2000000e-02
  -3.9435276e-02   1.6220683e-02   3.7983200e+04   1.2000000e-02
  -3.9261567e-02   6.0166400e-04   3.7983200e+04   1.2000000e-02
  -3.9264356e-02   1.1252186e-02   3.7983200e+04   1.2000000e-02
  -3.9111151e-02   8.0555500e-04   3.7983200e+04   1.2000000e-02
  -3.8920711e-02  -2.0207280e-02   3.7983200e+04   1.2000000e-02
  -3.8930143e-02  -9.2979220e-03   3.7983200e+04   1.2000000e-02
  -3.8760207e-02  -1.8146398e-02   3.7983200e+04   1.2000000e-02
  -3.8772510e-02   5.1545850e-03   3.7983200e+04   1.2000000e-02
  -3.8581086e-02   1.7816292e-02   3.7983200e+04   1.2000000e-02
  -3.8578461e-02   1.0040320e-03   3.7983200e+04   1.2000000e-02
  -3.8408362e-02   1.4731857e-02   3.7983200e+04   1.2000000e-02
  -3.8407459e-02   1.3619726e-02   3.7983200e+04   1.2000000e-02
  -3.8232849e-02   1.8988622e-02   3.7983200e+04   1.2000000e-02
  -3.8057090e-02   2.2973836e-02   3.7983200e+04   1.2000000e-02
  -3.8057664e-02  -7.9415400e-04   3.7989200e+04   1.2000000e-02
  -3.7876574e-02  -3.0353090e-03   3.7989200e+04   1.2000000e-02
  -3.7872802e-02  -1.6821684e-02   3.7989200e+04   1.2000000e-02
  -3.7705572e-02   3.0735260e-03   3.7989200e+04   1.2000000e-02
  -3.7708033e-02   2.0379031e-02   3.7986200e+04   1.2000000e-02
  -3.7523253e-02   3.8741600e-03   3.7989200e+04   1.2000000e-02
  -3.7340441e-02   1.0336811e-02   3.7989200e+04   1.2000000e-02
  -3.7340441e-02   3.3410960e-02   3.7992200e+04   1.2000000e-02
  -3.7177641e-02   2.0612528e-02   3.7992200e+04   1.2000000e-02
  -3.7172474e-02   1.5732446e-02   3.7992200e+04   1.2000000e-02
  -3.7007787e-02   3.0166080e-03   3.7989200e+04   1.2000000e-02
  -3.7011232e-02   2.6442352e-02   3.7989200e+04   1.2000000e-02
  -3.6824975e-02   2.6833729e-02   3.7989200e+04   1.2000000e-02
  -3.6667341e-02   3.4261788e-02   3.7989200e+04   1.2000000e-02
  -3.6666111e-02  -1.7958501e-02   3.7989200e+04   1.2000000e-02
  -3.6492240e-02   1.3640560e-02   3.7989200e+04   1.2000000e-02
  -3.6497653e-02   4.5242186e-02   3.7992200e+04   1.2000000e-02
  -3.6339527e-02   2.2143431e-02   3.7989200e+04   1.2000000e-02
  -3.6325913e-02   3.6965101e-02   3.7989200e+04   1.2000000e-02
  -3.6144085e-02   6.8304532e-02   3.7989200e+04   1.2000000e-02
  -3.5964143e-02   3.0188983e-02   3.7989200e+04   1.2000000e-02
  -3.5968162e-02   7.9745210e-03   3.7989200e+04   1.2000000e-02
  -3.5801014e-02   1.6420964e-02   3.7986200e+04   1.2000000e-02
  -3.5789696e-02   2.5524517e-02   3.7983200e+04   1.2000000e-02
  -3.5622139e-02   4.4665698e-02   3.7986200e+04   1.2000000e-02
  -3.5622877e-02   2.3499227e-02   3.7989200e+04   1.2000000e-02
  -3.5446707e-02   2.9176173e-02   3.7992200e+04   1.2000000e-02
  -3.5277428e-02   2.9190771e-02   3.7992200e+04   1.2000000e-02
  -3.5275623e-02   5.6760390e-03   3.7992200e+04   1.2000000e-02
  -3.5099536e-02   2.6019726e-02   3.7989200e+04   1.2000000e-02
  -3.5108148e-02   3.2998095e-02   3.7986200e+04   1.2000000e-02
  -3.4923121e-02   4.1149613e-02   3.7980300e+04   1.2000000e-02
  -3.4932307e-02   4.5168454e-02   3.7980300e+04   1.2000000e-02
  -3.4752366e-02   4.9490260e-02   3.7977300e+04   1.2000000e-02
  -3.4581364e-02   1.2140412e-02   3.7977300e+04   1.2000000e-02
  -3.4584316e-02   3.0657127e-02   3.7977300e+04   1.2000000e-02
  -3.4416269e-02   3.4058390e-02   3.7977300e+04   1.2000000e-02
  -3.4410774e-02   5.8451354e-02   3.7977300e+04   1.2000000e-02
  -3.4236409e-02   3.9035419e-02   3.7980300e+04   1.2000000e-02
  -3.4236983e-02   3.0596846e-02   3.7980300e+04   1.2000000e-02
  -3.4056960e-02   3.6433067e-02   3.7983200e+04   1.2000000e-02
  -3.3875460e-02   1.2917101e-02   3.7983200e+04   1.2000000e-02
  -3.3880873e-02   2.1999573e-02   3.7983200e+04   1.2000000e-02
  -3.3709461e-02   3.1344334e-02   3.7983200e+04   1.2000000e-02
  -3.3713397e-02   2.3001147e-02   3.7983200e+04   1.2000000e-02
  -3.3551499e-02   3.3014908e-02   3.7983200e+04   1.2000000e-02
  -3.3544282e-02   4.0744209e-02   3.7983200e+04   1.2000000e-02
  -3.3367704e-02   2.1364364e-02   3.7980300e+04   1.2000000e-02
  -3.3188992e-02   2.2866642e-02   3.7980300e+04   1.2000000e-02
  -3.3190715e-02   3.5035440e-02   3.7977300e+04   1.2000000e-02
  -3.3016104e-02   3.3511511e-02   3.7980300e+04   1.2000000e-02
  -3.3012577e-02   5.7849607e-02   3.7980300e+04   1.2000000e-02
  -3.2828289e-02   6.1804474e-02   3.7983200e+04   1.2000000e-02
  -3.2833784e-02   2.3409912e-02   3.7986200e+04   1.2000000e-02
  -3.2658107e-02   2.8537027e-02   3.7989200e+04   1.2000000e-02
  -3.2480544e-02   2.8708685e-02   3.7992200e+04   1.2000000e-02
  -3.2486613e-02   5.1869364e-02   3.7992200e+04   1.2000000e-02
  -3.2308721e-02   6.0340335e-02   3.7995200e+04   1.2000000e-02
  -3.2306424e-02   2.8338714e-02   3.7995200e+04   1.2000000e-02
  -3.2141246e-02   1.5398231e-02   3.7998100e+04   1.2000000e-02
  -3.2146249e-02   4.6246466e-02   3.7998100e+04   1.2000000e-02
  -3.1967947e-02   7.0688556e-02   3.7998100e+04   1.2000000e-02
  -3.1786201e-02   6.1513976e-02   3.7998100e+04   1.2000000e-02
  -3.1790466e-02   6.3433466e-02   3.7995200e+04   1.2000000e-02
  -3.1609786e-02   3.8334430e-02   3.7992200e+04   1.2000000e-02
  -3.1602979e-02   3.8876555e-02   3.7992200e+04   1.2000000e-02
  -3.1446822e-02   4.5264166e-02   3.7992200e+04   1.2000000e-02
  -3.1439605e-02   4.1826977e-02   3.7992200e+04   1.2000000e-02
  -3.1260074e-02   2.1922068e-02   3.7989200e+04   1.2000000e-02
  -3.1076032e-02   3.5238100e-02   3.7989200e+04   1.2000000e-02
  -3.1081855e-02   4.4020646e-02   3.7989200e+04   1.2000000e-02
  -3.0912083e-02   3.9104148e-02   3.7989200e+04   1.2000000e-02
  -3.0906916e-02   2.6443500e-02   3.7992200e+04   1.2000000e-02
  -3.0734356e-02   5.6842990e-02   3.7992200e+04   1.2000000e-02
  -3.0742393e-02   4.0231285e-02   3.7992200e+04   1.2000000e-02
  -3.0569341e-02   6.2407862e-02   3.7992200e+04   1.2000000e-02
  -3.0385955e-02   3.5137303e-02   3.7992200e+04   1.2000000e-02
  -3.0394238e-02   4.9615252e-02   3.7989200e+04   1.2000000e-02
  -3.0205850e-02   6.4012988e-02   3.7989200e+04   1.2000000e-02
  -3.0211755e-02   5.5690878e-02   3.7989200e+04   1.2000000e-02
  -3.0043788e-02   3.4521858e-02   3.7989200e+04   1.2000000e-02
  -3.0045920e-02   3.5268036e-02   3.7992200e+04   1.2000000e-02
  -2.9867291e-02   5.7783667e-02   3.7992200e+04   1.2000000e-02
  -2.9695469e-02   2.9554594e-02   3.7992200e+04   1.2000000e-02
  -2.9700554e-02   4.4909447e-02   3.7992200e+04   1.2000000e-02
  -2.9526763e-02   5.7251714e-02   3.7992200e+04   1.2000000e-02
  -2.9526353e-02   8.7251087e-02   3.7992200e+04   1.2000000e-02
  -2.9348298e-02   4.6395816e-02   3.7992200e+04   1.2000000e-02
  -2.9346903e-02   4.5523090e-02   3.7989200e+04   1.2000000e-02
  -2.9177131e-02   5.5309341e-02   3.7992200e+04   1.2000000e-02
  -2.9181068e-02   5.3749569e-02   3.7995200e+04   1.2000000e-02
  -2.9002028e-02   5.7560009e-02   3.7995200e+04   1.2000000e-02
  -2.8829960e-02   5.8352607e-02   3.7995200e+04   1.2000000e-02
  -2.8834143e-02   3.1170871e-02   3.7995200e+04   1.2000000e-02
  -2.8667652e-02   4.1386473e-02   3.7995200e+04   1.2000000e-02
  -2.8668882e-02   5.9384854e-02   3.7992200e+04   1.2000000e-02
  -2.8472127e-02   6.6298596e-02   3.7992200e+04   1.2000000e-02
  -2.8479344e-02   5.7305352e-02   3.7989200e+04   1.2000000e-02
  -2.8308917e-02   3.0202925e-02   3.7989200e+04   1.2000000e-02
  -2.8136767e-02   3.5376296e-02   3.7989200e+04   1.2000000e-02
  -2.8130862e-02   3.7514850e-02   3.7989200e+04   1.2000000e-02
  -2.7952643e-02   6.3649986e-02   3.7992200e+04   1.2000000e-02
  -2.7960927e-02   4.8353608e-02   3.7992200e+04   1.2000000e-02
  -2.7778032e-02   2.5415027e-02   3.7992200e+04   1.2000000e-02
  -2.7783691e-02   2.7380446e-02   3.7992200e+04   1.2000000e-02
  -2.7606702e-02   5.0399237e-02   3.7989200e+04   1.2000000e-02
  -2.7434634e-02   1.8394092e-02   3.7989200e+04   1.2000000e-02
  -2.7439637e-02   8.7728252e-02   3.7992200e+04   1.2000000e-02
  -2.7262648e-02   5.3961907e-02   3.7992200e+04   1.2000000e-02
  -2.7259039e-02   5.9624749e-02   3.7989200e+04   1.2000000e-02
  -2.7087134e-02   5.7278451e-02   3.7989200e+04   1.2000000e-02
  -2.7096484e-02   7.5808044e-02   3.7989200e+04   1.2000000e-02
  -2.6913262e-02   5.1519979e-02   3.7986200e+04   1.2000000e-02
  -2.6739717e-02   5.9685686e-02   3.7989200e+04   1.2000000e-02
  -2.6745868e-02   3.3116197e-02   3.7992200e+04   1.2000000e-02
  -2.6578393e-02   3.8369614e-02   3.7995200e+04   1.2000000e-02
  -2.6579377e-02   1.6712775e-02   3.7998100e+04   1.2000000e-02
  -2.6407473e-02   2.7707359e-02   3.7998100e+04   1.2000000e-02
  -2.6402634e-02   1.0589791e-01   3.7995200e+04   1.2000000e-02
  -2.6229418e-02   9.4807418e-02   3.7995200e+04   1.2000000e-02
  -2.6061534e-02   6.0403732e-02   3.7995200e+04   1.2000000e-02
  -2.6065224e-02   7.6249696e-02   3.7995200e+04   1.2000000e-02
  -2.5887169e-02   3.4323463e-02   3.7992200e+04   1.2000000e-02
  -2.5892746e-02   7.1101667e-02   3.7989200e+04   1.2000000e-02
  -2.5702799e-02   5.7906444e-02   3.7989200e+04   1.2000000e-02
  -2.5707555e-02   5.9770984e-02   3.7989200e+04   1.2000000e-02
  -2.5534503e-02   7.3671705e-02   3.7989200e+04   1.2000000e-02
  -2.5354069e-02   5.1302226e-02   3.7989200e+04   1.2000000e-02
  -2.5348328e-02   7.6552660e-02   3.7989200e+04   1.2000000e-02
  -2.5171667e-02   5.8607511e-02   3.7989200e+04   1.2000000e-02
  -2.5178721e-02   5.5980720e-02   3.7992200e+04   1.2000000e-02
  -2.4999434e-02   4.9063697e-02   3.7992200e+04   1.2000000e-02
  -2.5006569e-02   6.4161682e-02   3.7992200e+04   1.2000000e-02
  -2.4834419e-02   3.3614113e-02   3.7992200e+04   1.2000000e-02
  -2.4660793e-02   6.6394554e-02   3.7992200e+04   1.2000000e-02
  -2.4642667e-02   9.2460870e-02   3.7992200e+04   1.2000000e-02
  -2.4460922e-02   6.8978452e-02   3.7992200e+04   1.2000000e-02
  -2.4471255e-02   6.6194436e-02   3.7989200e+04   1.2000000e-02
  -2.4294594e-02   1.7058142e-02   3.7989200e+04   1.2000000e-02
  -2.4288689e-02   4.2007004e-02   3.7989200e+04   1.2000000e-02
  -2.4106041e-02   4.7334155e-02   3.7989200e+04   1.2000000e-02
  -2.3938157e-02   5.8136661e-02   3.7989200e+04   1.2000000e-02
  -2.3940125e-02   4.5337241e-02   3.7992200e+04   1.2000000e-02
  -2.3761332e-02   6.1010894e-02   3.7992200e+04   1.2000000e-02
  -2.3773798e-02   5.2711581e-02   3.7992200e+04   1.2000000e-02
  -2.3586721e-02   8.0697520e-02   3.7992200e+04   1.2000000e-02
  -2.3596891e-02   9.1135666e-02   3.7992200e+04   1.2000000e-02
  -2.3412275e-02   8.2994979e-02   3.7995200e+04   1.2000000e-02
  -2.3238976e-02   1.2309865e-01   3.7992200e+04   1.2000000e-02
  -2.3254067e-02   7.5472272e-02   3.7992200e+04   1.2000000e-02
  -2.3084541e-02   3.8732450e-02   3.7992200e+04   1.2000000e-02
  -2.3093809e-02   5.8283468e-02   3.7989200e+04   1.2000000e-02
  -2.2915673e-02   7.3004098e-02   3.7989200e+04   1.2000000e-02
  -2.2917067e-02   6.6264888e-02   3.7989200e+04   1.2000000e-02
  -2.2738520e-02   5.1946130e-02   3.7992200e+04   1.2000000e-02
  -2.2573177e-02   3.5045856e-02   3.7992200e+04   1.2000000e-02
  -2.2572849e-02   3.5251141e-02   3.7992200e+04   1.2000000e-02
  -2.2396352e-02   3.9659227e-02   3.7992200e+04   1.2000000e-02
  -2.2406276e-02   1.1004605e-01   3.7992200e+04   1.2000000e-02
  -2.2220757e-02   5.8898831e-02   3.7992200e+04   1.2000000e-02
  -2.2240769e-02   3.0088186e-02   3.7992200e+04   1.2000000e-02
  -2.2059023e-02   3.6151836e-02   3.7992200e+04   1.2000000e-02
  -2.1893514e-02   5.0740585e-02   3.7989200e+04   1.2000000e-02
  -2.1884000e-02   4.6700175e-02   3.7989200e+04   1.2000000e-02
  -2.1706765e-02   7.0650583e-02   3.7989200e+04   1.2000000e-02
  -2.1706847e-02   5.8589714e-02   3.7986200e+04   1.2000000e-02
  -2.1538962e-02   5.5837849e-02   3.7986200e+04   1.2000000e-02
  -2.1539454e-02   6.8732160e-02   3.7983200e+04   1.2000000e-02
  -2.1366565e-02   8.3209690e-02   3.7983200e+04   1.2000000e-02
  -2.1181375e-02   8.9164672e-02   3.7980300e+04   1.2000000e-02
  -2.1187198e-02   9.6825817e-02   3.7980300e+04   1.2000000e-02
  -2.1025710e-02   5.5077319e-02   3.7980300e+04   1.2000000e-02
  -2.1017836e-02   5.5704410e-02   3.7980300e+04   1.2000000e-02
  -2.0841504e-02   8.9661439e-02   3.7980300e+04   1.2000000e-02
  -2.0833467e-02   6.2967783e-02   3.7980300e+04   1.2000000e-02
  -2.0660578e-02   5.0154338e-02   3.7983200e+04   1.2000000e-02
  -2.0476864e-02   8.6282486e-02   3.7983200e+04   1.2000000e-02
  -2.0500074e-02   5.5078960e-02   3.7989200e+04   1.2000000e-02
  -2.0324234e-02   4.2774503e-02   3.7989200e+04   1.2000000e-02
  -2.0321773e-02   1.1269263e-01   3.7989200e+04   1.2000000e-02
  -2.0145276e-02   6.2416966e-02   3.7989200e+04   1.2000000e-02
  -2.0147901e-02   6.8297806e-02   3.7989200e+04   1.2000000e-02
  -1.9971404e-02   7.2281132e-02   3.7986200e+04   1.2000000e-02
  -1.9976161e-02   5.2339804e-02   3.7983200e+04   1.2000000e-02
  -1.9792198e-02   6.1231515e-02   3.7983200e+04   1.2000000e-02
  -1.9635959e-02   5.4111175e-02   3.7983200e+04   1.2000000e-02
  -1.9638830e-02   5.3818380e-02   3.7989200e+04   1.2000000e-02
  -1.9455033e-02   5.1715503e-02   3.7989200e+04   1.2000000e-02
  -1.9463399e-02   3.7327117e-02   3.7989200e+04   1.2000000e-02
  -1.9297974e-02   3.7979221e-02   3.7989200e+04   1.2000000e-02
  -1.9289444e-02   9.4078000e-02   3.7986200e+04   1.2000000e-02
  -1.9107616e-02   7.2626663e-02   3.7986200e+04   1.2000000e-02
  -1.8940141e-02   4.4951849e-02   3.7989200e+04   1.2000000e-02
  -1.8927183e-02   5.4595397e-02   3.7989200e+04   1.2000000e-02
  -1.8757986e-02   5.7348984e-02   3.7992200e+04   1.2000000e-02
  -1.8743387e-02   6.1475540e-02   3.7992200e+04   1.2000000e-02
  -1.8585836e-02   7.2403992e-02   3.7995200e+04   1.2000000e-02
  -1.8581653e-02   8.3228394e-02   3.7998100e+04   1.2000000e-02
  -1.8406796e-02   7.3215533e-02   3.7998100e+04   1.2000000e-02
  -1.8234072e-02   1.1779401e-01   3.7998100e+04   1.2000000e-02
  -1.8235056e-02   6.7204949e-02   3.7998100e+04   1.2000000e-02
  -1.8056837e-02   6.3880613e-02   3.7995200e+04   1.2000000e-02
  -1.8064546e-02   5.1334622e-02   3.7989200e+04   1.2000000e-02
  -1.7880176e-02   7.6272340e-02   3.7986200e+04   1.2000000e-02
  -1.7875993e-02   7.8311238e-02   3.7986200e+04   1.2000000e-02
  -1.7698264e-02   4.9941016e-02   3.7986200e+04   1.2000000e-02
  -1.7525704e-02   6.9031844e-02   3.7986200e+04   1.2000000e-02
  -1.7519635e-02   5.7606840e-02   3.7983200e+04   1.2000000e-02
  -1.7345024e-02   1.1277214e-01   3.7983200e+04   1.2000000e-02
  -1.7345762e-02   7.7156296e-02   3.7986200e+04   1.2000000e-02
  -1.7184274e-02   5.6954326e-02   3.7989200e+04   1.2000000e-02
  -1.7171562e-02   7.4059340e-02   3.7989200e+04   1.2000000e-02
  -1.7023606e-02   1.1817268e-01   3.7989200e+04   1.2000000e-02
  -1.6841204e-02   6.7329367e-02   3.7989200e+04   1.2000000e-02
  -1.6838661e-02   7.2823828e-02   3.7989200e+04   1.2000000e-02
  -1.6667332e-02   5.0915688e-02   3.7989200e+04   1.2000000e-02
  -1.6670859e-02   8.9828751e-02   3.7989200e+04   1.2000000e-02
  -1.6498135e-02   4.9663395e-02   3.7992200e+04   1.2000000e-02
  -1.6506910e-02   9.0033120e-02   3.7992200e+04   1.2000000e-02
  -1.6323770e-02   4.2305294e-02   3.7992200e+04   1.2000000e-02
  -1.6146781e-02   6.8439960e-02   3.7989200e+04   1.2000000e-02
  -1.6150636e-02   4.9292029e-02   3.7989200e+04   1.2000000e-02
  -1.5977501e-02   5.9485077e-02   3.7986200e+04   1.2000000e-02
  -1.5975123e-02   8.4817032e-02   3.7983200e+04   1.2000000e-02
  -1.5790835e-02   8.1793699e-02   3.7983200e+04   1.2000000e-02
  -1.5796166e-02   7.9880278e-02   3.7983200e+04   1.2000000e-02
  -1.5618026e-02   9.1739054e-02   3.7986200e+04   1.2000000e-02
  -1.5448172e-02   8.0579294e-02   3.7989200e+04   1.2000000e-02
  -1.5452355e-02   9.0628975e-02   3.7989200e+04   1.2000000e-02
  -1.5279057e-02   9.3512450e-02   3.7986200e+04   1.2000000e-02
  -1.5274218e-02   8.7458176e-02   3.7986200e+04   1.2000000e-02
  -1.5103626e-02   3.9560891e-02   3.7986200e+04   1.2000000e-02
  -1.5103954e-02   3.4070692e-02   3.7989200e+04   1.2000000e-02
  -1.4925407e-02   5.9505827e-02   3.7989200e+04   1.2000000e-02
  -1.4755143e-02   1.1200169e-01   3.7989200e+04   1.2000000e-02
  -1.4758096e-02   8.9431468e-02   3.7992200e+04   1.2000000e-02
  -1.4581190e-02   6.4220651e-02   3.7992200e+04   1.2000000e-02
  -1.4582502e-02   6.5583665e-02   3.7992200e+04   1.2000000e-02
  -1.4400182e-02   5.3024962e-02   3.7992200e+04   1.2000000e-02
  -1.4401412e-02   8.6040295e-02   3.7992200e+04   1.2000000e-02
  -1.4228770e-02   7.3946948e-02   3.7989200e+04   1.2000000e-02
  -1.4071054e-02   7.9441247e-02   3.7989200e+04   1.2000000e-02
  -1.4065231e-02   4.7648110e-02   3.7989200e+04   1.2000000e-02
  -1.3886602e-02   8.9923478e-02   3.7992200e+04   1.2000000e-02
  -1.3892097e-02   5.4717108e-02   3.7992200e+04   1.2000000e-02
  -1.3712975e-02   5.9354180e-02   3.7992200e+04   1.2000000e-02
  -1.3705676e-02   6.4414863e-02   3.7992200e+04   1.2000000e-02
  -1.3534098e-02   7.3486514e-02   3.7989200e+04   1.2000000e-02
  -1.3361046e-02   5.5104466e-02   3.7989200e+04   1.2000000e-02
  -1.3362850e-02   7.3283196e-02   3.7989200e+04   1.2000000e-02
  -1.3189305e-02   9.6449190e-02   3.7989200e+04   1.2000000e-02
  -1.3191028e-02   1.0018589e-01   3.7992200e+04   1.2000000e-02
  -1.3018303e-02   6.5860877e-02   3.7992200e+04   1.2000000e-02
  -1.3020600e-02   7.3571892e-02   3.7989200e+04   1.2000000e-02
  -1.2842381e-02   7.1573996e-02   3.7989200e+04   1.2000000e-02
  -1.2673183e-02   7.6609746e-02   3.7989200e+04   1.2000000e-02
  -1.2667606e-02   3.0336036e-02   3.7986200e+04   1.2000000e-02
  -1.2498079e-02   7.4779571e-02   3.7983200e+04   1.2000000e-02
  -1.2498981e-02   7.8554578e-02   3.7983200e+04   1.2000000e-02
  -1.2333146e-02   8.2824960e-02   3.7983200e+04   1.2000000e-02
  -1.2335361e-02   6.9883081e-02   3.7983200e+04   1.2000000e-02
  -1.2153779e-02   6.5071562e-02   3.7983200e+04   1.2000000e-02
  -1.1991143e-02   4.4297859e-02   3.7983200e+04   1.2000000e-02
  -1.1982531e-02   8.5707120e-02   3.7983200e+04   1.2000000e-02
  -1.1803984e-02   9.0188030e-02   3.7983200e+04   1.2000000e-02
  -1.1799145e-02   7.2904039e-02   3.7980300e+04   1.2000000e-02
  -1.1625682e-02   6.7339126e-02   3.7980300e+04   1.2000000e-02
  -1.1618137e-02   8.2184256e-02   3.7983200e+04   1.2000000e-02
  -1.1456649e-02   6.7763310e-02   3.7983200e+04   1.2000000e-02
  -1.1293192e-02   8.6017760e-02   3.7986200e+04   1.2000000e-02
  -1.1282612e-02   6.5508129e-02   3.7986200e+04   1.2000000e-02
  -1.1088810e-02   5.6848280e-02   3.7986200e+04   1.2000000e-02
  -1.1096929e-02   2.6805844e-02   3.7986200e+04   1.2000000e-02
  -1.0912723e-02   4.8014308e-02   3.7986200e+04   1.2000000e-02
  -1.0931833e-02   9.2888710e-02   3.7983200e+04   1.2000000e-02
  -1.0768622e-02   1.3382272e-01   3.7983200e+04   1.2000000e-02
  -1.0762389e-02   5.8252877e-02   3.7983200e+04   1.2000000e-02
  -1.0594011e-02   3.2669541e-02   3.7980300e+04   1.2000000e-02
  -1.0409311e-02   9.3047720e-02   3.7980300e+04   1.2000000e-02
  -1.0407671e-02   8.7047197e-02   3.7983200e+04   1.2000000e-02
  -1.0248479e-02   7.8062410e-02   3.7986200e+04   1.2000000e-02
  -1.0242000e-02   9.4423070e-02   3.7986200e+04   1.2000000e-02
  -1.0060910e-02   7.1284080e-02   3.7983200e+04   1.2000000e-02
  -1.0067635e-02   7.7515195e-02   3.7983200e+04   1.2000000e-02
  -9.8868730e-03   8.7184901e-02   3.7983200e+04   1.2000000e-02
  -9.7149690e-03   1.0092626e-01   3.7986200e+04   1.2000000e-02
  -9.7085720e-03   9.0375730e-02   3.7989200e+04   1.2000000e-02
  -9.5424910e-03   8.9520040e-02   3.7992200e+04   1.2000000e-02
  -9.5565160e-03   7.4681644e-02   3.7992200e+04   1.2000000e-02
  -9.3801010e-03   9.9578540e-02   3.7992200e+04   1.2000000e-02
  -9.3770660e-03   8.8320570e-02   3.7992200e+04   1.2000000e-02
  -9.1938450e-03   7.9404668e-02   3.7989200e+04   1.2000000e-02
  -9.0203820e-03   5.8547968e-02   3.7989200e+04   1.2000000e-02
  -9.0162000e-03   4.0591907e-02   3.7986200e+04   1.2000000e-02
  -8.8465100e-03   7.9167808e-02   3.7983200e+04   1.2000000e-02
  -8.8416710e-03   6.8948106e-02   3.7983200e+04   1.2000000e-02
  -8.6813310e-03   8.1355690e-02   3.7986200e+04   1.2000000e-02
  -8.6807570e-03   5.1232185e-02   3.7986200e+04   1.2000000e-02
  -8.5038500e-03   7.5321570e-02   3.7986200e+04   1.2000000e-02
  -8.3214460e-03   1.1767352e-01   3.7986200e+04   1.2000000e-02
  -8.3161150e-03   8.8411689e-02   3.7989200e+04   1.2000000e-02
  -8.1526580e-03   6.5146688e-02   3.7989200e+04   1.2000000e-02
  -8.1558570e-03   9.2300040e-02   3.7989200e+04   1.2000000e-02
  -7.9812460e-03   9.2106401e-02   3.7989200e+04   1.2000000e-02
  -7.9869050e-03   1.7280436e-01   3.7989200e+04   1.2000000e-02
  -7.8194300e-03   9.6858213e-02   3.7986200e+04   1.2000000e-02
  -7.6394060e-03   9.9063810e-02   3.7983200e+04   1.2000000e-02
  -7.6344030e-03   9.6599127e-02   3.7983200e+04   1.2000000e-02
  -7.4579890e-03   1.0028761e-01   3.7983200e+04   1.2000000e-02
  -7.4606950e-03   7.7409067e-02   3.7980300e+04   1.2000000e-02
  -7.2918250e-03   9.4964850e-02   3.7980300e+04   1.2000000e-02
  -7.2918250e-03   1.0995999e-01   3.7980300e+04   1.2000000e-02
  -7.1179530e-03   8.5838260e-02   3.7983200e+04   1.2000000e-02
  -6.9534300e-03   1.2706323e-01   3.7983200e+04   1.2000000e-02
  -6.9485090e-03   1.3771106e-01   3.7983200e+04   1.2000000e-02
  -6.7836590e-03   1.3044994e-01   3.7986200e+04   1.2000000e-02
  -6.7817720e-03   1.3567508e-01   3.7989200e+04   1.2000000e-02
  -6.5877240e-03   1.0321770e-01   3.7989200e+04   1.2000000e-02
  -6.5978940e-03   1.1466220e-01   3.7989200e+04   1.2000000e-02
  -6.4174600e-03   8.4726020e-02   3.7992200e+04   1.2000000e-02
  -6.2342380e-03   7.9146812e-02   3.7989200e+04   1.2000000e-02
  -6.2351400e-03   1.2998439e-01   3.7989200e+04   1.2000000e-02
  -6.0559360e-03   1.0329146e-01   3.7989200e+04   1.2000000e-02
  -6.0488000e-03   9.4755994e-02   3.7989200e+04   1.2000000e-02
  -5.8791110e-03   1.3091549e-01   3.7986200e+04   1.2000000e-02
  -5.8919050e-03   1.1059766e-01   3.7983200e+04   1.2000000e-02
  -5.7066320e-03   1.0145795e-01   3.7983200e+04   1.2000000e-02
  -5.5383370e-03   1.0560776e-01   3.7983200e+04   1.2000000e-02
  -5.5376810e-03   9.1488790e-02   3.7986200e+04   1.2000000e-02
  -5.3706980e-03   9.5724640e-02   3.7986200e+04   1.2000000e-02
  -5.3622500e-03   8.6998152e-02   3.7986200e+04   1.2000000e-02
  -5.1945290e-03   1.1892510e-01   3.7983200e+04   1.2000000e-02
  -5.1974810e-03   1.1081076e-01   3.7983200e+04   1.2000000e-02
  -5.0289400e-03   1.0927560e-01   3.7983200e+04   1.2000000e-02
  -4.8431750e-03   1.3985029e-01   3.7983200e+04   1.2000000e-02
  -4.8407970e-03   1.0474875e-01   3.7986200e+04   1.2000000e-02
  -4.6670060e-03   1.0727160e-01   3.7989200e+04   1.2000000e-02
  -4.6759460e-03   8.8575820e-02   3.7989200e+04   1.2000000e-02
  -4.5028930e-03   8.3451968e-02   3.7989200e+04   1.2000000e-02
  -4.4963320e-03   1.0027670e-01   3.7992200e+04   1.2000000e-02
  -4.3324660e-03   1.1128779e-01   3.7992200e+04   1.2000000e-02
  -4.1485870e-03   1.0481679e-01   3.7992200e+04   1.2000000e-02
  -4.1590850e-03   1.1483924e-01   3.7992200e+04   1.2000000e-02
  -3.9719240e-03   1.1809727e-01   3.7992200e+04   1.2000000e-02
  -3.9690540e-03   1.2708290e-01   3.7989200e+04   1.2000000e-02
  -3.8100260e-03   1.1201890e-01   3.7983200e+04   1.2000000e-02
  -3.8140450e-03   1.2308964e-01   3.7983200e+04   1.2000000e-02
  -3.6485380e-03   9.4426539e-02   3.7983200e+04   1.2000000e-02
  -3.4649050e-03   1.1242298e-01   3.7983200e+04   1.2000000e-02
  -3.4667920e-03   1.1824890e-01   3.7983200e+04   1.2000000e-02
  -3.2889830e-03   1.1764648e-01   3.7983200e+04   1.2000000e-02
  -3.2937390e-03   1.3154824e-01   3.7983200e+04   1.2000000e-02
  -3.1206050e-03   8.5893158e-02   3.7983200e+04   1.2000000e-02
  -3.1134700e-03   1.2291014e-01   3.7983200e+04   1.2000000e-02
  -2.9530480e-03   1.4633602e-01   3.7983200e+04   1.2000000e-02
  -2.7815540e-03   1.3627669e-01   3.7983200e+04   1.2000000e-02
  -2.7808160e-03   8.3351417e-02   3.7980300e+04   1.2000000e-02
  -2.6026780e-03   1.0705276e-01   3.7980300e+04   1.2000000e-02
  -2.5975110e-03   1.0366033e-01   3.7980300e+04   1.2000000e-02
  -2.4238030e-03   1.6680630e-01   3.7980300e+04   1.2000000e-02
  -2.4266730e-03   1.2284129e-01   3.7980300e+04   1.2000000e-02
  -2.2555070e-03   1.1360962e-01   3.7983200e+04   1.2000000e-02
  -2.0548980e-03   1.0461983e-01   3.7983200e+04   1.2000000e-02
  -2.0614590e-03   5.4177525e-02   3.7983200e+04   1.2000000e-02
  -1.8806130e-03   6.8342095e-02   3.7983200e+04   1.2000000e-02
  -1.8967700e-03   6.8057200e-02   3.7983200e+04   1.2000000e-02
  -1.7198630e-03   9.1366459e-02   3.7983200e+04   1.2000000e-02
  -1.7144500e-03   7.6230997e-02   3.7983200e+04   1.2000000e-02
  -1.5434480e-03   7.3371034e-02   3.7980300e+04   1.2000000e-02
  -1.5318020e-03   9.9105610e-02   3.7980300e+04   1.2000000e-02
  -1.3612100e-03   1.1100748e-01   3.7980300e+04   1.2000000e-02
  -1.1766760e-03   1.2677390e-01   3.7983200e+04   1.2000000e-02
  -1.1742150e-03   9.9099060e-02   3.7983200e+04   1.2000000e-02
  -1.0085440e-03   1.0689222e-01   3.7983200e+04   1.2000000e-02
  -1.0082160e-03   1.2807629e-01   3.7986200e+04   1.2000000e-02
  -8.3376800e-04   9.4267343e-02   3.7983200e+04   1.2000000e-02
  -8.4139500e-04   1.1354039e-01   3.7983200e+04   1.2000000e-02
  -6.5710700e-04   1.3104745e-01   3.7980300e+04   1.2000000e-02
  -4.6797900e-04   1.3059501e-01   3.7983200e+04   1.2000000e-02
  -4.8963100e-04   7.3954430e-02   3.7983200e+04   1.2000000e-02
  -3.2888100e-04   1.3267114e-01   3.7983200e+04   1.2000000e-02
  -3.2248400e-04   1.4147070e-01   3.7983200e+04   1.2000000e-02
  -1.5295900e-04   1.3192527e-01   3.7983200e+04   1.2000000e-02
  -1.6353900e-04   1.1633589e-01   3.7983200e+04   1.2000000e-02
   2.5343000e-05   1.2392812e-01   3.7980300e+04   1.2000000e-02
   1.9593500e-04   1.1591378e-01   3.7980300e+04   1.2000000e-02
   1.9347400e-04   1.2994997e-01   3.7980300e+04   1.2000000e-02
   3.8686600e-04   1.4995060e-01   3.7977300e+04   1.2000000e-02
   3.8727600e-04   1.7081020e-01   3.7977300e+04   1.2000000e-02
   5.4097300e-04   1.3333586e-01   3.7977300e+04   1.2000000e-02
   5.4089100e-04   1.5508230e-01   3.7977300e+04   1.2000000e-02
   7.0672600e-04   1.5453970e-01   3.7980300e+04   1.2000000e-02
   8.7887600e-04   1.3442350e-01   3.7980300e+04   1.2000000e-02
   8.7198700e-04   1.1988325e-01   3.7977300e+04   1.2000000e-02
   1.0480740e-03   1.3688077e-01   3.7974300e+04   1.2000000e-02
   1.0509440e-03   1.1580067e-01   3.7974300e+04   1.2000000e-02
   1.2269490e-03   1.5453233e-01   3.7974300e+04   1.2000000e-02
   1.2233410e-03   1.2925656e-01   3.7977300e+04   1.2000000e-02
   1.4064810e-03   1.6743742e-01   3.7977300e+04   1.2000000e-02
   1.5844540e-03   1.5872885e-01   3.7980300e+04   1.2000000e-02
   1.5767450e-03   1.3093024e-01   3.7980300e+04   1.2000000e-02
   1.7641500e-03   1.7659597e-01   3.7977300e+04   1.2000000e-02
   1.7663640e-03   1.6982009e-01   3.7977300e+04   1.2000000e-02
   1.9427790e-03   1.8385954e-01   3.7980300e+04   1.2000000e-02
   1.9348240e-03   2.1148521e-01   3.7980300e+04   1.2000000e-02
   2.1075500e-03   2.2737704e-01   3.7983200e+04   1.2000000e-02
   2.2842930e-03   2.1193847e-01   3.7986200e+04   1.2000000e-02
   2.2807660e-03   2.1622677e-01   3.7983200e+04   1.2000000e-02
   2.4585750e-03   2.9552199e-01   3.7983200e+04   1.2000000e-02
   2.4657930e-03   2.6684554e-01   3.7986200e+04   1.2000000e-02
   2.6337600e-03   2.7745896e-01   3.7989200e+04   1.2000000e-02
   2.6448320e-03   2.9594164e-01   3.7989200e+04   1.2000000e-02
   2.8205910e-03   2.9252950e-01   3.7989200e+04   1.2000000e-02
   2.9951200e-03   3.5067003e-01   3.7992200e+04   1.2000000e-02
   2.9813410e-03   3.3965337e-01   3.7989200e+04   1.2000000e-02
   3.1551320e-03   4.2346067e-01   3.7989200e+04   1.2000000e-02
   3.1640710e-03   3.4662516e-01   3.7989200e+04   1.2000000e-02
   3.3155540e-03   3.6724380e-01   3.7986200e+04   1.2000000e-02
   3.3174400e-03   4.6872725e-01   3.7983200e+04   1.2000000e-02
   3.4904920e-03   6.4324559e-01   3.7980300e+04   1.2000000e-02
   3.6806860e-03   7.4379711e-01   3.7980300e+04   1.2000000e-02
   3.6736320e-03   8.0440639e-01   3.7977300e+04   1.2000000e-02
   3.8374990e-03   7.7782166e-01   3.7977300e+04   1.2000000e-02
