  -7.1324825e-02  -6.3638452e-02   3.7953400e+04   1.2000000e-02
  -7.1330894e-02  -4.1855053e-02   3.7956400e+04   1.2000000e-02
  -7.1155547e-02  -2.8221817e-02   3.7956400e+04   1.2000000e-02
  -7.1143901e-02  -2.2529053e-02   3.7959400e+04   1.2000000e-02
  -7.0985202e-02  -3.9268292e-02   3.7962400e+04   1.2000000e-02
  -7.0970603e-02  -3.8020183e-02   3.7962400e+04   1.2000000e-02
  -7.0802225e-02  -2.2258566e-02   3.7962400e+04   1.2000000e-02
  -7.0618101e-02  -3.9160606e-02   3.7962400e+04   1.2000000e-02
  -7.0624498e-02  -3.2805653e-02   3.7962400e+04   1.2000000e-02
  -7.0441768e-02  -6.1676980e-02   3.7962400e+04   1.2000000e-02
  -7.0454645e-02  -7.3689894e-02   3.7959400e+04   1.2000000e-02
  -7.0274949e-02  -3.0279254e-02   3.7956400e+04   1.2000000e-02
  -7.0280608e-02  -6.4186080e-03   3.7956400e+04   1.2000000e-02
  -7.0089679e-02  -5.7946437e-02   3.7956400e+04   1.2000000e-02
  -6.9915971e-02  -5.4736774e-02   3.7959400e+04   1.2000000e-02
  -6.9919908e-02  -3.9308070e-02   3.7959400e+04   1.2000000e-02
  -6.9742672e-02  -3.9234010e-02   3.7959400e+04   1.2000000e-02
  -6.9741688e-02  -1.7384145e-02   3.7956400e+04   1.2000000e-02
  -6.9570932e-02  -7.8695025e-02   3.7959400e+04   1.2000000e-02
  -6.9575443e-02  -7.3205842e-02   3.7962400e+04   1.2000000e-02
  -6.9399356e-02  -1.3638095e-02   3.7962400e+04   1.2000000e-02
  -6.9243855e-02  -3.1152740e-03   3.7962400e+04   1.2000000e-02
  -6.9240657e-02  -4.4243255e-02   3.7959400e+04   1.2000000e-02
  -6.9062523e-02  -5.2899304e-02   3.7956400e+04   1.2000000e-02
  -6.9066214e-02  -4.4027062e-02   3.7953400e+04   1.2000000e-02
  -6.8897427e-02  -4.7935336e-02   3.7956400e+04   1.2000000e-02
  -6.8893900e-02  -1.9460692e-02   3.7956400e+04   1.2000000e-02
  -6.8721176e-02  -2.7423644e-02   3.7959400e+04   1.2000000e-02
  -6.8546483e-02  -2.6122061e-02   3.7962400e+04   1.2000000e-02
  -6.8550502e-02  -1.5647552e-02   3.7962400e+04   1.2000000e-02
  -6.8373431e-02  -2.2268326e-02   3.7962400e+04   1.2000000e-02
  -6.8371462e-02   1.5838327e-02   3.7962400e+04   1.2000000e-02
  -6.8208416e-02  -3.5305231e-02   3.7962400e+04   1.2000000e-02
  -6.8195539e-02  -2.7945098e-02   3.7962400e+04   1.2000000e-02
  -6.8017077e-02  -5.1028293e-02   3.7962400e+04   1.2000000e-02
  -6.7837628e-02  -3.3808535e-02   3.7962400e+04   1.2000000e-02
  -6.7840826e-02  -5.1106289e-02   3.7962400e+04   1.2000000e-02
  -6.7662935e-02  -5.9815809e-02   3.7959400e+04   1.2000000e-02
  -6.7659080e-02  -4.1579563e-02   3.7956400e+04   1.2000000e-02
  -6.7493163e-02  -2.9001700e-02   3.7956400e+04   1.2000000e-02
  -6.7499232e-02  -6.5026740e-03   3.7956400e+04   1.2000000e-02
  -6.7323473e-02  -1.2758807e-02   3.7959400e+04   1.2000000e-02
  -6.7136807e-02   4.9734100e-04   3.7959400e+04   1.2000000e-02
  -6.7145254e-02  -1.2111869e-02   3.7956400e+04   1.2000000e-02
  -6.6974008e-02  -2.2073129e-02   3.7956400e+04   1.2000000e-02
  -6.6981390e-02  -1.9118610e-03   3.7953400e+04   1.2000000e-02
  -6.6814816e-02  -3.1759136e-02   3.7956400e+04   1.2000000e-02
  -6.6808501e-02  -4.0912369e-02   3.7956400e+04   1.2000000e-02
  -6.6658905e-02  -1.7810955e-02   3.7959400e+04   1.2000000e-02
  -6.6486427e-02  -2.7303000e-02   3.7959400e+04   1.2000000e-02
  -6.6474781e-02  -3.9888573e-02   3.7959400e+04   1.2000000e-02
  -6.6296644e-02  -2.4232837e-02   3.7959400e+04   1.2000000e-02
  -6.6294101e-02  -3.1507431e-02   3.7959400e+04   1.2000000e-02
  -6.6119408e-02  -1.5788620e-02   3.7959400e+04   1.2000000e-02
  -6.6122443e-02  -5.2835906e-02   3.7959400e+04   1.2000000e-02
  -6.5947835e-02  -2.8777798e-02   3.7956400e+04   1.2000000e-02
  -6.5956447e-02  -5.7276280e-03   3.7956400e+04   1.2000000e-02
  -6.5782575e-02  -3.6743862e-02   3.7956400e+04   1.2000000e-02
  -6.5609932e-02  -4.5054713e-02   3.7956400e+04   1.2000000e-02
  -6.5596892e-02  -9.8782620e-03   3.7956400e+04   1.2000000e-02
  -6.5426054e-02  -2.9152034e-02   3.7956400e+04   1.2000000e-02
  -6.5427612e-02  -1.2822861e-02   3.7956400e+04   1.2000000e-02
  -6.5246604e-02  -3.4135530e-02   3.7956400e+04   1.2000000e-02
  -6.5251771e-02  -2.8072221e-02   3.7956400e+04   1.2000000e-02
  -6.5083804e-02  -5.1740184e-02   3.7956400e+04   1.2000000e-02
  -6.4895335e-02  -1.5919517e-02   3.7953400e+04   1.2000000e-02
  -6.4905013e-02  -4.9918626e-02   3.7953400e+04   1.2000000e-02
  -6.4729746e-02   2.6060390e-03   3.7956400e+04   1.2000000e-02
  -6.4727121e-02   1.4978723e-02   3.7956400e+04   1.2000000e-02
  -6.4552347e-02  -1.3401643e-02   3.7959400e+04   1.2000000e-02
  -6.4539060e-02  -4.2961766e-02   3.7956400e+04   1.2000000e-02
  -6.4371257e-02  -4.2520690e-02   3.7956400e+04   1.2000000e-02
  -6.4188363e-02  -5.6019081e-02   3.7956400e+04   1.2000000e-02
  -6.4181719e-02  -4.9970360e-03   3.7956400e+04   1.2000000e-02
  -6.4022200e-02  -2.1765270e-03   3.7956400e+04   1.2000000e-02
  -6.4022200e-02   3.2777063e-02   3.7956400e+04   1.2000000e-02
  -6.3847345e-02  -3.6557114e-02   3.7959400e+04   1.2000000e-02
  -6.3860959e-02  -2.6068423e-02   3.7962400e+04   1.2000000e-02
  -6.3682576e-02  -2.3474934e-02   3.7962400e+04   1.2000000e-02
  -6.3493121e-02   5.3316560e-03   3.7962400e+04   1.2000000e-02
  -6.3500994e-02  -1.6123653e-02   3.7962400e+04   1.2000000e-02
  -6.3329992e-02  -3.3536572e-02   3.7962400e+04   1.2000000e-02
  -6.3338112e-02  -5.8929799e-02   3.7962400e+04   1.2000000e-02
  -6.3165880e-02  -4.7617034e-02   3.7962400e+04   1.2000000e-02
  -6.3162107e-02  -2.8870804e-02   3.7962400e+04   1.2000000e-02
  -6.2982575e-02   6.1108840e-03   3.7962400e+04   1.2000000e-02
  -6.2798535e-02  -3.8750640e-03   3.7959400e+04   1.2000000e-02
  -6.2787053e-02   9.0622920e-03   3.7959400e+04   1.2000000e-02
  -6.2623596e-02  -1.6888117e-02   3.7956400e+04   1.2000000e-02
  -6.2627779e-02  -1.0864744e-02   3.7956400e+04   1.2000000e-02
  -6.2453414e-02   1.0015710e-03   3.7956400e+04   1.2000000e-02
  -6.2472032e-02  -1.4483110e-03   3.7956400e+04   1.2000000e-02
  -6.2283479e-02  -7.1340280e-03   3.7956400e+04   1.2000000e-02
  -6.2110590e-02  -3.1588134e-02   3.7956400e+04   1.2000000e-02
  -6.2101733e-02  -4.8859975e-02   3.7956400e+04   1.2000000e-02
  -6.1934914e-02  -2.7208620e-03   3.7959400e+04   1.2000000e-02
  -6.1937538e-02  -9.8917120e-03   3.7956400e+04   1.2000000e-02
  -6.1776137e-02  -6.0449377e-02   3.7953400e+04   1.2000000e-02
  -6.1771790e-02  -5.3697721e-02   3.7953400e+04   1.2000000e-02
  -6.1598410e-02  -1.0397100e-03   3.7950500e+04   1.2000000e-02
  -6.1427490e-02  -2.7628518e-02   3.7950500e+04   1.2000000e-02
  -6.1419206e-02  -2.4106205e-02   3.7950500e+04   1.2000000e-02
  -6.1263705e-02  -1.0210014e-02   3.7950500e+04   1.2000000e-02
  -6.1262393e-02  -9.3116190e-03   3.7950500e+04   1.2000000e-02
  -6.1073102e-02  -4.8950090e-03   3.7953400e+04   1.2000000e-02
  -6.1072363e-02  -2.2664706e-02   3.7953400e+04   1.2000000e-02
  -6.0903986e-02  -2.6088599e-02   3.7953400e+04   1.2000000e-02
  -6.0733232e-02  -4.0162340e-02   3.7953400e+04   1.2000000e-02
  -6.0724538e-02  -6.1629494e-02   3.7953400e+04   1.2000000e-02
  -6.0555833e-02  -3.8635954e-02   3.7953400e+04   1.2000000e-02
  -6.0569940e-02   1.6824891e-02   3.7953400e+04   1.2000000e-02
  -6.0388768e-02   2.1656831e-02   3.7953400e+04   1.2000000e-02
  -6.0390900e-02   4.4529440e-03   3.7953400e+04   1.2000000e-02
  -6.0217848e-02  -7.0046080e-03   3.7953400e+04   1.2000000e-02
  -6.0038398e-02  -4.6171188e-02   3.7953400e+04   1.2000000e-02
  -6.0039546e-02  -1.9486445e-02   3.7953400e+04   1.2000000e-02
  -5.9877402e-02  -1.3147642e-02   3.7953400e+04   1.2000000e-02
  -5.9861409e-02  -2.0874580e-03   3.7953400e+04   1.2000000e-02
  -5.9690737e-02  -2.0934837e-02   3.7956400e+04   1.2000000e-02
  -5.9690245e-02  -1.7494374e-02   3.7956400e+04   1.2000000e-02
  -5.9515553e-02  -4.1469470e-03   3.7959400e+04   1.2000000e-02
  -5.9341352e-02   2.1096256e-02   3.7962400e+04   1.2000000e-02
  -5.9345289e-02  -1.5571450e-03   3.7956400e+04   1.2000000e-02
  -5.9182324e-02   9.2807810e-03   3.7956400e+04   1.2000000e-02
  -5.9172975e-02  -2.7505413e-02   3.7953400e+04   1.2000000e-02
  -5.8999266e-02  -3.6106932e-02   3.7953400e+04   1.2000000e-02
  -5.8992377e-02  -3.3091066e-02   3.7953400e+04   1.2000000e-02
  -5.8819488e-02  -7.1224640e-03   3.7953400e+04   1.2000000e-02
  -5.8642665e-02  -4.1436200e-02   3.7953400e+04   1.2000000e-02
  -5.8647504e-02  -3.6216094e-02   3.7953400e+04   1.2000000e-02
  -5.8483884e-02  -4.9229452e-02   3.7953400e+04   1.2000000e-02
  -5.8485688e-02  -9.8257720e-03   3.7953400e+04   1.2000000e-02
  -5.8297463e-02  -4.7376210e-03   3.7956400e+04   1.2000000e-02
  -5.8288523e-02   1.5167090e-03   3.7956400e+04   1.2000000e-02
  -5.8123836e-02  -2.5618979e-02   3.7956400e+04   1.2000000e-02
  -5.7956853e-02  -3.8446417e-02   3.7956400e+04   1.2000000e-02
  -5.7955869e-02  -1.3740286e-02   3.7959400e+04   1.2000000e-02
  -5.7780438e-02  -2.7279379e-02   3.7956400e+04   1.2000000e-02
  -5.7778470e-02  -1.3979689e-02   3.7956400e+04   1.2000000e-02
  -5.7616900e-02   1.5247159e-02   3.7953400e+04   1.2000000e-02
  -5.7605174e-02  -3.2072950e-03   3.7953400e+04   1.2000000e-02
  -5.7445326e-02  -2.2562843e-02   3.7953400e+04   1.2000000e-02
  -5.7263006e-02  -3.1348568e-02   3.7956400e+04   1.2000000e-02
  -5.7261283e-02  -1.4152413e-02   3.7956400e+04   1.2000000e-02
  -5.7100287e-02  -1.0815945e-02   3.7959400e+04   1.2000000e-02
  -5.7091184e-02  -3.5182044e-02   3.7959400e+04   1.2000000e-02
  -5.6915589e-02  -7.8428040e-03   3.7959400e+04   1.2000000e-02
  -5.6913456e-02  -2.1889249e-02   3.7959400e+04   1.2000000e-02
  -5.6743193e-02  -1.5651817e-02   3.7956400e+04   1.2000000e-02
  -5.6740158e-02   8.4154370e-03   3.7959400e+04   1.2000000e-02
  -5.6572437e-02  -1.1104070e-03   3.7962400e+04   1.2000000e-02
  -5.6389052e-02   1.0298660e-03   3.7962400e+04   1.2000000e-02
  -5.6389872e-02   2.3919965e-02   3.7962400e+04   1.2000000e-02
  -5.6215508e-02  -3.6150482e-02   3.7962400e+04   1.2000000e-02
  -5.6225104e-02  -3.1696723e-02   3.7959400e+04   1.2000000e-02
  -5.6044998e-02  -3.5094205e-02   3.7959400e+04   1.2000000e-02
  -5.6034172e-02  -1.5474745e-02   3.7959400e+04   1.2000000e-02
  -5.5868173e-02  -3.4192777e-02   3.7959400e+04   1.2000000e-02
  -5.5683639e-02  -3.1012798e-02   3.7959400e+04   1.2000000e-02
  -5.5685115e-02  -3.1176254e-02   3.7959400e+04   1.2000000e-02
  -5.5518214e-02   1.2829098e-02   3.7959400e+04   1.2000000e-02
  -5.5513129e-02   2.3733299e-02   3.7959400e+04   1.2000000e-02
  -5.5334501e-02  -1.2677366e-02   3.7959400e+04   1.2000000e-02
  -5.5341555e-02  -3.7799398e-02   3.7962400e+04   1.2000000e-02
  -5.5174653e-02  -3.0691708e-02   3.7962400e+04   1.2000000e-02
  -5.5000535e-02  -1.4546333e-02   3.7962400e+04   1.2000000e-02
  -5.5003241e-02   1.8231127e-02   3.7962400e+04   1.2000000e-02
  -5.4816821e-02  -2.0696255e-02   3.7962400e+04   1.2000000e-02
  -5.4804928e-02  -3.9984613e-02   3.7962400e+04   1.2000000e-02
  -5.4643522e-02  -3.6274981e-02   3.7962400e+04   1.2000000e-02
  -5.4647213e-02  -3.6607580e-03   3.7962400e+04   1.2000000e-02
  -5.4473340e-02  -3.6825740e-03   3.7962400e+04   1.2000000e-02
  -5.4311278e-02  -7.2144850e-03   3.7959400e+04   1.2000000e-02
  -5.4308244e-02  -6.8376250e-03   3.7956400e+04   1.2000000e-02
  -5.4126334e-02   9.2588010e-03   3.7956400e+04   1.2000000e-02
  -5.4122889e-02  -1.6622388e-02   3.7956400e+04   1.2000000e-02
  -5.3967224e-02   1.8340782e-02   3.7953400e+04   1.2000000e-02
  -5.3961237e-02  -3.0720905e-02   3.7956400e+04   1.2000000e-02
  -5.3779409e-02  -1.4506802e-02   3.7956400e+04   1.2000000e-02
  -5.3612918e-02   2.1904025e-02   3.7956400e+04   1.2000000e-02
  -5.3605290e-02   1.5450967e-02   3.7956400e+04   1.2000000e-02
  -5.3425349e-02   1.8240395e-02   3.7956400e+04   1.2000000e-02
  -5.3421330e-02   5.3205020e-03   3.7956400e+04   1.2000000e-02
  -5.3246475e-02   1.2907259e-02   3.7956400e+04   1.2000000e-02
  -5.3246147e-02   1.5489678e-02   3.7959400e+04   1.2000000e-02
  -5.3092942e-02   2.8607970e-02   3.7959400e+04   1.2000000e-02
  -5.2923581e-02   5.9100200e-04   3.7956400e+04   1.2000000e-02
  -5.2913739e-02   8.9453380e-03   3.7956400e+04   1.2000000e-02
  -5.2745854e-02  -1.2564185e-02   3.7956400e+04   1.2000000e-02
  -5.2740195e-02  -3.2877580e-02   3.7956400e+04   1.2000000e-02
  -5.2562139e-02  -5.1002294e-02   3.7956400e+04   1.2000000e-02
  -5.2544506e-02  -3.4789272e-02   3.7959400e+04   1.2000000e-02
  -5.2378097e-02  -1.2788250e-02   3.7962400e+04   1.2000000e-02
  -5.2200864e-02  -1.1014094e-02   3.7962400e+04   1.2000000e-02
  -5.2203570e-02  -1.9431331e-02   3.7962400e+04   1.2000000e-02
  -5.2033717e-02  -9.8297910e-03   3.7959400e+04   1.2000000e-02
  -5.2028714e-02   2.3523093e-02   3.7959400e+04   1.2000000e-02
  -5.1858040e-02   1.9449876e-02   3.7956400e+04   1.2000000e-02
  -5.1859516e-02  -4.4340853e-02   3.7956400e+04   1.2000000e-02
  -5.1691713e-02  -4.2315406e-02   3.7953400e+04   1.2000000e-02
  -5.1520137e-02  -2.1753022e-02   3.7953400e+04   1.2000000e-02
  -5.1520301e-02  -3.5098634e-02   3.7956400e+04   1.2000000e-02
  -5.1348068e-02   1.2652683e-02   3.7956400e+04   1.2000000e-02
  -5.1337817e-02   5.9960620e-03   3.7956400e+04   1.2000000e-02
  -5.1175510e-02  -2.0116079e-02   3.7956400e+04   1.2000000e-02
  -5.1167801e-02  -3.5872614e-02   3.7956400e+04   1.2000000e-02
  -5.0982692e-02  -9.8425030e-03   3.7956400e+04   1.2000000e-02
  -5.0827437e-02  -1.2502918e-02   3.7956400e+04   1.2000000e-02
  -5.0830390e-02   2.0540027e-02   3.7956400e+04   1.2000000e-02
  -5.0640770e-02  -5.8112840e-03   3.7956400e+04   1.2000000e-02
  -5.0640524e-02  -2.4198308e-02   3.7959400e+04   1.2000000e-02
  -5.0464929e-02  -2.1654193e-02   3.7962400e+04   1.2000000e-02
  -5.0457138e-02  -1.8889127e-02   3.7962400e+04   1.2000000e-02
  -5.0285316e-02  -3.2310800e-03   3.7962400e+04   1.2000000e-02
  -5.0129242e-02  -2.2707600e-02   3.7959400e+04   1.2000000e-02
  -5.0141790e-02  -2.4407366e-02   3.7959400e+04   1.2000000e-02
  -4.9956189e-02  -1.8803422e-02   3.7959400e+04   1.2000000e-02
  -4.9952253e-02  -2.9566500e-04   3.7956400e+04   1.2000000e-02
  -4.9783219e-02   1.6308029e-02   3.7953400e+04   1.2000000e-02
  -4.9776822e-02   1.8718791e-02   3.7953400e+04   1.2000000e-02
  -4.9603195e-02  -1.1812513e-02   3.7953400e+04   1.2000000e-02
  -4.9441379e-02  -3.5468769e-02   3.7956400e+04   1.2000000e-02
  -4.9449253e-02  -1.4687726e-02   3.7953400e+04   1.2000000e-02
  -4.9270295e-02  -1.8977294e-02   3.7953400e+04   1.2000000e-02
  -4.9260535e-02  -3.9794666e-02   3.7953400e+04   1.2000000e-02
  -4.9091012e-02  -3.5677745e-02   3.7953400e+04   1.2000000e-02
  -4.9096179e-02  -5.0990484e-02   3.7953400e+04   1.2000000e-02
  -4.8919682e-02  -1.2460352e-02   3.7956400e+04   1.2000000e-02
  -4.8752042e-02   4.4407240e-03   3.7953400e+04   1.2000000e-02
  -4.8756963e-02   1.0558173e-02   3.7953400e+04   1.2000000e-02
  -4.8572511e-02  -4.0597104e-02   3.7953400e+04   1.2000000e-02
  -4.8571691e-02  -2.8658650e-03   3.7953400e+04   1.2000000e-02
  -4.8384942e-02   9.1082210e-03   3.7953400e+04   1.2000000e-02
  -4.8410120e-02  -2.1800754e-02   3.7953400e+04   1.2000000e-02
  -4.8224110e-02  -1.1563679e-02   3.7956400e+04   1.2000000e-02
  -4.8055078e-02  -2.3533493e-02   3.7956400e+04   1.2000000e-02
  -4.8056718e-02  -3.8692709e-02   3.7953400e+04   1.2000000e-02
  -4.7874726e-02  -1.9910794e-02   3.7953400e+04   1.2000000e-02
  -4.7878253e-02   1.1394401e-02   3.7953400e+04   1.2000000e-02
  -4.7694129e-02   5.3676493e-02   3.7956400e+04   1.2000000e-02
  -4.7693144e-02  -6.1674760e-03   3.7956400e+04   1.2000000e-02
  -4.7519846e-02  -1.8820973e-02   3.7956400e+04   1.2000000e-02
  -4.7511152e-02  -2.4760852e-02   3.7956400e+04   1.2000000e-02
  -4.7342365e-02   1.8451810e-03   3.7956400e+04   1.2000000e-02
  -4.7157010e-02   1.0421690e-03   3.7956400e+04   1.2000000e-02
  -4.7156518e-02   9.9906250e-03   3.7956400e+04   1.2000000e-02
  -4.6991013e-02   1.5536427e-02   3.7956400e+04   1.2000000e-02
  -4.6996918e-02   2.6426277e-02   3.7956400e+04   1.2000000e-02
  -4.6822882e-02  -1.2877250e-03   3.7956400e+04   1.2000000e-02
  -4.6821980e-02  -1.8640950e-02   3.7956400e+04   1.2000000e-02
  -4.6655161e-02  -8.6189170e-03   3.7956400e+04   1.2000000e-02
  -4.6471200e-02  -1.5541014e-02   3.7956400e+04   1.2000000e-02
  -4.6489162e-02  -6.6126570e-03   3.7956400e+04   1.2000000e-02
  -4.6308646e-02   8.6030880e-03   3.7959400e+04   1.2000000e-02
  -4.6298066e-02   2.2821600e-03   3.7956400e+04   1.2000000e-02
  -4.6120011e-02  -1.2747735e-02   3.7956400e+04   1.2000000e-02
  -4.6107052e-02  -1.8973029e-02   3.7953400e+04   1.2000000e-02
  -4.5946465e-02   2.1884833e-02   3.7953400e+04   1.2000000e-02
  -4.5780302e-02   2.4330863e-02   3.7953400e+04   1.2000000e-02
  -4.5775709e-02   7.7077250e-03   3.7953400e+04   1.2000000e-02
  -4.5609956e-02   1.7377674e-02   3.7953400e+04   1.2000000e-02
  -4.5602165e-02  -7.7197810e-03   3.7953400e+04   1.2000000e-02
  -4.5432967e-02  -3.5287762e-02   3.7953400e+04   1.2000000e-02
  -4.5434772e-02  -2.3914890e-03   3.7953400e+04   1.2000000e-02
  -4.5256470e-02  -1.5397569e-02   3.7953400e+04   1.2000000e-02
  -4.5078825e-02  -2.1572260e-02   3.7953400e+04   1.2000000e-02
  -4.5089323e-02  -1.1985648e-02   3.7953400e+04   1.2000000e-02
  -4.4898147e-02   8.4244590e-03   3.7953400e+04   1.2000000e-02
  -4.4899459e-02   2.3183714e-02   3.7956400e+04   1.2000000e-02
  -4.4750930e-02   3.6301186e-02   3.7959400e+04   1.2000000e-02
  -4.4738217e-02   1.4420197e-02   3.7956400e+04   1.2000000e-02
  -4.4569840e-02   1.1654554e-02   3.7956400e+04   1.2000000e-02
  -4.4388914e-02   1.2170266e-02   3.7956400e+04   1.2000000e-02
  -4.4389406e-02   5.0190140e-03   3.7956400e+04   1.2000000e-02
  -4.4227344e-02   1.5629660e-03   3.7956400e+04   1.2000000e-02
  -4.4227590e-02   1.6490923e-02   3.7956400e+04   1.2000000e-02
  -4.4058966e-02  -1.9913911e-02   3.7959400e+04   1.2000000e-02
  -4.4058720e-02  -3.4743508e-02   3.7959400e+04   1.2000000e-02
  -4.3885505e-02  -2.4542445e-02   3.7959400e+04   1.2000000e-02
  -4.3700725e-02   7.4589730e-03   3.7956400e+04   1.2000000e-02
  -4.3690227e-02  -3.5592230e-03   3.7956400e+04   1.2000000e-02
  -4.3538170e-02   3.5619280e-03   3.7959400e+04   1.2000000e-02
  -4.3538662e-02   2.6434396e-02   3.7959400e+04   1.2000000e-02
  -4.3365364e-02   1.1966860e-03   3.7959400e+04   1.2000000e-02
  -4.3351667e-02  -2.5473812e-02   3.7953400e+04   1.2000000e-02
  -4.3193460e-02  -1.6755088e-02   3.7935600e+04   1.2000000e-02
  -4.3012042e-02   2.4344314e-02   3.7932600e+04   1.2000000e-02
  -4.3006547e-02   1.1205274e-02   3.7941500e+04   1.2000000e-02
  -4.2832922e-02   2.4461514e-02   3.7950500e+04   1.2000000e-02
  -4.2830790e-02  -4.2098500e-04   3.7953400e+04   1.2000000e-02
  -4.2669384e-02  -2.5718217e-02   3.7956400e+04   1.2000000e-02
  -4.2655277e-02  -2.0863920e-03   3.7956400e+04   1.2000000e-02
  -4.2489196e-02  -9.9658540e-03   3.7956400e+04   1.2000000e-02
  -4.2306302e-02   2.8103390e-03   3.7956400e+04   1.2000000e-02
  -4.2311223e-02  -2.2489357e-02   3.7956400e+04   1.2000000e-02
  -4.2149407e-02  -3.5849239e-02   3.7953400e+04   1.2000000e-02
  -4.2150391e-02  -1.7432124e-02   3.7956400e+04   1.2000000e-02
  -4.1966266e-02   3.4714350e-02   3.7956400e+04   1.2000000e-02
  -4.1963068e-02   1.7025172e-02   3.7962400e+04   1.2000000e-02
  -4.1794443e-02   2.2009414e-02   3.7965400e+04   1.2000000e-02
  -4.1619341e-02   8.1159970e-03   3.7965400e+04   1.2000000e-02
  -4.1622047e-02   1.4900562e-02   3.7962400e+04   1.2000000e-02
  -4.1446944e-02   1.5751309e-02   3.7959400e+04   1.2000000e-02
  -4.1444894e-02   3.2713748e-02   3.7956400e+04   1.2000000e-02
  -4.1277829e-02   1.3288220e-02   3.7956400e+04   1.2000000e-02
  -4.1282750e-02   3.6027710e-03   3.7956400e+04   1.2000000e-02
  -4.1108631e-02   1.2385228e-02   3.7956400e+04   1.2000000e-02
  -4.0922866e-02  -8.1679130e-03   3.7956400e+04   1.2000000e-02
  -4.0926229e-02  -1.7671527e-02   3.7959400e+04   1.2000000e-02
  -4.0741861e-02   1.9994789e-02   3.7962400e+04   1.2000000e-02
  -4.0751949e-02   1.6955131e-02   3.7959400e+04   1.2000000e-02
  -4.0566348e-02   2.9081937e-02   3.7956400e+04   1.2000000e-02
  -4.0566594e-02   1.9972973e-02   3.7956400e+04   1.2000000e-02
  -4.0390835e-02   1.9093848e-02   3.7962400e+04   1.2000000e-02
  -4.0216635e-02   2.7554811e-02   3.7962400e+04   1.2000000e-02
  -4.0219751e-02   1.6232493e-02   3.7962400e+04   1.2000000e-02
  -4.0042598e-02  -6.9155390e-03   3.7959400e+04   1.2000000e-02
  -4.0046125e-02  -4.1989559e-02   3.7956400e+04   1.2000000e-02
  -3.9880372e-02  -3.0091111e-02   3.7956400e+04   1.2000000e-02
  -3.9885539e-02  -3.9056201e-02   3.7956400e+04   1.2000000e-02
  -3.9705024e-02   3.6097624e-02   3.7956400e+04   1.2000000e-02
  -3.9528773e-02   4.4133828e-02   3.7956400e+04   1.2000000e-02
  -3.9523360e-02   2.8594438e-02   3.7959400e+04   1.2000000e-02
  -3.9355229e-02   7.2593470e-03   3.7962400e+04   1.2000000e-02
  -3.9335217e-02  -1.0065011e-02   3.7962400e+04   1.2000000e-02
  -3.9173155e-02   1.2018702e-02   3.7959400e+04   1.2000000e-02
  -3.9178732e-02   3.8619925e-02   3.7956400e+04   1.2000000e-02
  -3.9009944e-02   3.5885286e-02   3.7956400e+04   1.2000000e-02
  -3.8825328e-02  -1.7707860e-02   3.7956400e+04   1.2000000e-02
  -3.8823605e-02   1.1630590e-03   3.7959400e+04   1.2000000e-02
  -3.8654162e-02   2.2622310e-03   3.7959400e+04   1.2000000e-02
  -3.8663101e-02   1.1250382e-02   3.7959400e+04   1.2000000e-02
  -3.8499235e-02  -5.1513070e-03   3.7956400e+04   1.2000000e-02
  -3.8491935e-02  -2.3242011e-02   3.7956400e+04   1.2000000e-02
  -3.8334630e-02  -9.1279870e-03   3.7956400e+04   1.2000000e-02
  -3.8326182e-02  -2.1444234e-02   3.7956400e+04   1.2000000e-02
  -3.8142386e-02   8.1842340e-03   3.7956400e+04   1.2000000e-02
  -3.7969662e-02   5.3777490e-03   3.7959400e+04   1.2000000e-02
  -3.7965397e-02   4.3574155e-02   3.7962400e+04   1.2000000e-02
  -3.7788244e-02   3.1056760e-03   3.7962400e+04   1.2000000e-02
  -3.7785291e-02   9.9784860e-03   3.7962400e+04   1.2000000e-02
  -3.7615028e-02   8.5858650e-03   3.7962400e+04   1.2000000e-02
  -3.7622738e-02   4.7792830e-03   3.7962400e+04   1.2000000e-02
  -3.7442386e-02  -5.5823790e-03   3.7962400e+04   1.2000000e-02
  -3.7273189e-02   1.9862659e-02   3.7962400e+04   1.2000000e-02
  -3.7273599e-02   3.3642900e-02   3.7959400e+04   1.2000000e-02
  -3.7106369e-02   3.6157249e-02   3.7959400e+04   1.2000000e-02
  -3.7097922e-02   3.9448612e-02   3.7959400e+04   1.2000000e-02
  -3.6933891e-02   3.0269194e-02   3.7956400e+04   1.2000000e-02
  -3.6932579e-02   2.6982423e-02   3.7956400e+04   1.2000000e-02
  -3.6753129e-02   7.3193010e-03   3.7953400e+04   1.2000000e-02
  -3.6578028e-02   1.2718623e-02   3.7956400e+04   1.2000000e-02
  -3.6579668e-02   2.4099497e-02   3.7956400e+04   1.2000000e-02
  -3.6403909e-02   2.0608182e-02   3.7956400e+04   1.2000000e-02
  -3.6409814e-02   2.3728788e-02   3.7959400e+04   1.2000000e-02
  -3.6242749e-02   2.8828920e-02   3.7962400e+04   1.2000000e-02
  -3.6239222e-02   2.6096164e-02   3.7962400e+04   1.2000000e-02
  -3.6047306e-02   3.6573231e-02   3.7962400e+04   1.2000000e-02
  -3.5876715e-02   4.5519315e-02   3.7959400e+04   1.2000000e-02
  -3.5860558e-02   4.2862260e-02   3.7956400e+04   1.2000000e-02
  -3.5692508e-02   4.8177929e-02   3.7956400e+04   1.2000000e-02
  -3.5697839e-02   6.1995653e-02   3.7956400e+04   1.2000000e-02
  -3.5532085e-02   3.4743548e-02   3.7959400e+04   1.2000000e-02
  -3.5539467e-02   2.6548234e-02   3.7962400e+04   1.2000000e-02
  -3.5359115e-02   6.6031469e-02   3.7962400e+04   1.2000000e-02
  -3.5164493e-02   3.8123240e-02   3.7959400e+04   1.2000000e-02
  -3.5180485e-02   2.0252727e-02   3.7956400e+04   1.2000000e-02
  -3.4998165e-02   4.9470659e-02   3.7956400e+04   1.2000000e-02
  -3.5000626e-02   4.2740057e-02   3.7956400e+04   1.2000000e-02
  -3.4825687e-02   5.0102423e-02   3.7956400e+04   1.2000000e-02
  -3.4831264e-02   3.6784175e-02   3.7953400e+04   1.2000000e-02
  -3.4651979e-02   4.3326058e-02   3.7956400e+04   1.2000000e-02
  -3.4477288e-02   1.7820721e-02   3.7956400e+04   1.2000000e-02
  -3.4476222e-02   6.5507330e-02   3.7956400e+04   1.2000000e-02
  -3.4310059e-02   4.3549140e-02   3.7956400e+04   1.2000000e-02
  -3.4310305e-02   7.7184600e-04   3.7956400e+04   1.2000000e-02
  -3.4127575e-02   2.0371790e-03   3.7959400e+04   1.2000000e-02
  -3.4124950e-02   5.7482177e-02   3.7956400e+04   1.2000000e-02
  -3.3957065e-02   6.0062959e-02   3.7953400e+04   1.2000000e-02
  -3.3778682e-02   4.9210914e-02   3.7953400e+04   1.2000000e-02
  -3.3773351e-02   9.7154630e-03   3.7953400e+04   1.2000000e-02
  -3.3600380e-02   3.0544684e-02   3.7953400e+04   1.2000000e-02
  -3.3603579e-02   1.2896761e-02   3.7956400e+04   1.2000000e-02
  -3.3423720e-02   1.8901440e-02   3.7956400e+04   1.2000000e-02
  -3.3433562e-02   8.5669200e-03   3.7956400e+04   1.2000000e-02
  -3.3266415e-02   1.5055981e-02   3.7956400e+04   1.2000000e-02
  -3.3102056e-02   5.6673916e-02   3.7956400e+04   1.2000000e-02
  -3.3104353e-02   6.5648047e-02   3.7956400e+04   1.2000000e-02
  -3.2928020e-02   6.0085513e-02   3.7956400e+04   1.2000000e-02
  -3.2914651e-02   3.0684930e-02   3.7956400e+04   1.2000000e-02
  -3.2743239e-02   3.3681939e-02   3.7956400e+04   1.2000000e-02
  -3.2739712e-02   2.9177649e-02   3.7956400e+04   1.2000000e-02
  -3.2560345e-02   2.6971597e-02   3.7956400e+04   1.2000000e-02
  -3.2379582e-02   3.2579653e-02   3.7956400e+04   1.2000000e-02
  -3.2380976e-02   1.4880714e-02   3.7956400e+04   1.2000000e-02
  -3.2200625e-02   1.6859337e-02   3.7956400e+04   1.2000000e-02
  -3.2210056e-02   3.2947327e-02   3.7956400e+04   1.2000000e-02
  -3.2046026e-02   5.1519240e-02   3.7959400e+04   1.2000000e-02
  -3.2053243e-02   3.4061834e-02   3.7956400e+04   1.2000000e-02
  -3.1875762e-02   3.3673984e-02   3.7956400e+04   1.2000000e-02
  -3.1692540e-02   4.0958681e-02   3.7956400e+04   1.2000000e-02
  -3.1702218e-02   3.9155653e-02   3.7956400e+04   1.2000000e-02
  -3.1540319e-02   2.6365093e-02   3.7956400e+04   1.2000000e-02
  -3.1533922e-02   1.7612402e-02   3.7956400e+04   1.2000000e-02
  -3.1345288e-02   5.5655611e-02   3.7956400e+04   1.2000000e-02
  -3.1352177e-02   6.9310450e-02   3.7956400e+04   1.2000000e-02
  -3.1168873e-02   2.7467710e-02   3.7956400e+04   1.2000000e-02
  -3.1006237e-02   4.1760299e-02   3.7956400e+04   1.2000000e-02
  -3.1004432e-02   2.6229440e-02   3.7956400e+04   1.2000000e-02
  -3.0823752e-02   4.9749183e-02   3.7959400e+04   1.2000000e-02
  -3.0836137e-02   4.4140554e-02   3.7962400e+04   1.2000000e-02
  -3.0660132e-02   3.0347190e-02   3.7959400e+04   1.2000000e-02
  -3.0647173e-02   4.9530858e-02   3.7959400e+04   1.2000000e-02
  -3.0479452e-02   8.1785495e-02   3.7956400e+04   1.2000000e-02
  -3.0312388e-02   8.9286440e-02   3.7956400e+04   1.2000000e-02
  -3.0315258e-02   3.1032019e-02   3.7956400e+04   1.2000000e-02
  -3.0136465e-02   2.7917646e-02   3.7959400e+04   1.2000000e-02
  -3.0126295e-02   6.2840100e-04   3.7962400e+04   1.2000000e-02
  -2.9957344e-02   1.1158204e-01   3.7962400e+04   1.2000000e-02
  -2.9951931e-02   8.0852488e-02   3.7962400e+04   1.2000000e-02
  -2.9784947e-02   5.9294473e-02   3.7962400e+04   1.2000000e-02
  -2.9606400e-02   4.4346084e-02   3.7959400e+04   1.2000000e-02
  -2.9605334e-02   5.9227385e-02   3.7959400e+04   1.2000000e-02
  -2.9439171e-02   7.7038276e-02   3.7956400e+04   1.2000000e-02
  -2.9431379e-02   5.2509495e-02   3.7956400e+04   1.2000000e-02
  -2.9258982e-02   3.0365890e-02   3.7956400e+04   1.2000000e-02
  -2.9258982e-02   4.6960574e-02   3.7956400e+04   1.2000000e-02
  -2.9088800e-02   8.8611890e-02   3.7956400e+04   1.2000000e-02
  -2.9082977e-02   6.0920185e-02   3.7953400e+04   1.2000000e-02
  -2.8913616e-02   2.7702110e-02   3.7953400e+04   1.2000000e-02
  -2.8735888e-02   3.5151082e-02   3.7953400e+04   1.2000000e-02
  -2.8729737e-02   5.3359994e-02   3.7956400e+04   1.2000000e-02
  -2.8566937e-02   7.3783984e-02   3.7953400e+04   1.2000000e-02
  -2.8562016e-02   5.9778694e-02   3.7953400e+04   1.2000000e-02
  -2.8388389e-02   6.5522482e-02   3.7953400e+04   1.2000000e-02
  -2.8387487e-02   7.4431495e-02   3.7953400e+04   1.2000000e-02
  -2.8202708e-02   5.3247059e-02   3.7950500e+04   1.2000000e-02
  -2.8034248e-02   3.6628263e-02   3.7953400e+04   1.2000000e-02
  -2.8041055e-02   2.0620074e-02   3.7953400e+04   1.2000000e-02
  -2.7871202e-02   5.0794387e-02   3.7953400e+04   1.2000000e-02
  -2.7880880e-02   6.9045540e-02   3.7953400e+04   1.2000000e-02
  -2.7714388e-02   7.2255133e-02   3.7953400e+04   1.2000000e-02
  -2.7712666e-02   6.6646177e-02   3.7953400e+04   1.2000000e-02
  -2.7532642e-02   4.7077856e-02   3.7950500e+04   1.2000000e-02
  -2.7363035e-02   5.7215135e-02   3.7950500e+04   1.2000000e-02
  -2.7367628e-02   6.0022361e-02   3.7953400e+04   1.2000000e-02
  -2.7191294e-02   5.4907630e-02   3.7956400e+04   1.2000000e-02
  -2.7190310e-02   2.4713383e-02   3.7956400e+04   1.2000000e-02
  -2.7012992e-02   6.4724389e-02   3.7956400e+04   1.2000000e-02
  -2.7009548e-02   5.5182955e-02   3.7956400e+04   1.2000000e-02
  -2.6827392e-02   3.6862500e-02   3.7956400e+04   1.2000000e-02
  -2.6661885e-02   3.9190018e-02   3.7959400e+04   1.2000000e-02
  -2.6665247e-02   4.0824420e-02   3.7962400e+04   1.2000000e-02
  -2.6493589e-02   1.0736310e-02   3.7959400e+04   1.2000000e-02
  -2.6490309e-02   5.4522974e-02   3.7956400e+04   1.2000000e-02
  -2.6299377e-02   1.1581952e-01   3.7956400e+04   1.2000000e-02
  -2.6304216e-02   8.0020770e-02   3.7953400e+04   1.2000000e-02
  -2.6127392e-02   2.9691970e-02   3.7956400e+04   1.2000000e-02
  -2.5957866e-02   6.7385547e-02   3.7956400e+04   1.2000000e-02
  -2.5960163e-02   1.1258526e-01   3.7953400e+04   1.2000000e-02
  -2.5786618e-02   5.9415118e-02   3.7953400e+04   1.2000000e-02
  -2.5781943e-02   7.2832030e-02   3.7953400e+04   1.2000000e-02
  -2.5601510e-02   3.9937424e-02   3.7956400e+04   1.2000000e-02
  -2.5598885e-02   4.5213562e-02   3.7956400e+04   1.2000000e-02
  -2.5428867e-02   6.2309772e-02   3.7956400e+04   1.2000000e-02
  -2.5253273e-02   4.4632564e-02   3.7959400e+04   1.2000000e-02
  -2.5266887e-02   1.0177023e-01   3.7959400e+04   1.2000000e-02
  -2.5094408e-02   4.7352855e-02   3.7959400e+04   1.2000000e-02
  -2.5094326e-02   3.1276015e-02   3.7956400e+04   1.2000000e-02
  -2.4909791e-02   5.4267660e-02   3.7953400e+04   1.2000000e-02
  -2.4903394e-02   6.9587440e-02   3.7953400e+04   1.2000000e-02
  -2.4733705e-02   8.5564195e-02   3.7953400e+04   1.2000000e-02
  -2.4563031e-02   2.6869652e-02   3.7950500e+04   1.2000000e-02
  -2.4568116e-02   7.0139953e-02   3.7950500e+04   1.2000000e-02
  -2.4398426e-02   4.7498104e-02   3.7953400e+04   1.2000000e-02
  -2.4399492e-02   6.2867312e-02   3.7953400e+04   1.2000000e-02
  -2.4222257e-02   4.1551734e-02   3.7950500e+04   1.2000000e-02
  -2.4217582e-02   2.4040200e-02   3.7947500e+04   1.2000000e-02
  -2.4036657e-02   6.4743088e-02   3.7947500e+04   1.2000000e-02
  -2.3876399e-02   5.6024516e-02   3.7950500e+04   1.2000000e-02
  -2.3876235e-02   8.3518646e-02   3.7950500e+04   1.2000000e-02
  -2.3703757e-02   6.8392452e-02   3.7950500e+04   1.2000000e-02
  -2.3698508e-02   4.7709786e-02   3.7953400e+04   1.2000000e-02
  -2.3513235e-02   4.6856414e-02   3.7956400e+04   1.2000000e-02
  -2.3526276e-02   5.2053652e-02   3.7956400e+04   1.2000000e-02
  -2.3348303e-02   2.6747695e-02   3.7959400e+04   1.2000000e-02
  -2.3184108e-02   3.1311938e-02   3.7962400e+04   1.2000000e-02
  -2.3177383e-02   1.8373260e-02   3.7962400e+04   1.2000000e-02
  -2.2998262e-02   1.1003703e-01   3.7965400e+04   1.2000000e-02
  -2.3002691e-02   6.4186122e-02   3.7965400e+04   1.2000000e-02
  -2.2821929e-02   6.8115975e-02   3.7965400e+04   1.2000000e-02
  -2.2817090e-02   5.0150976e-02   3.7965400e+04   1.2000000e-02
  -2.2638461e-02   3.7152506e-02   3.7965400e+04   1.2000000e-02
  -2.2473774e-02   6.0077558e-02   3.7962400e+04   1.2000000e-02
  -2.2478859e-02   5.4319904e-02   3.7962400e+04   1.2000000e-02
  -2.2295965e-02   3.9055266e-02   3.7962400e+04   1.2000000e-02
  -2.2303592e-02   4.4487561e-02   3.7962400e+04   1.2000000e-02
  -2.2127670e-02   8.6732480e-02   3.7962400e+04   1.2000000e-02
  -2.2140300e-02   7.2679645e-02   3.7959400e+04   1.2000000e-02
  -2.1950432e-02   3.7242559e-02   3.7956400e+04   1.2000000e-02
  -2.1775576e-02   5.0546209e-02   3.7956400e+04   1.2000000e-02
  -2.1775576e-02   2.7149078e-02   3.7959400e+04   1.2000000e-02
  -2.1600309e-02   8.3010890e-02   3.7959400e+04   1.2000000e-02
  -2.1611627e-02   7.6875475e-02   3.7962400e+04   1.2000000e-02
  -2.1440461e-02   5.9947891e-02   3.7962400e+04   1.2000000e-02
  -2.1437509e-02   5.2201690e-02   3.7962400e+04   1.2000000e-02
  -2.1264948e-02   6.2398348e-02   3.7962400e+04   1.2000000e-02
  -2.1096489e-02   3.9124980e-02   3.7962400e+04   1.2000000e-02
  -2.1099441e-02   2.5503931e-02   3.7959400e+04   1.2000000e-02
  -2.0927291e-02   8.8530740e-02   3.7956400e+04   1.2000000e-02
  -2.0928111e-02   1.0087123e-01   3.7959400e+04   1.2000000e-02
  -2.0747761e-02   7.0338351e-02   3.7962400e+04   1.2000000e-02
  -2.0747515e-02   4.8789355e-02   3.7962400e+04   1.2000000e-02
  -2.0582746e-02   3.4147540e-02   3.7962400e+04   1.2000000e-02
  -2.0410842e-02   1.2148070e-01   3.7965400e+04   1.2000000e-02
  -2.0419207e-02   4.8699549e-02   3.7965400e+04   1.2000000e-02
  -2.0234345e-02   3.3578108e-02   3.7968300e+04   1.2000000e-02
  -2.0231966e-02   6.7062160e-02   3.7968300e+04   1.2000000e-02
  -2.0062195e-02   8.3850234e-02   3.7968300e+04   1.2000000e-02
  -2.0051943e-02   5.2916209e-02   3.7971300e+04   1.2000000e-02
  -1.9877742e-02   4.6115075e-02   3.7971300e+04   1.2000000e-02
  -1.9878890e-02   4.4869998e-02   3.7971300e+04   1.2000000e-02
  -1.9706738e-02   7.2770108e-02   3.7971300e+04   1.2000000e-02
  -1.9536720e-02   2.6385679e-02   3.7971300e+04   1.2000000e-02
  -1.9536802e-02   5.8540586e-02   3.7968300e+04   1.2000000e-02
  -1.9356861e-02   6.3580847e-02   3.7965400e+04   1.2000000e-02
  -1.9362766e-02   6.0252660e-02   3.7962400e+04   1.2000000e-02
  -1.9198899e-02   8.5914892e-02   3.7962400e+04   1.2000000e-02
  -1.9193814e-02   6.1003431e-02   3.7962400e+04   1.2000000e-02
  -1.9025765e-02   4.0462650e-02   3.7962400e+04   1.2000000e-02
  -1.8844839e-02   9.7516350e-02   3.7962400e+04   1.2000000e-02
  -1.8849022e-02   9.6835331e-02   3.7965400e+04   1.2000000e-02
  -1.8670066e-02   5.4554800e-02   3.7965400e+04   1.2000000e-02
  -1.8662766e-02   8.5288623e-02   3.7965400e+04   1.2000000e-02
  -1.8489796e-02   7.3223489e-02   3.7965400e+04   1.2000000e-02
  -1.8487253e-02   7.2904941e-02   3.7965400e+04   1.2000000e-02
  -1.8317974e-02   4.4824890e-02   3.7965400e+04   1.2000000e-02
  -1.8147218e-02   4.2541908e-02   3.7965400e+04   1.2000000e-02
  -1.8157552e-02   9.8291720e-02   3.7965400e+04   1.2000000e-02
  -1.7974822e-02   1.0257649e-01   3.7965400e+04   1.2000000e-02
  -1.7981137e-02   5.9235914e-02   3.7965400e+04   1.2000000e-02
  -1.7803082e-02   3.4316574e-02   3.7965400e+04   1.2000000e-02
  -1.7804558e-02   4.3551765e-02   3.7965400e+04   1.2000000e-02
  -1.7636916e-02   4.4454836e-02   3.7965400e+04   1.2000000e-02
  -1.7459025e-02   5.8115337e-02   3.7965400e+04   1.2000000e-02
  -1.7463208e-02   8.1162752e-02   3.7962400e+04   1.2000000e-02
  -1.7285891e-02   1.1252789e-01   3.7962400e+04   1.2000000e-02
  -1.7283020e-02   6.6105614e-02   3.7962400e+04   1.2000000e-02
  -1.7106851e-02   6.6293921e-02   3.7962400e+04   1.2000000e-02
  -1.7095697e-02   3.4175180e-02   3.7962400e+04   1.2000000e-02
  -1.6927484e-02   4.7812059e-02   3.7959400e+04   1.2000000e-02
  -1.6759845e-02   1.1806940e-01   3.7962400e+04   1.2000000e-02
  -1.6755416e-02   8.5019777e-02   3.7962400e+04   1.2000000e-02
  -1.6582036e-02   9.4026628e-02   3.7962400e+04   1.2000000e-02
  -1.6579576e-02   4.9197382e-02   3.7965400e+04   1.2000000e-02
  -1.6401439e-02   9.2427328e-02   3.7962400e+04   1.2000000e-02
  -1.6398978e-02   9.6451170e-02   3.7962400e+04   1.2000000e-02
  -1.6238228e-02   8.3013268e-02   3.7959400e+04   1.2000000e-02
  -1.6062305e-02   8.2390525e-02   3.7959400e+04   1.2000000e-02
  -1.6060419e-02   5.5874018e-02   3.7962400e+04   1.2000000e-02
  -1.5871292e-02   8.2390060e-02   3.7962400e+04   1.2000000e-02
  -1.5876048e-02   8.9560642e-02   3.7962400e+04   1.2000000e-02
  -1.5711526e-02   6.7993855e-02   3.7959400e+04   1.2000000e-02
  -1.5714314e-02   5.9919514e-02   3.7956400e+04   1.2000000e-02
  -1.5532156e-02   5.5683168e-02   3.7956400e+04   1.2000000e-02
  -1.5370340e-02   5.5902313e-02   3.7956400e+04   1.2000000e-02
  -1.5374933e-02   5.1974754e-02   3.7959400e+04   1.2000000e-02
  -1.5182443e-02   3.7929110e-02   3.7962400e+04   1.2000000e-02
  -1.5189578e-02   8.4870280e-02   3.7959400e+04   1.2000000e-02
  -1.5042279e-02   1.1783007e-01   3.7959400e+04   1.2000000e-02
  -1.5032109e-02   6.2085624e-02   3.7959400e+04   1.2000000e-02
  -1.4854792e-02   3.7810270e-02   3.7959400e+04   1.2000000e-02
  -1.4689285e-02   6.1988764e-02   3.7959400e+04   1.2000000e-02
  -1.4680263e-02   1.2123645e-01   3.7959400e+04   1.2000000e-02
  -1.4500404e-02   9.3498777e-02   3.7959400e+04   1.2000000e-02
  -1.4498764e-02   7.4828970e-02   3.7962400e+04   1.2000000e-02
  -1.4317264e-02   7.6452930e-02   3.7962400e+04   1.2000000e-02
  -1.4327598e-02   7.8358479e-02   3.7962400e+04   1.2000000e-02
  -1.4144622e-02   4.5100791e-02   3.7959400e+04   1.2000000e-02
  -1.3973702e-02   1.0003098e-01   3.7962400e+04   1.2000000e-02
  -1.3979689e-02   1.3354240e-01   3.7962400e+04   1.2000000e-02
  -1.3813444e-02   4.9248149e-02   3.7962400e+04   1.2000000e-02
  -1.3807129e-02   4.0937931e-02   3.7959400e+04   1.2000000e-02
  -1.3642114e-02   9.3026410e-02   3.7956400e+04   1.2000000e-02
  -1.3633174e-02   8.0514502e-02   3.7956400e+04   1.2000000e-02
  -1.3463729e-02   8.5379414e-02   3.7956400e+04   1.2000000e-02
  -1.3290184e-02   5.2296992e-02   3.7956400e+04   1.2000000e-02
  -1.3301748e-02   8.1817320e-02   3.7956400e+04   1.2000000e-02
  -1.3110243e-02   6.9573883e-02   3.7956400e+04   1.2000000e-02
  -1.3107372e-02   5.2378597e-02   3.7956400e+04   1.2000000e-02
  -1.2932023e-02   9.8206480e-02   3.7956400e+04   1.2000000e-02
  -1.2934730e-02   9.6300840e-02   3.7956400e+04   1.2000000e-02
  -1.2763236e-02   4.8338435e-02   3.7953400e+04   1.2000000e-02
  -1.2584606e-02   5.4977014e-02   3.7953400e+04   1.2000000e-02
  -1.2595925e-02   8.4215368e-02   3.7956400e+04   1.2000000e-02
  -1.2424019e-02   7.8079463e-02   3.7956400e+04   1.2000000e-02
  -1.2417868e-02   5.7167320e-02   3.7956400e+04   1.2000000e-02
  -1.2238419e-02   4.6567310e-02   3.7956400e+04   1.2000000e-02
  -1.2236122e-02   1.1106075e-01   3.7959400e+04   1.2000000e-02
  -1.2067007e-02   1.0675524e-01   3.7959400e+04   1.2000000e-02
  -1.1902156e-02   8.8337711e-02   3.7959400e+04   1.2000000e-02
  -1.1884769e-02   6.8194877e-02   3.7959400e+04   1.2000000e-02
  -1.1700562e-02   9.2791180e-02   3.7956400e+04   1.2000000e-02
  -1.1700070e-02   8.5078254e-02   3.7956400e+04   1.2000000e-02
  -1.1514880e-02   5.6948667e-02   3.7956400e+04   1.2000000e-02
  -1.1517176e-02   8.0705762e-02   3.7956400e+04   1.2000000e-02
  -1.1354540e-02   9.6628690e-02   3.7956400e+04   1.2000000e-02
  -1.1185588e-02   7.4676723e-02   3.7956400e+04   1.2000000e-02
  -1.1191083e-02   6.8105478e-02   3.7956400e+04   1.2000000e-02
  -1.1021229e-02   4.0839265e-02   3.7956400e+04   1.2000000e-02
  -1.1018523e-02   6.5384368e-02   3.7956400e+04   1.2000000e-02
  -1.0842354e-02   7.2025840e-02   3.7959400e+04   1.2000000e-02
  -1.0844568e-02   1.1209021e-01   3.7956400e+04   1.2000000e-02
  -1.0675043e-02   7.6735393e-02   3.7956400e+04   1.2000000e-02
  -1.0673812e-02   4.1694031e-02   3.7956400e+04   1.2000000e-02
  -1.0514949e-02   7.1629140e-02   3.7956400e+04   1.2000000e-02
  -1.0331068e-02   5.4888438e-02   3.7956400e+04   1.2000000e-02
  -1.0317618e-02   6.1347813e-02   3.7956400e+04   1.2000000e-02
  -1.0142269e-02   1.1896608e-01   3.7959400e+04   1.2000000e-02
  -1.0143253e-02   1.0225704e-01   3.7959400e+04   1.2000000e-02
  -9.9797150e-03   7.6542983e-02   3.7956400e+04   1.2000000e-02
  -9.9780740e-03   2.2707204e-02   3.7956400e+04   1.2000000e-02
  -9.8151100e-03   5.4811754e-02   3.7956400e+04   1.2000000e-02
  -9.6317240e-03   5.0752969e-02   3.7956400e+04   1.2000000e-02
  -9.6322160e-03   4.8669777e-02   3.7956400e+04   1.2000000e-02
  -9.4548170e-03   5.6280240e-02   3.7956400e+04   1.2000000e-02
  -9.4693330e-03   9.2234591e-02   3.7953400e+04   1.2000000e-02
  -9.2841440e-03   6.9565353e-02   3.7953400e+04   1.2000000e-02
  -9.2898030e-03   8.7778856e-02   3.7956400e+04   1.2000000e-02
  -9.1154380e-03   1.0973623e-01   3.7956400e+04   1.2000000e-02
  -8.9390230e-03   1.0230463e-01   3.7956400e+04   1.2000000e-02
  -8.9302480e-03   7.5758835e-02   3.7956400e+04   1.2000000e-02
  -8.7533410e-03   8.1605717e-02   3.7956400e+04   1.2000000e-02
  -8.7555550e-03   8.9605833e-02   3.7959400e+04   1.2000000e-02
  -8.5868490e-03   8.4149820e-02   3.7956400e+04   1.2000000e-02
  -8.5849630e-03   7.8825490e-02   3.7956400e+04   1.2000000e-02
  -8.4136330e-03   6.5382318e-02   3.7953400e+04   1.2000000e-02
  -8.2498460e-03   1.0614379e-01   3.7953400e+04   1.2000000e-02
  -8.2572280e-03   1.0344167e-01   3.7953400e+04   1.2000000e-02
  -8.0746620e-03   7.5265265e-02   3.7956400e+04   1.2000000e-02
  -8.0728570e-03   6.6237330e-02   3.7956400e+04   1.2000000e-02
  -7.9098110e-03   7.7210180e-02   3.7953400e+04   1.2000000e-02
  -7.9011170e-03   6.7782911e-02   3.7953400e+04   1.2000000e-02
  -7.7303610e-03   8.2223459e-02   3.7953400e+04   1.2000000e-02
  -7.5591130e-03   1.1396962e-01   3.7953400e+04   1.2000000e-02
  -7.5538640e-03   8.7107050e-02   3.7953400e+04   1.2000000e-02
  -7.3729390e-03   1.2118072e-01   3.7953400e+04   1.2000000e-02
  -7.3806480e-03   9.5020580e-02   3.7953400e+04   1.2000000e-02
  -7.2097280e-03   4.0739534e-02   3.7953400e+04   1.2000000e-02
  -7.2109580e-03   4.3796580e-02   3.7953400e+04   1.2000000e-02
  -7.0335590e-03   6.2893147e-02   3.7953400e+04   1.2000000e-02
  -6.8675600e-03   1.0131026e-01   3.7953400e+04   1.2000000e-02
  -6.8632130e-03   8.6893090e-02   3.7953400e+04   1.2000000e-02
  -6.6822060e-03   9.5323840e-02   3.7953400e+04   1.2000000e-02
  -6.6802370e-03   8.4917829e-02   3.7953400e+04   1.2000000e-02
  -6.5016900e-03   9.8953980e-02   3.7953400e+04   1.2000000e-02
  -6.5119420e-03   9.7933436e-02   3.7956400e+04   1.2000000e-02
  -6.3297040e-03   9.8568760e-02   3.7956400e+04   1.2000000e-02
  -6.1475470e-03   7.1378799e-02   3.7956400e+04   1.2000000e-02
  -6.1521400e-03   1.0620199e-01   3.7959400e+04   1.2000000e-02
  -5.9779390e-03   5.6897653e-02   3.7959400e+04   1.2000000e-02
  -5.9850740e-03   5.3505410e-02   3.7959400e+04   1.2000000e-02
  -5.8059530e-03   5.2861013e-02   3.7959400e+04   1.2000000e-02
  -5.7998840e-03   6.8078166e-02   3.7956400e+04   1.2000000e-02
  -5.6429880e-03   7.7448024e-02   3.7959400e+04   1.2000000e-02
  -5.4657530e-03   7.8244478e-02   3.7959400e+04   1.2000000e-02
  -5.4687060e-03   1.3739796e-01   3.7959400e+04   1.2000000e-02
  -5.2858940e-03   9.5232585e-02   3.7959400e+04   1.2000000e-02
  -5.2813010e-03   7.5216660e-02   3.7959400e+04   1.2000000e-02
  -5.1148100e-03   1.3315144e-01   3.7959400e+04   1.2000000e-02
  -5.1185820e-03   6.2825566e-02   3.7956400e+04   1.2000000e-02
  -4.9474980e-03   8.6704045e-02   3.7959400e+04   1.2000000e-02
  -4.7702630e-03   1.0947887e-01   3.7962400e+04   1.2000000e-02
  -4.7755120e-03   1.5954192e-01   3.7959400e+04   1.2000000e-02
  -4.5943400e-03   9.2314803e-02   3.7959400e+04   1.2000000e-02
  -4.5990970e-03   9.7799120e-02   3.7959400e+04   1.2000000e-02
  -4.4262910e-03   7.6668797e-02   3.7959400e+04   1.2000000e-02
  -4.4196480e-03   9.0000340e-02   3.7962400e+04   1.2000000e-02
  -4.2510240e-03   8.9544630e-02   3.7965400e+04   1.2000000e-02
  -4.0687020e-03   1.1500809e-01   3.7965400e+04   1.2000000e-02
  -4.0755920e-03   1.2972703e-01   3.7968300e+04   1.2000000e-02
  -3.9067220e-03   9.7494220e-02   3.7965400e+04   1.2000000e-02
  -3.9096750e-03   7.9279348e-02   3.7965400e+04   1.2000000e-02
  -3.7245660e-03   1.2215608e-01   3.7965400e+04   1.2000000e-02
  -3.7275180e-03   1.2958277e-01   3.7965400e+04   1.2000000e-02
  -3.5612730e-03   1.0900184e-01   3.7965400e+04   1.2000000e-02
  -3.3623860e-03   7.4577977e-02   3.7965400e+04   1.2000000e-02
  -3.3668970e-03   1.5338075e-01   3.7962400e+04   1.2000000e-02
  -3.1930250e-03   1.3649063e-01   3.7962400e+04   1.2000000e-02
  -3.1938450e-03   6.4283802e-02   3.7962400e+04   1.2000000e-02
  -3.0198900e-03   1.0827893e-01   3.7962400e+04   1.2000000e-02
  -3.0147230e-03   1.0368747e-01   3.7962400e+04   1.2000000e-02
  -2.8486420e-03   7.6943794e-02   3.7962400e+04   1.2000000e-02
  -2.6755900e-03   1.1857266e-01   3.7962400e+04   1.2000000e-02
  -2.6769020e-03   8.5638270e-02   3.7962400e+04   1.2000000e-02
  -2.5091810e-03   6.1893052e-02   3.7962400e+04   1.2000000e-02
  -2.5127080e-03   9.9640010e-02   3.7962400e+04   1.2000000e-02
  -2.3337500e-03   6.3022323e-02   3.7962400e+04   1.2000000e-02
  -2.3267790e-03   5.5713104e-02   3.7959400e+04   1.2000000e-02
  -2.1451970e-03   8.2847410e-02   3.7959400e+04   1.2000000e-02
  -1.9676320e-03   7.1134474e-02   3.7959400e+04   1.2000000e-02
  -1.9720600e-03   6.5578640e-02   3.7959400e+04   1.2000000e-02
  -1.7993360e-03   1.3798072e-01   3.7959400e+04   1.2000000e-02
  -1.8002380e-03   1.3941343e-01   3.7959400e+04   1.2000000e-02
  -1.6223470e-03   7.6263967e-02   3.7959400e+04   1.2000000e-02
  -1.6305490e-03   1.3521445e-01   3.7956400e+04   1.2000000e-02
  -1.4573320e-03   1.0485040e-01   3.7956400e+04   1.2000000e-02
  -1.4671740e-03   9.0468350e-02   3.7956400e+04   1.2000000e-02
  -1.2817370e-03   1.2388058e-01   3.7956400e+04   1.2000000e-02
  -1.1076190e-03   1.4670567e-01   3.7956400e+04   1.2000000e-02
  -1.1070450e-03   8.9994832e-02   3.7959400e+04   1.2000000e-02
  -9.2800300e-04   1.0677749e-01   3.7962400e+04   1.2000000e-02
  -9.3046400e-04   1.2972785e-01   3.7959400e+04   1.2000000e-02
  -7.6725300e-04   7.3619707e-02   3.7956400e+04   1.2000000e-02
  -7.6528500e-04   5.3609651e-02   3.7956400e+04   1.2000000e-02
  -5.8952600e-04   1.2026273e-01   3.7953400e+04   1.2000000e-02
  -4.0999500e-04   1.3733239e-01   3.7956400e+04   1.2000000e-02
  -4.1376700e-04   9.8410570e-02   3.7959400e+04   1.2000000e-02
  -2.4834200e-04   8.9182470e-02   3.7962400e+04   1.2000000e-02
  -2.5621600e-04   1.0355871e-01   3.7965400e+04   1.2000000e-02
  -8.8331000e-05   7.3504557e-02   3.7962400e+04   1.2000000e-02
  -8.4066000e-05   1.1482531e-01   3.7962400e+04   1.2000000e-02
   1.1063900e-04   1.1508595e-01   3.7962400e+04   1.2000000e-02
   2.7622800e-04   1.1006244e-01   3.7965400e+04   1.2000000e-02
   2.7138900e-04   1.1273689e-01   3.7965400e+04   1.2000000e-02
   4.4772200e-04   1.1351841e-01   3.7962400e+04   1.2000000e-02
   4.4837800e-04   8.9760190e-02   3.7962400e+04   1.2000000e-02
   6.0880000e-04   6.9652946e-02   3.7962400e+04   1.2000000e-02
   6.2143000e-04   1.0054079e-01   3.7962400e+04   1.2000000e-02
   7.9235000e-04   1.1631376e-01   3.7962400e+04   1.2000000e-02
   9.6515600e-04   1.4133546e-01   3.7962400e+04   1.2000000e-02
   9.7204600e-04   1.4219853e-01   3.7959400e+04   1.2000000e-02
   1.1321400e-03   1.7322647e-01   3.7959400e+04   1.2000000e-02
   1.1374710e-03   1.5747154e-01   3.7956400e+04   1.2000000e-02
   1.2983030e-03   1.5632896e-01   3.7956400e+04   1.2000000e-02
   1.3031410e-03   1.6107709e-01   3.7956400e+04   1.2000000e-02
   1.4725030e-03   1.5947799e-01   3.7956400e+04   1.2000000e-02
   1.6494920e-03   1.2330602e-01   3.7959400e+04   1.2000000e-02
   1.6594160e-03   1.2665915e-01   3.7962400e+04   1.2000000e-02
   1.8419820e-03   1.2805498e-01   3.7965400e+04   1.2000000e-02
   1.8423920e-03   1.5886163e-01   3.7965400e+04   1.2000000e-02
   2.0099500e-03   1.9605073e-01   3.7962400e+04   1.2000000e-02
   2.0098680e-03   1.8243995e-01   3.7962400e+04   1.2000000e-02
   2.1909590e-03   1.6102709e-01   3.7962400e+04   1.2000000e-02
   2.3676200e-03   1.9642366e-01   3.7962400e+04   1.2000000e-02
   2.3608130e-03   1.8166949e-01   3.7962400e+04   1.2000000e-02
   2.5367360e-03   2.2265679e-01   3.7962400e+04   1.2000000e-02
   2.5392780e-03   1.7983762e-01   3.7962400e+04   1.2000000e-02
   2.6999460e-03   1.4215099e-01   3.7962400e+04   1.2000000e-02
   2.7038830e-03   1.9451228e-01   3.7962400e+04   1.2000000e-02
   2.8715230e-03   2.5134303e-01   3.7962400e+04   1.2000000e-02
   3.0339950e-03   2.2495257e-01   3.7962400e+04   1.2000000e-02
   3.0562210e-03   2.6501285e-01   3.7962400e+04   1.2000000e-02
   3.2265670e-03   2.6426453e-01   3.7962400e+04   1.2000000e-02
   3.2279610e-03   3.1160068e-01   3.7962400e+04   1.2000000e-02
   3.3950260e-03   3.3890751e-01   3.7962400e+04   1.2000000e-02
   3.3941240e-03   3.8296267e-01   3.7959400e+04   1.2000000e-02
   3.5756240e-03   4.1885104e-01   3.7959400e+04   1.2000000e-02
   3.7689340e-03   3.7588762e-01   3.7959400e+04   1.2000000e-02
   3.7640950e-03   4.3195041e-01   3.7962400e+04   1.2000000e-02
   3.9284540e-03   4.5412716e-01   3.7962400e+04   1.2000000e-02
