  -7.1378709e-02  -6.1907520e-02   3.7953400e+04   1.2000000e-02
  -7.1378709e-02  -3.8308057e-02   3.7956400e+04   1.2000000e-02
  -7.1207217e-02  -6.0138539e-02   3.7956400e+04   1.2000000e-02
  -7.1197949e-02  -6.7891594e-02   3.7956400e+04   1.2000000e-02
  -7.1024897e-02  -4.0271011e-02   3.7956400e+04   1.2000000e-02
  -7.1023749e-02   3.3074340e-03   3.7956400e+04   1.2000000e-02
  -7.0849794e-02  -5.8807186e-02   3.7956400e+04   1.2000000e-02
  -7.0678300e-02  -3.0096031e-02   3.7956400e+04   1.2000000e-02
  -7.0683303e-02  -4.6634821e-02   3.7956400e+04   1.2000000e-02
  -7.0503772e-02  -3.5935027e-02   3.7956400e+04   1.2000000e-02
  -7.0509185e-02  -4.9179096e-02   3.7956400e+04   1.2000000e-02
  -7.0339085e-02  -4.5774725e-02   3.7956400e+04   1.2000000e-02
  -7.0331375e-02  -3.9034631e-02   3.7953400e+04   1.2000000e-02
  -7.0153815e-02  -2.9037049e-02   3.7953400e+04   1.2000000e-02
  -6.9978056e-02  -1.9807781e-02   3.7953400e+04   1.2000000e-02
  -6.9981993e-02  -8.9264750e-03   3.7953400e+04   1.2000000e-02
  -6.9803610e-02  -4.5442563e-02   3.7950500e+04   1.2000000e-02
  -6.9810089e-02  -2.3992369e-02   3.7950500e+04   1.2000000e-02
  -6.9644664e-02  -5.9918246e-02   3.7947500e+04   1.2000000e-02
  -6.9638595e-02  -5.0944227e-02   3.7947500e+04   1.2000000e-02
  -6.9468495e-02  -4.0869228e-02   3.7947500e+04   1.2000000e-02
  -6.9295443e-02  -2.5680654e-02   3.7950500e+04   1.2000000e-02
  -6.9297903e-02   1.2731992e-02   3.7950500e+04   1.2000000e-02
  -6.9113865e-02  -4.7870380e-02   3.7947500e+04   1.2000000e-02
  -6.9104023e-02  -4.0614163e-02   3.7947500e+04   1.2000000e-02
  -6.8919899e-02  -3.5261189e-02   3.7944500e+04   1.2000000e-02
  -6.8925312e-02  -4.5979517e-02   3.7941500e+04   1.2000000e-02
  -6.8755458e-02  -2.3295977e-02   3.7944500e+04   1.2000000e-02
  -6.8572974e-02  -1.3454625e-02   3.7944500e+04   1.2000000e-02
  -6.8574040e-02  -6.1687478e-02   3.7944500e+04   1.2000000e-02
  -6.8401152e-02  -2.1490491e-02   3.7944500e+04   1.2000000e-02
  -6.8403612e-02  -5.3753492e-02   3.7947500e+04   1.2000000e-02
  -6.8234169e-02  -6.0191767e-02   3.7947500e+04   1.2000000e-02
  -6.8233266e-02  -4.4062001e-02   3.7947500e+04   1.2000000e-02
  -6.8053164e-02  -2.3767647e-02   3.7947500e+04   1.2000000e-02
  -6.7881998e-02  -1.7963011e-02   3.7947500e+04   1.2000000e-02
  -6.7888477e-02  -4.4427625e-02   3.7947500e+04   1.2000000e-02
  -6.7720674e-02  -3.3178248e-02   3.7947500e+04   1.2000000e-02
  -6.7715343e-02  -1.4930328e-02   3.7947500e+04   1.2000000e-02
  -6.7533269e-02   1.5587830e-03   3.7947500e+04   1.2000000e-02
  -6.7530644e-02  -3.9729957e-02   3.7947500e+04   1.2000000e-02
  -6.7354803e-02  -2.5477585e-02   3.7947500e+04   1.2000000e-02
  -6.7183555e-02  -3.8113188e-02   3.7947500e+04   1.2000000e-02
  -6.7187820e-02   8.2769900e-04   3.7947500e+04   1.2000000e-02
  -6.7023627e-02   1.2974921e-02   3.7944500e+04   1.2000000e-02
  -6.7031993e-02  -1.2262777e-02   3.7947500e+04   1.2000000e-02
  -6.6867388e-02  -1.6595077e-02   3.7947500e+04   1.2000000e-02
  -6.6858613e-02  -5.3421248e-02   3.7947500e+04   1.2000000e-02
  -6.6679573e-02  -2.9622147e-02   3.7950500e+04   1.2000000e-02
  -6.6512344e-02  -2.4890764e-02   3.7953400e+04   1.2000000e-02
  -6.6514066e-02  -2.0762852e-02   3.7953400e+04   1.2000000e-02
  -6.6333222e-02  -3.1177485e-02   3.7950500e+04   1.2000000e-02
  -6.6328630e-02  -4.7204005e-02   3.7950500e+04   1.2000000e-02
  -6.6165665e-02  -4.2906982e-02   3.7950500e+04   1.2000000e-02
  -6.6166731e-02  -2.0618012e-02   3.7953400e+04   1.2000000e-02
  -6.5986383e-02   1.1342720e-03   3.7953400e+04   1.2000000e-02
  -6.5986547e-02  -7.6275140e-03   3.7953400e+04   1.2000000e-02
  -6.5810460e-02  -1.5089109e-02   3.7950500e+04   1.2000000e-02
  -6.5642164e-02  -4.2477796e-02   3.7950500e+04   1.2000000e-02
  -6.5638064e-02  -2.6952711e-02   3.7950500e+04   1.2000000e-02
  -6.5471326e-02  -1.2332900e-02   3.7950500e+04   1.2000000e-02
  -6.5464519e-02  -4.4859354e-02   3.7953400e+04   1.2000000e-02
  -6.5284988e-02  -9.1887600e-03   3.7953400e+04   1.2000000e-02
  -6.5275228e-02  -5.0500770e-02   3.7953400e+04   1.2000000e-02
  -6.5100371e-02  -8.3324380e-03   3.7953400e+04   1.2000000e-02
  -6.4924532e-02  -2.1828886e-02   3.7953400e+04   1.2000000e-02
  -6.4932734e-02  -3.5045406e-02   3.7950500e+04   1.2000000e-02
  -6.4761404e-02  -5.5926650e-02   3.7950500e+04   1.2000000e-02
  -6.4760009e-02  -1.7476987e-02   3.7950500e+04   1.2000000e-02
  -6.4583348e-02  -3.5411359e-02   3.7950500e+04   1.2000000e-02
  -6.4588187e-02  -3.3759654e-02   3.7950500e+04   1.2000000e-02
  -6.4414643e-02  -3.3495483e-02   3.7950500e+04   1.2000000e-02
  -6.4240278e-02  -4.1445304e-02   3.7947500e+04   1.2000000e-02
  -6.4246840e-02   1.2538433e-02   3.7947500e+04   1.2000000e-02
  -6.4081087e-02   1.7482080e-02   3.7947500e+04   1.2000000e-02
  -6.4075674e-02   5.4143280e-03   3.7947500e+04   1.2000000e-02
  -6.3893684e-02  -4.1110764e-02   3.7947500e+04   1.2000000e-02
  -6.3891305e-02  -3.3164224e-02   3.7947500e+04   1.2000000e-02
  -6.3720959e-02  -3.5769521e-02   3.7950500e+04   1.2000000e-02
  -6.3560947e-02   5.6764490e-03   3.7950500e+04   1.2000000e-02
  -6.3551434e-02  -2.7444230e-02   3.7950500e+04   1.2000000e-02
  -6.3377971e-02  -1.3807211e-02   3.7950500e+04   1.2000000e-02
  -6.3372476e-02  -2.4584683e-02   3.7950500e+04   1.2000000e-02
  -6.3204345e-02   1.1285649e-02   3.7950500e+04   1.2000000e-02
  -6.3193847e-02  -1.2275736e-02   3.7953400e+04   1.2000000e-02
  -6.3025879e-02   2.6500747e-02   3.7953400e+04   1.2000000e-02
  -6.2854877e-02  -1.4837076e-02   3.7953400e+04   1.2000000e-02
  -6.2857010e-02  -8.5435400e-04   3.7953400e+04   1.2000000e-02
  -6.2685272e-02  -2.0264280e-02   3.7953400e+04   1.2000000e-02
  -6.2683221e-02  -3.6839984e-02   3.7953400e+04   1.2000000e-02
  -6.2505986e-02  -1.4145852e-02   3.7953400e+04   1.2000000e-02
  -6.2507381e-02  -1.7877141e-02   3.7953400e+04   1.2000000e-02
  -6.2331212e-02   2.2075522e-02   3.7953400e+04   1.2000000e-02
  -6.2156519e-02  -2.6544357e-02   3.7953400e+04   1.2000000e-02
  -6.2153156e-02   9.0261240e-03   3.7950500e+04   1.2000000e-02
  -6.1975757e-02  -2.7303820e-02   3.7950500e+04   1.2000000e-02
  -6.1990438e-02   6.7964530e-03   3.7950500e+04   1.2000000e-02
  -6.1802869e-02  -1.5490328e-02   3.7950500e+04   1.2000000e-02
  -6.1811481e-02  -3.8793998e-02   3.7950500e+04   1.2000000e-02
  -6.1636793e-02  -1.8234564e-02   3.7950500e+04   1.2000000e-02
  -6.1461526e-02  -1.4427903e-02   3.7950500e+04   1.2000000e-02
  -6.1448076e-02  -1.5552086e-02   3.7947500e+04   1.2000000e-02
  -6.1291918e-02  -1.0016704e-02   3.7947500e+04   1.2000000e-02
  -6.1291918e-02  -4.6371306e-02   3.7947500e+04   1.2000000e-02
  -6.1115257e-02  -4.0794761e-02   3.7947500e+04   1.2000000e-02
  -6.1123705e-02  -1.7788237e-02   3.7947500e+04   1.2000000e-02
  -6.0938760e-02  -8.8415890e-03   3.7947500e+04   1.2000000e-02
  -6.0774976e-02   6.4632250e-03   3.7947500e+04   1.2000000e-02
  -6.0781783e-02  -8.9845420e-03   3.7947500e+04   1.2000000e-02
  -6.0605288e-02  -6.9844320e-03   3.7950500e+04   1.2000000e-02
  -6.0590935e-02  -5.0567430e-03   3.7950500e+04   1.2000000e-02
  -6.0423870e-02  -1.3119346e-02   3.7953400e+04   1.2000000e-02
  -6.0425100e-02  -1.0215755e-02   3.7953400e+04   1.2000000e-02
  -6.0248686e-02  -3.8684015e-02   3.7953400e+04   1.2000000e-02
  -6.0077438e-02   2.0225252e-02   3.7953400e+04   1.2000000e-02
  -6.0079570e-02  -2.9499124e-02   3.7953400e+04   1.2000000e-02
  -5.9913981e-02  -2.6690098e-02   3.7953400e+04   1.2000000e-02
  -5.9911274e-02  -2.8505097e-02   3.7953400e+04   1.2000000e-02
  -5.9727560e-02  -1.5411430e-02   3.7956400e+04   1.2000000e-02
  -5.9732645e-02  -2.0936090e-03   3.7956400e+04   1.2000000e-02
  -5.9564926e-02  -1.9126398e-02   3.7956400e+04   1.2000000e-02
  -5.9384410e-02  -4.6899320e-02   3.7953400e+04   1.2000000e-02
  -5.9390479e-02  -2.3559902e-02   3.7950500e+04   1.2000000e-02
  -5.9205453e-02  -1.8674002e-02   3.7950500e+04   1.2000000e-02
  -5.9209553e-02   3.0850080e-03   3.7950500e+04   1.2000000e-02
  -5.9026987e-02  -1.0682096e-02   3.7950500e+04   1.2000000e-02
  -5.9036255e-02  -4.3008080e-03   3.7953400e+04   1.2000000e-02
  -5.8868944e-02   5.2485750e-03   3.7953400e+04   1.2000000e-02
  -5.8683343e-02  -1.0769114e-02   3.7953400e+04   1.2000000e-02
  -5.8678340e-02  -2.4047401e-02   3.7956400e+04   1.2000000e-02
  -5.8512671e-02  -1.0961112e-02   3.7956400e+04   1.2000000e-02
  -5.8513409e-02  -4.2371750e-02   3.7956400e+04   1.2000000e-02
  -5.8324364e-02  -2.8512643e-02   3.7956400e+04   1.2000000e-02
  -5.8322806e-02  -3.8288373e-02   3.7956400e+04   1.2000000e-02
  -5.8158201e-02  -1.4001751e-02   3.7956400e+04   1.2000000e-02
  -5.7999337e-02   1.5136274e-02   3.7959400e+04   1.2000000e-02
  -5.7988839e-02   2.4453558e-02   3.7959400e+04   1.2000000e-02
  -5.7829319e-02   1.2915460e-02   3.7956400e+04   1.2000000e-02
  -5.7823250e-02   9.8746500e-04   3.7953400e+04   1.2000000e-02
  -5.7640192e-02  -2.3130962e-02   3.7953400e+04   1.2000000e-02
  -5.7640356e-02  -2.7975361e-02   3.7956400e+04   1.2000000e-02
  -5.7465501e-02  -2.1592025e-02   3.7959400e+04   1.2000000e-02
  -5.7288102e-02  -1.3240237e-02   3.7959400e+04   1.2000000e-02
  -5.7291547e-02   3.2842266e-02   3.7959400e+04   1.2000000e-02
  -5.7120709e-02   2.2418428e-02   3.7956400e+04   1.2000000e-02
  -5.7121939e-02  -3.0366435e-02   3.7956400e+04   1.2000000e-02
  -5.6946344e-02  -2.4566393e-02   3.7956400e+04   1.2000000e-02
  -5.6954792e-02  -2.1207292e-02   3.7959400e+04   1.2000000e-02
  -5.6772800e-02  -2.8205168e-02   3.7959400e+04   1.2000000e-02
  -5.6772718e-02  -2.1195260e-03   3.7956400e+04   1.2000000e-02
  -5.6602700e-02  -2.0859138e-02   3.7953400e+04   1.2000000e-02
  -5.6433259e-02  -2.2194210e-03   3.7953400e+04   1.2000000e-02
  -5.6422269e-02  -1.3277882e-02   3.7953400e+04   1.2000000e-02
  -5.6247248e-02  -2.7978232e-02   3.7953400e+04   1.2000000e-02
  -5.6241999e-02  -2.8292842e-02   3.7953400e+04   1.2000000e-02
  -5.6063534e-02  -1.5714560e-02   3.7953400e+04   1.2000000e-02
  -5.6063616e-02  -3.5077146e-02   3.7953400e+04   1.2000000e-02
  -5.5901389e-02  -1.8135490e-02   3.7953400e+04   1.2000000e-02
  -5.5728255e-02  -1.3863145e-02   3.7950500e+04   1.2000000e-02
  -5.5728337e-02  -1.0766982e-02   3.7950500e+04   1.2000000e-02
  -5.5557499e-02  -2.8976357e-02   3.7950500e+04   1.2000000e-02
  -5.5556679e-02  -3.3839127e-02   3.7950500e+04   1.2000000e-02
  -5.5372802e-02  -3.4134054e-02   3.7950500e+04   1.2000000e-02
  -5.5378051e-02  -2.7082869e-02   3.7947500e+04   1.2000000e-02
  -5.5198520e-02   1.5819120e-03   3.7947500e+04   1.2000000e-02
  -5.5033669e-02  -5.7329000e-05   3.7947500e+04   1.2000000e-02
  -5.5029322e-02  -7.3089670e-03   3.7950500e+04   1.2000000e-02
  -5.4848068e-02   9.4279170e-03   3.7947500e+04   1.2000000e-02
  -5.4850611e-02  -1.2098583e-02   3.7947500e+04   1.2000000e-02
  -5.4682233e-02  -1.6499119e-02   3.7947500e+04   1.2000000e-02
  -5.4686416e-02   5.2343040e-03   3.7944500e+04   1.2000000e-02
  -5.4487119e-02   1.6000472e-02   3.7944500e+04   1.2000000e-02
  -5.4327927e-02   1.9763749e-02   3.7947500e+04   1.2000000e-02
  -5.4331126e-02   3.8379292e-02   3.7947500e+04   1.2000000e-02
  -5.4149462e-02   2.1346649e-02   3.7947500e+04   1.2000000e-02
  -5.4153071e-02  -5.0361918e-02   3.7947500e+04   1.2000000e-02
  -5.3978132e-02  -3.9325129e-02   3.7947500e+04   1.2000000e-02
  -5.3981659e-02  -2.1209670e-02   3.7947500e+04   1.2000000e-02
  -5.3806556e-02  -1.6217068e-02   3.7947500e+04   1.2000000e-02
  -5.3637194e-02  -2.8186387e-02   3.7944500e+04   1.2000000e-02
  -5.3635390e-02  -3.6350927e-02   3.7941500e+04   1.2000000e-02
  -5.3459221e-02  -2.8929691e-02   3.7941500e+04   1.2000000e-02
  -5.3455120e-02  -3.1345698e-02   3.7941500e+04   1.2000000e-02
  -5.3283464e-02  -3.1511942e-02   3.7944500e+04   1.2000000e-02
  -5.3286417e-02  -4.4589031e-02   3.7947500e+04   1.2000000e-02
  -5.3116563e-02  -2.0036934e-02   3.7950500e+04   1.2000000e-02
  -5.2939164e-02   3.7091979e-02   3.7953400e+04   1.2000000e-02
  -5.2927846e-02   2.4523599e-02   3.7953400e+04   1.2000000e-02
  -5.2755039e-02   2.6138238e-02   3.7953400e+04   1.2000000e-02
  -5.2758320e-02  -2.5190859e-02   3.7953400e+04   1.2000000e-02
  -5.2589286e-02  -2.0743824e-02   3.7953400e+04   1.2000000e-02
  -5.2594699e-02   1.8850400e-03   3.7953400e+04   1.2000000e-02
  -5.2429274e-02   1.2820487e-02   3.7956400e+04   1.2000000e-02
  -5.2246628e-02   8.3209540e-03   3.7956400e+04   1.2000000e-02
  -5.2260325e-02  -6.6646540e-03   3.7956400e+04   1.2000000e-02
  -5.2071608e-02  -2.9213900e-04   3.7956400e+04   1.2000000e-02
  -5.2087601e-02   1.4465388e-02   3.7956400e+04   1.2000000e-02
  -5.1907987e-02  -8.0813050e-03   3.7953400e+04   1.2000000e-02
  -5.1901016e-02  -6.4729840e-03   3.7953400e+04   1.2000000e-02
  -5.1738625e-02   7.4379700e-04   3.7953400e+04   1.2000000e-02
  -5.1551138e-02   8.4027250e-03   3.7956400e+04   1.2000000e-02
  -5.1566721e-02   1.2293125e-02   3.7956400e+04   1.2000000e-02
  -5.1381859e-02  -3.2361129e-02   3.7953400e+04   1.2000000e-02
  -5.1389568e-02  -3.7451654e-02   3.7953400e+04   1.2000000e-02
  -5.1221849e-02  -2.5635792e-02   3.7956400e+04   1.2000000e-02
  -5.1212089e-02  -2.4810799e-02   3.7956400e+04   1.2000000e-02
  -5.1035674e-02  -1.9946881e-02   3.7956400e+04   1.2000000e-02
  -5.0863934e-02  -1.1374633e-02   3.7959400e+04   1.2000000e-02
  -5.0867707e-02  -1.3114589e-02   3.7959400e+04   1.2000000e-02
  -5.0685305e-02   9.4800790e-03   3.7959400e+04   1.2000000e-02
  -5.0684402e-02  -3.2932470e-03   3.7959400e+04   1.2000000e-02
  -5.0510858e-02  -1.1104967e-02   3.7956400e+04   1.2000000e-02
  -5.0499868e-02  -1.6532991e-02   3.7953400e+04   1.2000000e-02
  -5.0344121e-02  -4.5912593e-02   3.7953400e+04   1.2000000e-02
  -5.0174678e-02  -4.6214082e-02   3.7953400e+04   1.2000000e-02
  -5.0169101e-02  -2.6887673e-02   3.7956400e+04   1.2000000e-02
  -4.9997279e-02  -3.7952630e-03   3.7959400e+04   1.2000000e-02
  -4.9984075e-02  -9.9279630e-03   3.7959400e+04   1.2000000e-02
  -4.9813319e-02  -7.7309360e-03   3.7956400e+04   1.2000000e-02
  -4.9810940e-02  -1.3242210e-03   3.7956400e+04   1.2000000e-02
  -4.9646171e-02  -1.6201977e-02   3.7956400e+04   1.2000000e-02
  -4.9473857e-02   4.8229150e-03   3.7956400e+04   1.2000000e-02
  -4.9479024e-02  -1.8230390e-03   3.7953400e+04   1.2000000e-02
  -4.9312861e-02   4.8697460e-03   3.7953400e+04   1.2000000e-02
  -4.9312533e-02  -1.0047869e-02   3.7956400e+04   1.2000000e-02
  -4.9133004e-02  -3.0092341e-02   3.7959400e+04   1.2000000e-02
  -4.9118077e-02  -4.0193588e-02   3.7959400e+04   1.2000000e-02
  -4.8947895e-02  -2.6573636e-02   3.7959400e+04   1.2000000e-02
  -4.8773120e-02  -1.7090038e-02   3.7959400e+04   1.2000000e-02
  -4.8780830e-02   5.1346924e-02   3.7956400e+04   1.2000000e-02
  -4.8602610e-02   1.5344429e-02   3.7956400e+04   1.2000000e-02
  -4.8600642e-02   2.9912099e-02   3.7956400e+04   1.2000000e-02
  -4.8427262e-02  -1.2218653e-02   3.7956400e+04   1.2000000e-02
  -4.8425621e-02   1.0467298e-02   3.7956400e+04   1.2000000e-02
  -4.8259704e-02  -1.8923000e-02   3.7956400e+04   1.2000000e-02
  -4.8086982e-02   1.6291872e-02   3.7956400e+04   1.2000000e-02
  -4.8075664e-02   3.5090280e-03   3.7956400e+04   1.2000000e-02
  -4.7912782e-02   3.1582480e-03   3.7956400e+04   1.2000000e-02
  -4.7911059e-02   1.0828413e-02   3.7956400e+04   1.2000000e-02
  -4.7725377e-02  -2.2536024e-02   3.7956400e+04   1.2000000e-02
  -4.7720456e-02  -2.1968724e-02   3.7953400e+04   1.2000000e-02
  -4.7538956e-02   3.4848300e-04   3.7953400e+04   1.2000000e-02
  -4.7542564e-02   1.6569822e-02   3.7953400e+04   1.2000000e-02
  -4.7372465e-02  -4.8685180e-03   3.7956400e+04   1.2000000e-02
  -4.7188340e-02  -3.3306400e-04   3.7959400e+04   1.2000000e-02
  -4.7192523e-02  -4.3896495e-02   3.7959400e+04   1.2000000e-02
  -4.7028002e-02  -3.9257794e-02   3.7956400e+04   1.2000000e-02
  -4.7036942e-02  -4.1688400e-04   3.7953400e+04   1.2000000e-02
  -4.6859625e-02  -1.0667251e-02   3.7953400e+04   1.2000000e-02
  -4.6858887e-02  -2.1176782e-02   3.7956400e+04   1.2000000e-02
  -4.6693298e-02   7.9610710e-03   3.7956400e+04   1.2000000e-02
  -4.6518277e-02  -2.0571100e-02   3.7956400e+04   1.2000000e-02
  -4.6519015e-02  -1.5162841e-02   3.7953400e+04   1.2000000e-02
  -4.6344979e-02  -2.8586480e-03   3.7953400e+04   1.2000000e-02
  -4.6330872e-02  -3.6478000e-03   3.7953400e+04   1.2000000e-02
  -4.6164709e-02   7.3566180e-03   3.7956400e+04   1.2000000e-02
  -4.6161018e-02   1.0620094e-02   3.7956400e+04   1.2000000e-02
  -4.5985258e-02   1.0729913e-02   3.7956400e+04   1.2000000e-02
  -4.5811140e-02   1.0542250e-03   3.7956400e+04   1.2000000e-02
  -4.5809664e-02   3.4557371e-02   3.7956400e+04   1.2000000e-02
  -4.5640466e-02   4.7624700e-03   3.7953400e+04   1.2000000e-02
  -4.5638498e-02  -7.6563840e-03   3.7953400e+04   1.2000000e-02
  -4.5467742e-02  -1.6120946e-02   3.7953400e+04   1.2000000e-02
  -4.5463313e-02  -1.9371542e-02   3.7953400e+04   1.2000000e-02
  -4.5296904e-02   2.0296359e-02   3.7953400e+04   1.2000000e-02
  -4.5122293e-02  -1.8384898e-02   3.7953400e+04   1.2000000e-02
  -4.5117372e-02  -4.2776790e-03   3.7953400e+04   1.2000000e-02
  -4.4940057e-02  -1.0149486e-02   3.7953400e+04   1.2000000e-02
  -4.4938745e-02   4.7354050e-03   3.7950500e+04   1.2000000e-02
  -4.4778323e-02  -5.9961460e-03   3.7950500e+04   1.2000000e-02
  -4.4775042e-02   3.8254383e-02   3.7953400e+04   1.2000000e-02
  -4.4613308e-02   3.2198934e-02   3.7953400e+04   1.2000000e-02
  -4.4431480e-02   2.9088334e-02   3.7953400e+04   1.2000000e-02
  -4.4441978e-02  -2.2419972e-02   3.7953400e+04   1.2000000e-02
  -4.4253425e-02  -6.7875900e-04   3.7956400e+04   1.2000000e-02
  -4.4263103e-02   1.8795065e-02   3.7953400e+04   1.2000000e-02
  -4.4088902e-02  -4.2752190e-03   3.7953400e+04   1.2000000e-02
  -4.4093905e-02   2.6200734e-02   3.7953400e+04   1.2000000e-02
  -4.3908059e-02   3.8610739e-02   3.7953400e+04   1.2000000e-02
  -4.3740912e-02   1.9245576e-02   3.7953400e+04   1.2000000e-02
  -4.3735909e-02  -8.3461340e-03   3.7953400e+04   1.2000000e-02
  -4.3558838e-02  -9.0714780e-03   3.7950500e+04   1.2000000e-02
  -4.3561216e-02  -1.4667223e-02   3.7950500e+04   1.2000000e-02
  -4.3394151e-02  -3.5040895e-02   3.7950500e+04   1.2000000e-02
  -4.3385704e-02  -9.9724150e-03   3.7950500e+04   1.2000000e-02
  -4.3222247e-02  -1.3845030e-03   3.7947500e+04   1.2000000e-02
  -4.3055428e-02   2.7314400e-03   3.7947500e+04   1.2000000e-02
  -4.3065188e-02   1.2640873e-02   3.7947500e+04   1.2000000e-02
  -4.2871716e-02   1.5145770e-03   3.7947500e+04   1.2000000e-02
  -4.2867861e-02   1.8832464e-02   3.7944500e+04   1.2000000e-02
  -4.2697269e-02   9.7606540e-03   3.7944500e+04   1.2000000e-02
  -4.2698417e-02   1.2235468e-02   3.7944500e+04   1.2000000e-02
  -4.2514949e-02   1.8925060e-02   3.7944500e+04   1.2000000e-02
  -4.2352067e-02   7.1870100e-03   3.7941500e+04   1.2000000e-02
  -4.2350016e-02   3.6906214e-02   3.7941500e+04   1.2000000e-02
  -4.2173765e-02   2.5833223e-02   3.7941500e+04   1.2000000e-02
  -4.2154492e-02   2.6283242e-02   3.7944500e+04   1.2000000e-02
  -4.1997104e-02   1.7974255e-02   3.7947500e+04   1.2000000e-02
  -4.1982259e-02   1.9703550e-02   3.7950500e+04   1.2000000e-02
  -4.1816095e-02  -3.7456400e-04   3.7953400e+04   1.2000000e-02
  -4.1640583e-02   3.5596425e-02   3.7953400e+04   1.2000000e-02
  -4.1637958e-02   2.0323424e-02   3.7956400e+04   1.2000000e-02
  -4.1471303e-02   2.0171778e-02   3.7956400e+04   1.2000000e-02
  -4.1471713e-02   3.9721723e-02   3.7953400e+04   1.2000000e-02
  -4.1320641e-02   3.3054660e-03   3.7953400e+04   1.2000000e-02
  -4.1311537e-02   2.2728110e-03   3.7956400e+04   1.2000000e-02
  -4.1141929e-02  -2.3477750e-03   3.7956400e+04   1.2000000e-02
  -4.0953130e-02  -1.8069640e-03   3.7959400e+04   1.2000000e-02
  -4.0960676e-02   1.0582449e-02   3.7959400e+04   1.2000000e-02
  -4.0784919e-02  -7.2551650e-03   3.7959400e+04   1.2000000e-02
  -4.0787543e-02   1.3447002e-02   3.7956400e+04   1.2000000e-02
  -4.0607027e-02  -3.2258117e-02   3.7956400e+04   1.2000000e-02
  -4.0603747e-02  -6.6635880e-03   3.7953400e+04   1.2000000e-02
  -4.0425774e-02   1.7487575e-02   3.7953400e+04   1.2000000e-02
  -4.0251737e-02   2.8648322e-02   3.7953400e+04   1.2000000e-02
  -4.0245586e-02   2.9010256e-02   3.7953400e+04   1.2000000e-02
  -4.0077783e-02  -9.7558130e-03   3.7953400e+04   1.2000000e-02
  -4.0075814e-02   1.8193729e-02   3.7953400e+04   1.2000000e-02
  -3.9897595e-02   1.6006623e-02   3.7953400e+04   1.2000000e-02
  -3.9910881e-02   2.3729362e-02   3.7953400e+04   1.2000000e-02
  -3.9737092e-02   2.5254605e-02   3.7956400e+04   1.2000000e-02
  -3.9558627e-02  -1.3517790e-03   3.7956400e+04   1.2000000e-02
  -3.9566172e-02   2.1503052e-02   3.7959400e+04   1.2000000e-02
  -3.9381227e-02   4.1882092e-02   3.7959400e+04   1.2000000e-02
  -3.9379833e-02   1.5355091e-02   3.7956400e+04   1.2000000e-02
  -3.9219739e-02   3.9268178e-02   3.7956400e+04   1.2000000e-02
  -3.9208995e-02   1.3813612e-02   3.7953400e+04   1.2000000e-02
  -3.9049229e-02   2.7435806e-02   3.7953400e+04   1.2000000e-02
  -3.8868386e-02   4.1885536e-02   3.7950500e+04   1.2000000e-02
  -3.8870600e-02   5.3151429e-02   3.7947500e+04   1.2000000e-02
  -3.8690986e-02   6.2544417e-02   3.7947500e+04   1.2000000e-02
  -3.8699844e-02   2.1736385e-02   3.7947500e+04   1.2000000e-02
  -3.8524495e-02   1.8837467e-02   3.7950500e+04   1.2000000e-02
  -3.8526628e-02  -2.4361601e-02   3.7950500e+04   1.2000000e-02
  -3.8350459e-02  -4.3350900e-03   3.7953400e+04   1.2000000e-02
  -3.8363253e-02   5.1077504e-02   3.7953400e+04   1.2000000e-02
  -3.8180195e-02   4.0339053e-02   3.7956400e+04   1.2000000e-02
  -3.8005666e-02   3.0138297e-02   3.7956400e+04   1.2000000e-02
  -3.8004518e-02   3.9482730e-02   3.7956400e+04   1.2000000e-02
  -3.7832368e-02   2.8181654e-02   3.7956400e+04   1.2000000e-02
  -3.7833762e-02   4.9272836e-02   3.7953400e+04   1.2000000e-02
  -3.7664812e-02   9.9393650e-03   3.7953400e+04   1.2000000e-02
  -3.7661039e-02   2.1097814e-02   3.7950500e+04   1.2000000e-02
  -3.7477653e-02   3.1598172e-02   3.7950500e+04   1.2000000e-02
  -3.7300500e-02   4.1061200e-02   3.7950500e+04   1.2000000e-02
  -3.7308619e-02   2.0032270e-02   3.7953400e+04   1.2000000e-02
  -3.7138519e-02   2.4036099e-02   3.7953400e+04   1.2000000e-02
  -3.7129662e-02   4.4757637e-02   3.7953400e+04   1.2000000e-02
  -3.6965959e-02   2.6017921e-02   3.7953400e+04   1.2000000e-02
  -3.6953247e-02   4.8674288e-02   3.7953400e+04   1.2000000e-02
  -3.6777980e-02   5.6013362e-02   3.7953400e+04   1.2000000e-02
  -3.6613376e-02   8.8437210e-03   3.7953400e+04   1.2000000e-02
  -3.6605749e-02   2.4122708e-02   3.7956400e+04   1.2000000e-02
  -3.6435403e-02   2.8818340e-02   3.7953400e+04   1.2000000e-02
  -3.6428596e-02   1.8928095e-02   3.7953400e+04   1.2000000e-02
  -3.6272603e-02   4.3457857e-02   3.7953400e+04   1.2000000e-02
  -3.6272439e-02   2.6302926e-02   3.7953400e+04   1.2000000e-02
  -3.6089134e-02   4.4682429e-02   3.7953400e+04   1.2000000e-02
  -3.5918542e-02   6.5598920e-02   3.7953400e+04   1.2000000e-02
  -3.5905666e-02   4.0477167e-02   3.7953400e+04   1.2000000e-02
  -3.5739257e-02   5.4946210e-03   3.7950500e+04   1.2000000e-02
  -3.5752707e-02  -1.5534540e-03   3.7950500e+04   1.2000000e-02
  -3.5579818e-02   2.1302524e-02   3.7953400e+04   1.2000000e-02
  -3.5571945e-02   5.6053960e-02   3.7953400e+04   1.2000000e-02
  -3.5391347e-02   4.1150515e-02   3.7950500e+04   1.2000000e-02
  -3.5211241e-02   2.7206078e-02   3.7950500e+04   1.2000000e-02
  -3.5227398e-02   1.6901411e-02   3.7950500e+04   1.2000000e-02
  -3.5045324e-02   5.1956546e-02   3.7950500e+04   1.2000000e-02
  -3.5034334e-02   3.6114929e-02   3.7947500e+04   1.2000000e-02
  -3.4868171e-02   1.5357224e-02   3.7950500e+04   1.2000000e-02
  -3.4880309e-02   2.4226704e-02   3.7950500e+04   1.2000000e-02
  -3.4695037e-02   4.1441669e-02   3.7953400e+04   1.2000000e-02
  -3.4521166e-02   7.1519291e-02   3.7953400e+04   1.2000000e-02
  -3.4515097e-02   5.4614343e-02   3.7953400e+04   1.2000000e-02
  -3.4345489e-02   1.1319603e-02   3.7950500e+04   1.2000000e-02
  -3.4352379e-02   7.0612800e-03   3.7953400e+04   1.2000000e-02
  -3.4171535e-02   3.8332461e-02   3.7953400e+04   1.2000000e-02
  -3.4178014e-02   4.8946415e-02   3.7953400e+04   1.2000000e-02
  -3.3992331e-02   4.4901246e-02   3.7953400e+04   1.2000000e-02
  -3.3806567e-02   1.9330298e-02   3.7953400e+04   1.2000000e-02
  -3.3811324e-02   5.4944454e-02   3.7953400e+04   1.2000000e-02
  -3.3640896e-02   7.6560372e-02   3.7956400e+04   1.2000000e-02
  -3.3643438e-02   2.6951011e-02   3.7956400e+04   1.2000000e-02
  -3.3473011e-02   3.9489866e-02   3.7956400e+04   1.2000000e-02
  -3.3483427e-02   4.7997495e-02   3.7956400e+04   1.2000000e-02
  -3.3298811e-02   4.2075815e-02   3.7956400e+04   1.2000000e-02
  -3.3138553e-02   3.2828979e-02   3.7956400e+04   1.2000000e-02
  -3.3133468e-02   4.1660322e-02   3.7956400e+04   1.2000000e-02
  -3.2960334e-02   2.2073635e-02   3.7959400e+04   1.2000000e-02
  -3.2950410e-02   2.9824753e-02   3.7959400e+04   1.2000000e-02
  -3.2782770e-02   4.8369929e-02   3.7959400e+04   1.2000000e-02
  -3.2794581e-02   5.3076139e-02   3.7956400e+04   1.2000000e-02
  -3.2611933e-02   6.7163778e-02   3.7953400e+04   1.2000000e-02
  -3.2427971e-02   6.3328978e-02   3.7953400e+04   1.2000000e-02
  -3.2428545e-02   6.0920103e-02   3.7953400e+04   1.2000000e-02
  -3.2262464e-02   4.1447903e-02   3.7956400e+04   1.2000000e-02
  -3.2249998e-02   5.0297865e-02   3.7956400e+04   1.2000000e-02
  -3.2087362e-02   4.4392341e-02   3.7956400e+04   1.2000000e-02
  -3.2078996e-02   3.9636345e-02   3.7956400e+04   1.2000000e-02
  -3.1908896e-02   4.1626286e-02   3.7956400e+04   1.2000000e-02
  -3.1734450e-02   7.5238282e-02   3.7956400e+04   1.2000000e-02
  -3.1737976e-02   6.8074410e-02   3.7956400e+04   1.2000000e-02
  -3.1563202e-02   6.7557041e-02   3.7956400e+04   1.2000000e-02
  -3.1558691e-02   6.2708530e-02   3.7956400e+04   1.2000000e-02
  -3.1385885e-02   5.1769059e-02   3.7956400e+04   1.2000000e-02
  -3.1397695e-02   2.7248152e-02   3.7956400e+04   1.2000000e-02
  -3.1206846e-02   4.6621030e-02   3.7959400e+04   1.2000000e-02
  -3.1024526e-02   8.4651440e-02   3.7962400e+04   1.2000000e-02
  -3.1038633e-02   7.7977436e-02   3.7959400e+04   1.2000000e-02
  -3.0857789e-02   4.9237405e-02   3.7956400e+04   1.2000000e-02
  -3.0860987e-02   3.8775426e-02   3.7953400e+04   1.2000000e-02
  -3.0699827e-02   4.2579471e-02   3.7953400e+04   1.2000000e-02
  -3.0695316e-02   5.4277584e-02   3.7953400e+04   1.2000000e-02
  -3.0522920e-02   8.2617133e-02   3.7953400e+04   1.2000000e-02
  -3.0348720e-02   5.1132044e-02   3.7953400e+04   1.2000000e-02
  -3.0347982e-02   6.6200013e-02   3.7953400e+04   1.2000000e-02
  -3.0182558e-02   7.1661096e-02   3.7953400e+04   1.2000000e-02
  -3.0179851e-02   7.1415050e-02   3.7950500e+04   1.2000000e-02
  -2.9996547e-02   5.6351265e-02   3.7950500e+04   1.2000000e-02
  -3.0009259e-02   4.8921154e-02   3.7950500e+04   1.2000000e-02
  -2.9831368e-02   4.7305204e-02   3.7950500e+04   1.2000000e-02
  -2.9666517e-02   5.9806497e-02   3.7950500e+04   1.2000000e-02
  -2.9660120e-02   6.6452129e-02   3.7947500e+04   1.2000000e-02
  -2.9486001e-02   5.3234101e-02   3.7950500e+04   1.2000000e-02
  -2.9489118e-02   4.8803134e-02   3.7950500e+04   1.2000000e-02
  -2.9320905e-02   4.0789482e-02   3.7953400e+04   1.2000000e-02
  -2.9313605e-02   5.2301339e-02   3.7953400e+04   1.2000000e-02
  -2.9132104e-02   5.7882741e-02   3.7953400e+04   1.2000000e-02
  -2.9123001e-02   5.3730788e-02   3.7953400e+04   1.2000000e-02
  -2.8946750e-02   4.6667861e-02   3.7953400e+04   1.2000000e-02
  -2.8774682e-02   5.8745299e-02   3.7953400e+04   1.2000000e-02
  -2.8763363e-02   5.9896878e-02   3.7953400e+04   1.2000000e-02
  -2.8597857e-02   5.1375219e-02   3.7953400e+04   1.2000000e-02
  -2.8603434e-02   4.5532274e-02   3.7953400e+04   1.2000000e-02
  -2.8428413e-02   4.3262497e-02   3.7953400e+04   1.2000000e-02
  -2.8424804e-02   3.0297161e-02   3.7953400e+04   1.2000000e-02
  -2.8251260e-02   3.9615267e-02   3.7953400e+04   1.2000000e-02
  -2.8080751e-02   8.8514350e-02   3.7953400e+04   1.2000000e-02
  -2.8085754e-02   6.7496268e-02   3.7953400e+04   1.2000000e-02
  -2.7912948e-02   4.8703485e-02   3.7953400e+04   1.2000000e-02
  -2.7907617e-02   4.5765689e-02   3.7953400e+04   1.2000000e-02
  -2.7732760e-02   3.8889760e-02   3.7953400e+04   1.2000000e-02
  -2.7727593e-02   4.7556581e-02   3.7953400e+04   1.2000000e-02
  -2.7549538e-02   5.8348424e-02   3.7953400e+04   1.2000000e-02
  -2.7391822e-02   4.6255488e-02   3.7953400e+04   1.2000000e-02
  -2.7393216e-02   6.1138100e-02   3.7956400e+04   1.2000000e-02
  -2.7222543e-02   8.5888729e-02   3.7956400e+04   1.2000000e-02
  -2.7217950e-02   4.7421256e-02   3.7956400e+04   1.2000000e-02
  -2.7042354e-02   6.5392488e-02   3.7959400e+04   1.2000000e-02
  -2.7051458e-02   7.3669080e-02   3.7956400e+04   1.2000000e-02
  -2.6883736e-02   5.9753677e-02   3.7956400e+04   1.2000000e-02
  -2.6705271e-02   9.4298591e-02   3.7953400e+04   1.2000000e-02
  -2.6699940e-02   6.7992460e-02   3.7953400e+04   1.2000000e-02
  -2.6531808e-02   6.5392078e-02   3.7953400e+04   1.2000000e-02
  -2.6535663e-02   6.7362829e-02   3.7956400e+04   1.2000000e-02
  -2.6354081e-02   6.3272716e-02   3.7956400e+04   1.2000000e-02
  -2.6355229e-02   6.2131962e-02   3.7956400e+04   1.2000000e-02
  -2.6187426e-02   3.7153162e-02   3.7956400e+04   1.2000000e-02
  -2.6013801e-02   2.9308463e-02   3.7956400e+04   1.2000000e-02
  -2.6012242e-02   1.3163512e-01   3.7956400e+04   1.2000000e-02
  -2.5838124e-02   8.6688626e-02   3.7953400e+04   1.2000000e-02
  -2.5828856e-02   6.4558800e-02   3.7953400e+04   1.2000000e-02
  -2.5654328e-02   5.0975260e-02   3.7953400e+04   1.2000000e-02
  -2.5648750e-02   5.9640988e-02   3.7956400e+04   1.2000000e-02
  -2.5467907e-02   6.0064107e-02   3.7956400e+04   1.2000000e-02
  -2.5292312e-02   5.6246450e-02   3.7956400e+04   1.2000000e-02
  -2.5297151e-02   8.0751691e-02   3.7956400e+04   1.2000000e-02
  -2.5126805e-02   7.3933498e-02   3.7956400e+04   1.2000000e-02
  -2.5133940e-02   8.1920905e-02   3.7953400e+04   1.2000000e-02
  -2.4947600e-02   2.9008451e-02   3.7953400e+04   1.2000000e-02
  -2.4958919e-02   3.8050657e-02   3.7950500e+04   1.2000000e-02
  -2.4774548e-02   7.0215407e-02   3.7950500e+04   1.2000000e-02
  -2.4612978e-02   6.5249140e-02   3.7950500e+04   1.2000000e-02
  -2.4603136e-02   8.1280280e-02   3.7947500e+04   1.2000000e-02
  -2.4421800e-02   6.6962428e-02   3.7947500e+04   1.2000000e-02
  -2.4433446e-02   5.6172144e-02   3.7947500e+04   1.2000000e-02
  -2.4247518e-02   2.2544731e-02   3.7947500e+04   1.2000000e-02
  -2.4254981e-02   4.8643942e-02   3.7947500e+04   1.2000000e-02
  -2.4071349e-02   1.1601050e-01   3.7947500e+04   1.2000000e-02
  -2.3905843e-02   8.9074045e-02   3.7947500e+04   1.2000000e-02
  -2.3906745e-02   6.7110140e-02   3.7947500e+04   1.2000000e-02
  -2.3730986e-02   4.0607325e-02   3.7947500e+04   1.2000000e-02
  -2.3727624e-02   5.4624841e-02   3.7947500e+04   1.2000000e-02
  -2.3561789e-02   6.6091261e-02   3.7950500e+04   1.2000000e-02
  -2.3552685e-02   6.9139120e-02   3.7950500e+04   1.2000000e-02
  -2.3386768e-02   6.9477843e-02   3.7950500e+04   1.2000000e-02
  -2.3222737e-02   7.1616726e-02   3.7950500e+04   1.2000000e-02
  -2.3227166e-02   8.7144385e-02   3.7947500e+04   1.2000000e-02
  -2.3056410e-02   5.2618494e-02   3.7947500e+04   1.2000000e-02
  -2.3035824e-02   5.2407630e-02   3.7947500e+04   1.2000000e-02
  -2.2868760e-02   5.7558779e-02   3.7944500e+04   1.2000000e-02
  -2.2875731e-02   8.1048259e-02   3.7941500e+04   1.2000000e-02
  -2.2694724e-02   7.3352417e-02   3.7944500e+04   1.2000000e-02
  -2.2517160e-02   5.5437531e-02   3.7947500e+04   1.2000000e-02
  -2.2523065e-02   1.1164925e-01   3.7947500e+04   1.2000000e-02
  -2.2357148e-02   8.8280710e-02   3.7947500e+04   1.2000000e-02
  -2.2356656e-02   4.0621596e-02   3.7947500e+04   1.2000000e-02
  -2.2188115e-02   4.8722595e-02   3.7947500e+04   1.2000000e-02
  -2.2190247e-02   6.0435800e-02   3.7947500e+04   1.2000000e-02
  -2.2015227e-02   6.2222835e-02   3.7950500e+04   1.2000000e-02
  -2.1832494e-02   6.8371866e-02   3.7950500e+04   1.2000000e-02
  -2.1838400e-02   5.5438433e-02   3.7950500e+04   1.2000000e-02
  -2.1669694e-02   3.5067098e-02   3.7950500e+04   1.2000000e-02
  -2.1663461e-02   9.1758440e-02   3.7947500e+04   1.2000000e-02
  -2.1483437e-02   7.2005314e-02   3.7947500e+04   1.2000000e-02
  -2.1478434e-02   2.4349809e-02   3.7950500e+04   1.2000000e-02
  -2.1298985e-02   4.7122226e-02   3.7950500e+04   1.2000000e-02
  -2.1131017e-02   8.6452980e-02   3.7953400e+04   1.2000000e-02
  -2.1132248e-02   9.1151905e-02   3.7953400e+04   1.2000000e-02
  -2.0969857e-02   7.3515301e-02   3.7953400e+04   1.2000000e-02
  -2.0970431e-02   4.6565178e-02   3.7953400e+04   1.2000000e-02
  -2.0791229e-02   5.6591488e-02   3.7956400e+04   1.2000000e-02
  -2.0797216e-02   6.0280709e-02   3.7956400e+04   1.2000000e-02
  -2.0622851e-02   5.3846265e-02   3.7962400e+04   1.2000000e-02
  -2.0446190e-02   6.4873750e-02   3.7962400e+04   1.2000000e-02
  -2.0440285e-02   9.1840753e-02   3.7962400e+04   1.2000000e-02
  -2.0276583e-02   7.7378393e-02   3.7962400e+04   1.2000000e-02
  -2.0272400e-02   6.1176237e-02   3.7962400e+04   1.2000000e-02
  -2.0093032e-02   7.4523601e-02   3.7959400e+04   1.2000000e-02
  -2.0091228e-02   8.7193930e-02   3.7956400e+04   1.2000000e-02
  -1.9914813e-02   7.2342561e-02   3.7956400e+04   1.2000000e-02
  -1.9916289e-02   7.0262979e-02   3.7959400e+04   1.2000000e-02
  -1.9744629e-02   4.8536666e-02   3.7959400e+04   1.2000000e-02
  -1.9571987e-02   4.7588157e-02   3.7959400e+04   1.2000000e-02
  -1.9581419e-02   3.8504448e-02   3.7959400e+04   1.2000000e-02
  -1.9395162e-02   5.3409614e-02   3.7956400e+04   1.2000000e-02
  -1.9394260e-02   5.0026640e-02   3.7956400e+04   1.2000000e-02
  -1.9219813e-02   9.0611780e-02   3.7959400e+04   1.2000000e-02
  -1.9234412e-02   7.9392776e-02   3.7959400e+04   1.2000000e-02
  -1.9049549e-02   8.7191626e-02   3.7956400e+04   1.2000000e-02
  -1.8884617e-02   5.9266640e-02   3.7956400e+04   1.2000000e-02
  -1.8879614e-02   4.9379786e-02   3.7956400e+04   1.2000000e-02
  -1.8701477e-02   6.9453977e-02   3.7956400e+04   1.2000000e-02
  -1.8693932e-02   7.1245932e-02   3.7959400e+04   1.2000000e-02
  -1.8534166e-02   1.1173941e-01   3.7956400e+04   1.2000000e-02
  -1.8537447e-02   1.0888136e-01   3.7956400e+04   1.2000000e-02
  -1.8367757e-02   6.2239813e-02   3.7956400e+04   1.2000000e-02
  -1.8195279e-02   4.3089034e-02   3.7956400e+04   1.2000000e-02
  -1.8206679e-02   9.0705987e-02   3.7956400e+04   1.2000000e-02
  -1.8019520e-02   6.5654773e-02   3.7956400e+04   1.2000000e-02
  -1.8029116e-02   5.8261816e-02   3.7956400e+04   1.2000000e-02
  -1.7854259e-02   7.6992800e-02   3.7956400e+04   1.2000000e-02
  -1.7847288e-02   8.0154701e-02   3.7956400e+04   1.2000000e-02
  -1.7679236e-02   7.9436900e-02   3.7956400e+04   1.2000000e-02
  -1.7505774e-02   3.1935911e-02   3.7956400e+04   1.2000000e-02
  -1.7505692e-02   9.8658100e-02   3.7956400e+04   1.2000000e-02
  -1.7328457e-02   7.1350504e-02   3.7956400e+04   1.2000000e-02
  -1.7309757e-02   4.5429016e-02   3.7956400e+04   1.2000000e-02
  -1.7148679e-02   4.7011095e-02   3.7956400e+04   1.2000000e-02
  -1.7144168e-02   8.9992140e-02   3.7956400e+04   1.2000000e-02
  -1.6968656e-02   1.0175548e-01   3.7956400e+04   1.2000000e-02
  -1.6812006e-02   8.0911450e-02   3.7956400e+04   1.2000000e-02
  -1.6797982e-02   9.3198846e-02   3.7956400e+04   1.2000000e-02
  -1.6606149e-02   8.0794240e-02   3.7956400e+04   1.2000000e-02
  -1.6604263e-02   1.2159135e-01   3.7953400e+04   1.2000000e-02
  -1.6437197e-02   6.9642202e-02   3.7953400e+04   1.2000000e-02
  -1.6446137e-02   6.9728680e-03   3.7956400e+04   1.2000000e-02
  -1.6264391e-02   8.3176900e-02   3.7959400e+04   1.2000000e-02
  -1.6095850e-02   1.0279969e-01   3.7959400e+04   1.2000000e-02
  -1.6109054e-02   5.1316989e-02   3.7959400e+04   1.2000000e-02
  -1.5942235e-02   3.7760815e-02   3.7959400e+04   1.2000000e-02
  -1.5934033e-02   8.7792552e-02   3.7959400e+04   1.2000000e-02
  -1.5749663e-02   9.6195110e-02   3.7956400e+04   1.2000000e-02
  -1.5748269e-02   5.1780140e-02   3.7956400e+04   1.2000000e-02
  -1.5583252e-02   7.0182437e-02   3.7956400e+04   1.2000000e-02
  -1.5422338e-02   6.7529320e-02   3.7959400e+04   1.2000000e-02
  -1.5411184e-02   5.0086758e-02   3.7959400e+04   1.2000000e-02
  -1.5234687e-02   4.9874256e-02   3.7956400e+04   1.2000000e-02
  -1.5223286e-02   7.7981701e-02   3.7956400e+04   1.2000000e-02
  -1.5054581e-02   8.7547900e-02   3.7956400e+04   1.2000000e-02
  -1.5057944e-02   8.4758637e-02   3.7956400e+04   1.2000000e-02
  -1.4881693e-02   8.0982565e-02   3.7956400e+04   1.2000000e-02
  -1.4708476e-02   6.5342376e-02   3.7959400e+04   1.2000000e-02
  -1.4722747e-02   9.2236970e-02   3.7959400e+04   1.2000000e-02
  -1.4540756e-02   6.2581220e-02   3.7959400e+04   1.2000000e-02
  -1.4533129e-02   1.0061042e-01   3.7956400e+04   1.2000000e-02
  -1.4357780e-02   1.0678856e-01   3.7956400e+04   1.2000000e-02
  -1.4359010e-02   6.4826006e-02   3.7956400e+04   1.2000000e-02
  -1.4197112e-02   5.5349036e-02   3.7956400e+04   1.2000000e-02
  -1.4019303e-02   6.3554684e-02   3.7956400e+04   1.2000000e-02
  -1.4016268e-02   9.3086240e-02   3.7956400e+04   1.2000000e-02
  -1.3840919e-02   7.8392762e-02   3.7956400e+04   1.2000000e-02
  -1.3836654e-02   1.3173184e-01   3.7956400e+04   1.2000000e-02
  -1.3668523e-02   6.4389192e-02   3.7956400e+04   1.2000000e-02
  -1.3656877e-02   3.6603658e-02   3.7959400e+04   1.2000000e-02
  -1.3484479e-02   2.9856083e-02   3.7959400e+04   1.2000000e-02
  -1.3313231e-02   9.0674070e-02   3.7959400e+04   1.2000000e-02
  -1.3316347e-02   1.0069030e-01   3.7956400e+04   1.2000000e-02
  -1.3137554e-02   8.6327840e-02   3.7953400e+04   1.2000000e-02
  -1.3142721e-02   8.3503556e-02   3.7953400e+04   1.2000000e-02
  -1.2973113e-02   7.1994406e-02   3.7950500e+04   1.2000000e-02
  -1.2971473e-02   8.7762206e-02   3.7953400e+04   1.2000000e-02
  -1.2802767e-02   7.0872681e-02   3.7950500e+04   1.2000000e-02
  -1.2620283e-02   9.5224670e-02   3.7950500e+04   1.2000000e-02
  -1.2625286e-02   9.6176993e-02   3.7950500e+04   1.2000000e-02
  -1.2448706e-02   8.2078374e-02   3.7950500e+04   1.2000000e-02
  -1.2432221e-02   5.9566682e-02   3.7953400e+04   1.2000000e-02
  -1.2262531e-02   5.0040501e-02   3.7953400e+04   1.2000000e-02
  -1.2268436e-02   9.9317080e-02   3.7956400e+04   1.2000000e-02
  -1.2084968e-02   7.6850050e-02   3.7953400e+04   1.2000000e-02
  -1.1915032e-02   6.6300400e-02   3.7953400e+04   1.2000000e-02
  -1.1924136e-02   4.3556686e-02   3.7956400e+04   1.2000000e-02
  -1.1748377e-02   9.2679710e-02   3.7956400e+04   1.2000000e-02
  -1.1750428e-02   9.8139294e-02   3.7959400e+04   1.2000000e-02
  -1.1570076e-02   7.5553222e-02   3.7962400e+04   1.2000000e-02
  -1.1561300e-02   9.3321623e-02   3.7962400e+04   1.2000000e-02
  -1.1383327e-02   6.0113310e-02   3.7956400e+04   1.2000000e-02
  -1.1219296e-02   1.3756435e-01   3.7956400e+04   1.2000000e-02
  -1.1215606e-02   4.1352765e-02   3.7953400e+04   1.2000000e-02
  -1.1042225e-02   8.4819460e-02   3.7953400e+04   1.2000000e-02
  -1.1042225e-02   8.5095723e-02   3.7953400e+04   1.2000000e-02
  -1.0863924e-02   7.9446906e-02   3.7953400e+04   1.2000000e-02
  -1.0861874e-02   8.5553205e-02   3.7950500e+04   1.2000000e-02
  -1.0682424e-02   6.9969361e-02   3.7950500e+04   1.2000000e-02
  -1.0690133e-02   1.1012310e-01   3.7950500e+04   1.2000000e-02
  -1.0523970e-02   4.9345585e-02   3.7950500e+04   1.2000000e-02
  -1.0344437e-02   5.3450703e-02   3.7950500e+04   1.2000000e-02
  -1.0355345e-02   8.0559857e-02   3.7950500e+04   1.2000000e-02
  -1.0173025e-02   1.2488708e-01   3.7947500e+04   1.2000000e-02
  -1.0188034e-02   7.9179700e-02   3.7950500e+04   1.2000000e-02
  -1.0018344e-02   6.9432653e-02   3.7950500e+04   1.2000000e-02
  -1.0003581e-02   7.9707471e-02   3.7947500e+04   1.2000000e-02
  -9.8556260e-03   7.2917600e-02   3.7947500e+04   1.2000000e-02
  -9.6810150e-03   6.9944800e-02   3.7947500e+04   1.2000000e-02
  -9.6732230e-03   1.1080503e-01   3.7950500e+04   1.2000000e-02
  -9.5106690e-03   1.1789728e-01   3.7950500e+04   1.2000000e-02
  -9.5057480e-03   9.3969810e-02   3.7950500e+04   1.2000000e-02
  -9.3267920e-03   8.0668527e-02   3.7953400e+04   1.2000000e-02
  -9.3287600e-03   8.7451204e-02   3.7953400e+04   1.2000000e-02
  -9.1616950e-03   7.1101175e-02   3.7953400e+04   1.2000000e-02
  -8.9807690e-03   5.1985169e-02   3.7953400e+04   1.2000000e-02
  -8.9783090e-03   9.7804860e-02   3.7953400e+04   1.2000000e-02
  -8.7897550e-03   7.5574874e-02   3.7953400e+04   1.2000000e-02
  -8.7963990e-03   6.3011169e-02   3.7950500e+04   1.2000000e-02
  -8.6239200e-03   9.9343310e-02   3.7950500e+04   1.2000000e-02
  -8.6280210e-03   9.6520556e-02   3.7944500e+04   1.2000000e-02
  -8.4529180e-03   6.1125141e-02   3.7941500e+04   1.2000000e-02
  -8.2906080e-03   4.8340814e-02   3.7941500e+04   1.2000000e-02
  -8.2892140e-03   5.0434012e-02   3.7944500e+04   1.2000000e-02
  -8.1124710e-03   3.9557200e-02   3.7944500e+04   1.2000000e-02
  -8.1112410e-03   7.0500167e-02   3.7947500e+04   1.2000000e-02
  -7.9352360e-03   9.2287930e-02   3.7947500e+04   1.2000000e-02
  -7.9312170e-03   6.7804071e-02   3.7944500e+04   1.2000000e-02
  -7.7589030e-03   1.2614443e-01   3.7944500e+04   1.2000000e-02
  -7.5769930e-03   1.1245902e-01   3.7944500e+04   1.2000000e-02
  -7.5784690e-03   1.0403241e-01   3.7944500e+04   1.2000000e-02
  -7.4110760e-03   7.2229298e-02   3.7944500e+04   1.2000000e-02
  -7.4219840e-03   7.9277954e-02   3.7941500e+04   1.2000000e-02
  -7.2497520e-03   8.2547092e-02   3.7941500e+04   1.2000000e-02
  -7.2464710e-03   4.8196875e-02   3.7941500e+04   1.2000000e-02
  -7.0698100e-03   1.1113452e-01   3.7944500e+04   1.2000000e-02
  -6.8811750e-03   8.1430532e-02   3.7947500e+04   1.2000000e-02
  -6.8827330e-03   7.1143413e-02   3.7947500e+04   1.2000000e-02
  -6.6990190e-03   7.4433135e-02   3.7947500e+04   1.2000000e-02
  -6.7011510e-03   6.0710060e-02   3.7944500e+04   1.2000000e-02
  -6.5303950e-03   5.8737507e-02   3.7947500e+04   1.2000000e-02
  -6.5348240e-03   7.9515388e-02   3.7947500e+04   1.2000000e-02
  -6.3590650e-03   5.3739727e-02   3.7947500e+04   1.2000000e-02
  -6.1885540e-03   7.0734157e-02   3.7947500e+04   1.2000000e-02
  -6.1894570e-03   6.6261115e-02   3.7947500e+04   1.2000000e-02
  -6.0055780e-03   1.0627006e-01   3.7950500e+04   1.2000000e-02
  -6.0091050e-03   8.5822789e-02   3.7947500e+04   1.2000000e-02
  -5.8387590e-03   9.8907041e-02   3.7947500e+04   1.2000000e-02
  -5.8291630e-03   1.0528154e-01   3.7944500e+04   1.2000000e-02
  -5.6722680e-03   1.0239105e-01   3.7944500e+04   1.2000000e-02
  -5.4965090e-03   7.9827788e-02   3.7947500e+04   1.2000000e-02
  -5.5006100e-03   7.9875430e-02   3.7947500e+04   1.2000000e-02
  -5.3296080e-03   4.7946728e-02   3.7947500e+04   1.2000000e-02
  -5.3361690e-03   5.4313999e-02   3.7944500e+04   1.2000000e-02
  -5.1539310e-03   7.1409391e-02   3.7944500e+04   1.2000000e-02
  -5.1490100e-03   8.1594399e-02   3.7941500e+04   1.2000000e-02
  -4.9912130e-03   1.1954310e-01   3.7941500e+04   1.2000000e-02
  -4.8033980e-03   8.7296195e-02   3.7941500e+04   1.2000000e-02
  -4.8005270e-03   9.0128024e-02   3.7941500e+04   1.2000000e-02
  -4.6191090e-03   1.0895922e-01   3.7941500e+04   1.2000000e-02
  -4.6168130e-03   7.7944958e-02   3.7941500e+04   1.2000000e-02
  -4.4557350e-03   6.9351949e-02   3.7941500e+04   1.2000000e-02
  -4.4518800e-03   7.9938755e-02   3.7941500e+04   1.2000000e-02
  -4.2798120e-03   6.6295561e-02   3.7938500e+04   1.2000000e-02
  -4.1097100e-03   1.2809514e-01   3.7938500e+04   1.2000000e-02
  -4.1086440e-03   1.0278903e-01   3.7938500e+04   1.2000000e-02
  -3.9382980e-03   1.1022801e-01   3.7938500e+04   1.2000000e-02
  -3.9285380e-03   9.7148340e-02   3.7938500e+04   1.2000000e-02
  -3.7593400e-03   1.0660443e-01   3.7941500e+04   1.2000000e-02
  -3.7517130e-03   1.0498812e-01   3.7941500e+04   1.2000000e-02
  -3.5837460e-03   1.4205100e-01   3.7938500e+04   1.2000000e-02
  -3.4015900e-03   6.4254851e-02   3.7938500e+04   1.2000000e-02
  -3.4081510e-03   8.4768725e-02   3.7938500e+04   1.2000000e-02
  -3.2402650e-03   8.0723750e-02   3.7941500e+04   1.2000000e-02
  -3.2509270e-03   1.1543348e-01   3.7941500e+04   1.2000000e-02
  -3.0751690e-03   1.4808676e-01   3.7941500e+04   1.2000000e-02
  -3.0619640e-03   9.6237192e-02   3.7938500e+04   1.2000000e-02
  -2.8877640e-03   7.9546964e-02   3.7938500e+04   1.2000000e-02
  -2.7128250e-03   9.6713210e-02   3.7938500e+04   1.2000000e-02
  -2.7091340e-03   7.9234158e-02   3.7938500e+04   1.2000000e-02
  -2.5423970e-03   6.5059833e-02   3.7938500e+04   1.2000000e-02
  -2.5478920e-03   8.0064074e-02   3.7941500e+04   1.2000000e-02
  -2.3681140e-03   7.0766799e-02   3.7941500e+04   1.2000000e-02
  -2.3679500e-03   8.6717495e-02   3.7941500e+04   1.2000000e-02
  -2.1958000e-03   1.0896004e-01   3.7938500e+04   1.2000000e-02
  -2.0124120e-03   1.1089109e-01   3.7938500e+04   1.2000000e-02
  -2.0093770e-03   1.0952147e-01   3.7938500e+04   1.2000000e-02
  -1.8324700e-03   1.0229707e-01   3.7938500e+04   1.2000000e-02
  -1.8347670e-03   1.0607986e-01   3.7938500e+04   1.2000000e-02
  -1.6656510e-03   8.5421242e-02   3.7938500e+04   1.2000000e-02
  -1.6680300e-03   1.2918443e-01   3.7938500e+04   1.2000000e-02
  -1.4947310e-03   1.4675567e-01   3.7938500e+04   1.2000000e-02
  -1.4928450e-03   1.3272769e-01   3.7938500e+04   1.2000000e-02
  -1.3367700e-03   1.4439678e-01   3.7938500e+04   1.2000000e-02
  -1.1598630e-03   7.6951000e-02   3.7935600e+04   1.2000000e-02
  -1.1519890e-03   1.1366963e-01   3.7935600e+04   1.2000000e-02
  -9.7852500e-04   9.1189620e-02   3.7935600e+04   1.2000000e-02
  -9.6425400e-04   1.2318553e-01   3.7935600e+04   1.2000000e-02
  -8.0399600e-04   1.3728403e-01   3.7938500e+04   1.2000000e-02
  -8.0276600e-04   1.1079683e-01   3.7941500e+04   1.2000000e-02
  -6.2085600e-04   1.0160937e-01   3.7944500e+04   1.2000000e-02
  -4.5994200e-04   1.2175774e-01   3.7947500e+04   1.2000000e-02
  -4.4632700e-04   1.2274457e-01   3.7947500e+04   1.2000000e-02
  -2.8295300e-04   1.3283752e-01   3.7947500e+04   1.2000000e-02
  -2.8147700e-04   1.2852053e-01   3.7947500e+04   1.2000000e-02
  -1.1597000e-04   1.1412371e-01   3.7947500e+04   1.2000000e-02
  -1.2228500e-04   1.1611459e-01   3.7947500e+04   1.2000000e-02
   5.5196000e-05   1.0068586e-01   3.7947500e+04   1.2000000e-02
   2.3735200e-04   1.4505002e-01   3.7950500e+04   1.2000000e-02
   2.3103700e-04   1.3220723e-01   3.7950500e+04   1.2000000e-02
   4.0548400e-04   1.2805170e-01   3.7947500e+04   1.2000000e-02
   4.0113700e-04   1.5053909e-01   3.7947500e+04   1.2000000e-02
   5.6024700e-04   1.4791300e-01   3.7944500e+04   1.2000000e-02
   5.6237900e-04   1.2698291e-01   3.7941500e+04   1.2000000e-02
   7.4338700e-04   1.0094783e-01   3.7941500e+04   1.2000000e-02
   9.1881800e-04   9.9993910e-02   3.7941500e+04   1.2000000e-02
   9.2390300e-04   8.2199900e-02   3.7941500e+04   1.2000000e-02
   1.1022860e-03   1.0220136e-01   3.7941500e+04   1.2000000e-02
   1.0945770e-03   1.1404093e-01   3.7944500e+04   1.2000000e-02
   1.2641840e-03   1.5852640e-01   3.7941500e+04   1.2000000e-02
   1.2700890e-03   1.5910096e-01   3.7941500e+04   1.2000000e-02
   1.4358420e-03   1.3657095e-01   3.7941500e+04   1.2000000e-02
   1.6152920e-03   1.4337798e-01   3.7941500e+04   1.2000000e-02
   1.6221810e-03   1.5106775e-01   3.7941500e+04   1.2000000e-02
   1.7949050e-03   1.3647834e-01   3.7941500e+04   1.2000000e-02
   1.8006460e-03   1.5132676e-01   3.7941500e+04   1.2000000e-02
   1.9676300e-03   1.7896144e-01   3.7941500e+04   1.2000000e-02
   1.9583620e-03   2.1536370e-01   3.7941500e+04   1.2000000e-02
   2.1466710e-03   2.4726127e-01   3.7941500e+04   1.2000000e-02
   2.3262030e-03   2.3405211e-01   3.7941500e+04   1.2000000e-02
   2.3238240e-03   2.0779851e-01   3.7941500e+04   1.2000000e-02
   2.4905610e-03   2.1954791e-01   3.7944500e+04   1.2000000e-02
   2.4885110e-03   2.2275679e-01   3.7944500e+04   1.2000000e-02
   2.6519680e-03   2.9013372e-01   3.7944500e+04   1.2000000e-02
   2.6544280e-03   2.6280559e-01   3.7944500e+04   1.2000000e-02
   2.8471640e-03   2.6131221e-01   3.7944500e+04   1.2000000e-02
   3.0169360e-03   2.5730177e-01   3.7944500e+04   1.2000000e-02
   3.0201340e-03   3.1027698e-01   3.7941500e+04   1.2000000e-02
   3.1906440e-03   3.5681483e-01   3.7941500e+04   1.2000000e-02
   3.1838370e-03   3.3135051e-01   3.7941500e+04   1.2000000e-02
   3.3541830e-03   3.3497983e-01   3.7944500e+04   1.2000000e-02
   3.3608260e-03   3.3349712e-01   3.7947500e+04   1.2000000e-02
   3.5258410e-03   4.1316363e-01   3.7950500e+04   1.2000000e-02
   3.7038140e-03   4.2994970e-01   3.7950500e+04   1.2000000e-02
   3.7011080e-03   4.1864286e-01   3.7950500e+04   1.2000000e-02
   3.8781790e-03   4.9551199e-01   3.7950500e+04   1.2000000e-02
