  -8.1216660e-02  -2.8507207e+00   3.5986500e+04   1.2000000e-02
  -8.0869408e-02  -2.6983320e+00   3.5995400e+04   1.2000000e-02
  -8.0359523e-02  -2.6014426e+00   3.6001400e+04   1.2000000e-02
  -7.9839054e-02  -2.5685551e+00   3.6007400e+04   1.2000000e-02
  -7.9316947e-02  -2.4974617e+00   3.6013300e+04   1.2000000e-02
  -7.8795330e-02  -2.4777883e+00   3.6022300e+04   1.2000000e-02
  -7.8264122e-02  -2.3874238e+00   3.6028200e+04   1.2000000e-02
  -7.7753084e-02  -2.3713125e+00   3.6034200e+04   1.2000000e-02
  -7.7405424e-02  -2.3324910e+00   3.6040100e+04   1.2000000e-02
  -7.6893239e-02  -2.3330409e+00   3.6049100e+04   1.2000000e-02
  -7.6366456e-02  -2.2655015e+00   3.6055000e+04   1.2000000e-02
  -7.5845413e-02  -2.2362992e+00   3.6064000e+04   1.2000000e-02
  -7.5317075e-02  -2.2094197e+00   3.6072900e+04   1.2000000e-02
  -7.4803003e-02  -2.1508754e+00   3.6081900e+04   1.2000000e-02
  -7.4475762e-02  -2.1615944e+00   3.6090800e+04   1.2000000e-02
  -7.3947012e-02  -2.0894752e+00   3.6099700e+04   1.2000000e-02
  -7.3419243e-02  -2.1289942e+00   3.6105700e+04   1.2000000e-02
  -7.2884834e-02  -2.0768684e+00   3.6111700e+04   1.2000000e-02
  -7.2374944e-02  -2.0205404e+00   3.6120600e+04   1.2000000e-02
  -7.1845704e-02  -2.0152301e+00   3.6123600e+04   1.2000000e-02
  -7.1323759e-02  -2.0091730e+00   3.6132500e+04   1.2000000e-02
  -7.0973884e-02  -1.9407797e+00   3.6135500e+04   1.2000000e-02
  -7.0444393e-02  -1.9376280e+00   3.6144400e+04   1.2000000e-02
  -6.9933358e-02  -1.8868154e+00   3.6150400e+04   1.2000000e-02
  -6.9409198e-02  -1.9078019e+00   3.6159300e+04   1.2000000e-02
  -6.8886601e-02  -1.8345501e+00   3.6165300e+04   1.2000000e-02
  -6.8361538e-02  -1.8251115e+00   3.6174200e+04   1.2000000e-02
  -6.7838858e-02  -1.7859289e+00   3.6177200e+04   1.2000000e-02
  -6.7487750e-02  -1.7931104e+00   3.6183200e+04   1.2000000e-02
  -6.6964248e-02  -1.7898192e+00   3.6189100e+04   1.2000000e-02
  -6.6446076e-02  -1.7631118e+00   3.6195100e+04   1.2000000e-02
  -6.5931268e-02  -1.8257270e+00   3.6201100e+04   1.2000000e-02
  -6.5410143e-02  -1.7069315e+00   3.6207000e+04   1.2000000e-02
  -6.4877619e-02  -1.6494545e+00   3.6213000e+04   1.2000000e-02
  -6.4527824e-02  -1.7410993e+00   3.6218900e+04   1.2000000e-02
  -6.4016869e-02  -1.4830800e+00   3.6224900e+04   1.2000000e-02
  -6.3497468e-02  -1.6609286e+00   3.6230900e+04   1.2000000e-02
  -6.2981345e-02  -1.6981741e+00   3.6236800e+04   1.2000000e-02
  -6.2453168e-02  -1.5408855e+00   3.6245800e+04   1.2000000e-02
  -6.1927614e-02  -1.4740600e+00   3.6248800e+04   1.2000000e-02
  -6.1408626e-02  -1.5627502e+00   3.6257700e+04   1.2000000e-02
  -6.1055632e-02  -1.5611662e+00   3.6263700e+04   1.2000000e-02
  -6.0545663e-02  -1.5294032e+00   3.6269600e+04   1.2000000e-02
  -6.0006986e-02  -1.4252501e+00   3.6275600e+04   1.2000000e-02
  -5.9488487e-02  -1.4873315e+00   3.6281500e+04   1.2000000e-02
  -5.8964163e-02  -1.4017848e+00   3.6287500e+04   1.2000000e-02
  -5.8446649e-02  -1.4330144e+00   3.6290500e+04   1.2000000e-02
  -5.7925523e-02  -1.3995934e+00   3.6299400e+04   1.2000000e-02
  -5.7571465e-02  -1.3760543e+00   3.6302400e+04   1.2000000e-02
  -5.7055589e-02  -1.3174936e+00   3.6308400e+04   1.2000000e-02
  -5.6529299e-02  -1.3444553e+00   3.6314300e+04   1.2000000e-02
  -5.6005959e-02  -1.3287051e+00   3.6317300e+04   1.2000000e-02
  -5.5483441e-02  -1.3191105e+00   3.6320300e+04   1.2000000e-02
  -5.4968221e-02  -1.2904581e+00   3.6323300e+04   1.2000000e-02
  -5.4620804e-02  -1.2475328e+00   3.6329200e+04   1.2000000e-02
  -5.4103615e-02  -1.2391858e+00   3.6332200e+04   1.2000000e-02
  -5.3575027e-02  -1.1591873e+00   3.6338200e+04   1.2000000e-02
  -5.3061203e-02  -1.2132829e+00   3.6341100e+04   1.2000000e-02
  -5.2541717e-02  -1.2248719e+00   3.6347100e+04   1.2000000e-02
  -5.2007636e-02  -1.1398586e+00   3.6350100e+04   1.2000000e-02
  -5.1490529e-02  -1.1828331e+00   3.6356000e+04   1.2000000e-02
  -5.1141310e-02  -1.1181087e+00   3.6362000e+04   1.2000000e-02
  -5.0624449e-02  -1.0664835e+00   3.6365000e+04   1.2000000e-02
  -5.0113823e-02  -1.0361238e+00   3.6373900e+04   1.2000000e-02
  -4.9585808e-02  -9.8440146e-01   3.6376900e+04   1.2000000e-02
  -4.9063865e-02  -9.5214264e-01   3.6385800e+04   1.2000000e-02
  -4.8532405e-02  -9.2166649e-01   3.6388800e+04   1.2000000e-02
  -4.8022190e-02  -7.9266553e-01   3.6397800e+04   1.2000000e-02
  -4.7663701e-02  -8.1877472e-01   3.6400700e+04   1.2000000e-02
  -4.7148153e-02  -7.9741115e-01   3.6406700e+04   1.2000000e-02
  -4.6629654e-02  -6.8826309e-01   3.6412700e+04   1.2000000e-02
  -4.6101475e-02  -6.4670960e-01   3.6418600e+04   1.2000000e-02
  -4.5580677e-02  -6.0039818e-01   3.6421600e+04   1.2000000e-02
  -4.5051596e-02  -5.2540629e-01   3.6430500e+04   1.2000000e-02
  -4.4714105e-02  -4.8064231e-01   3.6433500e+04   1.2000000e-02
  -4.4197408e-02  -3.7200459e-01   3.6442500e+04   1.2000000e-02
  -4.3672183e-02  -3.0810466e-01   3.6448400e+04   1.2000000e-02
  -4.3157619e-02  -2.1056054e-01   3.6457400e+04   1.2000000e-02
  -4.2651504e-02  -1.2742547e-01   3.6463300e+04   1.2000000e-02
  -4.2118077e-02  -2.1994395e-02   3.6469300e+04   1.2000000e-02
  -4.1597607e-02   1.0229739e-01   3.6475200e+04   1.2000000e-02
  -4.1247319e-02   1.0337507e-01   3.6481200e+04   1.2000000e-02
  -4.0722833e-02   2.2870320e-01   3.6487200e+04   1.2000000e-02
  -4.0212780e-02   3.4413757e-01   3.6493100e+04   1.2000000e-02
  -3.9694772e-02   3.8794438e-01   3.6499100e+04   1.2000000e-02
  -3.9166511e-02   4.7503842e-01   3.6505100e+04   1.2000000e-02
  -3.8648174e-02   5.5334271e-01   3.6511000e+04   1.2000000e-02
  -3.8293950e-02   5.8896389e-01   3.6517000e+04   1.2000000e-02
  -3.7779796e-02   6.8535662e-01   3.6520000e+04   1.2000000e-02
  -3.7246041e-02   7.4217015e-01   3.6525900e+04   1.2000000e-02
  -3.6731887e-02   7.5927012e-01   3.6528900e+04   1.2000000e-02
  -3.6214946e-02   8.8161481e-01   3.6531900e+04   1.2000000e-02
  -3.5702104e-02   9.0194165e-01   3.6537800e+04   1.2000000e-02
  -3.5175319e-02   9.3786687e-01   3.6543800e+04   1.2000000e-02
  -3.4826917e-02   1.0237437e+00   3.6546800e+04   1.2000000e-02
  -3.4307024e-02   1.1108699e+00   3.6552700e+04   1.2000000e-02
  -3.3764821e-02   1.0825869e+00   3.6558700e+04   1.2000000e-02
  -3.3258951e-02   1.0997159e+00   3.6564700e+04   1.2000000e-02
  -3.2739876e-02   1.1404087e+00   3.6570600e+04   1.2000000e-02
  -3.2216372e-02   1.2076445e+00   3.6576600e+04   1.2000000e-02
  -3.1706154e-02   1.2008487e+00   3.6582500e+04   1.2000000e-02
  -3.1352177e-02   1.2253727e+00   3.6585500e+04   1.2000000e-02
  -3.0822358e-02   1.1942991e+00   3.6594500e+04   1.2000000e-02
  -3.0294427e-02   1.2542878e+00   3.6597400e+04   1.2000000e-02
  -2.9773219e-02   1.2858459e+00   3.6600400e+04   1.2000000e-02
  -2.9256604e-02   1.2780077e+00   3.6606400e+04   1.2000000e-02
  -2.8723258e-02   1.3190945e+00   3.6609400e+04   1.2000000e-02
  -2.8375349e-02   1.3094425e+00   3.6615300e+04   1.2000000e-02
  -2.7864641e-02   1.4231001e+00   3.6618300e+04   1.2000000e-02
  -2.7329244e-02   1.4034842e+00   3.6624300e+04   1.2000000e-02
  -2.6819928e-02   1.4145807e+00   3.6627200e+04   1.2000000e-02
  -2.6295768e-02   1.4518018e+00   3.6630200e+04   1.2000000e-02
  -2.5771773e-02   1.4779756e+00   3.6633200e+04   1.2000000e-02
  -2.5244497e-02   1.5249061e+00   3.6639200e+04   1.2000000e-02
  -2.4899047e-02   1.5062750e+00   3.6645100e+04   1.2000000e-02
  -2.4372837e-02   1.5507597e+00   3.6648100e+04   1.2000000e-02
  -2.3844413e-02   1.5413046e+00   3.6654100e+04   1.2000000e-02
  -2.3327389e-02   1.5209336e+00   3.6657000e+04   1.2000000e-02
  -2.2796915e-02   1.5071861e+00   3.6660000e+04   1.2000000e-02
  -2.2293094e-02   1.6338280e+00   3.6663000e+04   1.2000000e-02
  -2.1776970e-02   1.6391218e+00   3.6666000e+04   1.2000000e-02
  -2.1434146e-02   1.6475099e+00   3.6669000e+04   1.2000000e-02
  -2.0927783e-02   1.6390644e+00   3.6671900e+04   1.2000000e-02
  -2.0402558e-02   1.6793797e+00   3.6674900e+04   1.2000000e-02
  -1.9874954e-02   1.7057997e+00   3.6680900e+04   1.2000000e-02
  -1.9349315e-02   1.7115203e+00   3.6683900e+04   1.2000000e-02
  -1.8837540e-02   1.7451710e+00   3.6689800e+04   1.2000000e-02
  -1.8485941e-02   1.7842718e+00   3.6692800e+04   1.2000000e-02
  -1.7955056e-02   1.7814974e+00   3.6695800e+04   1.2000000e-02
  -1.7444016e-02   1.8224120e+00   3.6701700e+04   1.2000000e-02
  -1.6911327e-02   1.8584101e+00   3.6704700e+04   1.2000000e-02
  -1.6397010e-02   1.8370296e+00   3.6710700e+04   1.2000000e-02
  -1.5873834e-02   1.9437025e+00   3.6713700e+04   1.2000000e-02
  -1.5355413e-02   1.9517213e+00   3.6719600e+04   1.2000000e-02
  -1.5011687e-02   1.9036664e+00   3.6725600e+04   1.2000000e-02
  -1.4483427e-02   1.9421924e+00   3.6728600e+04   1.2000000e-02
  -1.3963696e-02   1.9992512e+00   3.6731500e+04   1.2000000e-02
  -1.3432727e-02   1.9716573e+00   3.6734500e+04   1.2000000e-02
  -1.2921033e-02   2.0015329e+00   3.6734500e+04   1.2000000e-02
  -1.2388999e-02   2.0556121e+00   3.6737500e+04   1.2000000e-02
  -1.1881570e-02   2.0650015e+00   3.6740500e+04   1.2000000e-02
  -1.1527264e-02   2.1543238e+00   3.6743500e+04   1.2000000e-02
  -1.1007451e-02   2.1196143e+00   3.6749400e+04   1.2000000e-02
  -1.0482307e-02   2.1757208e+00   3.6752400e+04   1.2000000e-02
  -9.9575710e-03   2.2108163e+00   3.6755400e+04   1.2000000e-02
  -9.4439910e-03   2.2408065e+00   3.6758400e+04   1.2000000e-02
  -8.9165510e-03   2.2680883e+00   3.6761400e+04   1.2000000e-02
  -8.5721690e-03   2.2705013e+00   3.6764300e+04   1.2000000e-02
  -8.0528460e-03   2.2723972e+00   3.6767300e+04   1.2000000e-02
  -7.5258970e-03   2.3198120e+00   3.6770300e+04   1.2000000e-02
  -7.0139580e-03   2.4041277e+00   3.6773300e+04   1.2000000e-02
