  -1.5059313e-01  -5.7952799e-01   3.7449800e+04   1.2000000e-02
  -1.5007266e-01  -5.7647405e-01   3.7446800e+04   1.2000000e-02
  -1.4972022e-01  -5.7392830e-01   3.7443800e+04   1.2000000e-02
  -1.4920386e-01  -5.6966951e-01   3.7437900e+04   1.2000000e-02
  -1.4867355e-01  -5.6593855e-01   3.7434900e+04   1.2000000e-02
  -1.4815719e-01  -5.6261989e-01   3.7431900e+04   1.2000000e-02
  -1.4764082e-01  -5.5879796e-01   3.7431900e+04   1.2000000e-02
  -1.4712937e-01  -5.5508834e-01   3.7431900e+04   1.2000000e-02
  -1.4677611e-01  -5.5240405e-01   3.7428900e+04   1.2000000e-02
  -1.4625811e-01  -5.4826738e-01   3.7428900e+04   1.2000000e-02
  -1.4573355e-01  -5.4422497e-01   3.7428900e+04   1.2000000e-02
  -1.4520735e-01  -5.4058991e-01   3.7431900e+04   1.2000000e-02
  -1.4468689e-01  -5.3588360e-01   3.7434900e+04   1.2000000e-02
  -1.4416970e-01  -5.3215430e-01   3.7437900e+04   1.2000000e-02
  -1.4364514e-01  -5.2818893e-01   3.7440800e+04   1.2000000e-02
  -1.4331073e-01  -5.2684966e-01   3.7443800e+04   1.2000000e-02
  -1.4278617e-01  -5.2309250e-01   3.7446800e+04   1.2000000e-02
  -1.4226816e-01  -5.1905008e-01   3.7449800e+04   1.2000000e-02
  -1.4174032e-01  -5.1532323e-01   3.7455700e+04   1.2000000e-02
  -1.4122313e-01  -5.1109396e-01   3.7458700e+04   1.2000000e-02
  -1.4070103e-01  -5.0642781e-01   3.7461700e+04   1.2000000e-02
  -1.4016581e-01  -5.0269603e-01   3.7467700e+04   1.2000000e-02
  -1.3982648e-01  -5.0025682e-01   3.7473600e+04   1.2000000e-02
  -1.3930356e-01  -4.9667996e-01   3.7476600e+04   1.2000000e-02
  -1.3878064e-01  -4.9272771e-01   3.7479600e+04   1.2000000e-02
  -1.3825771e-01  -4.8829599e-01   3.7482600e+04   1.2000000e-02
  -1.3774298e-01  -4.8453881e-01   3.7485500e+04   1.2000000e-02
  -1.3721842e-01  -4.7998087e-01   3.7485500e+04   1.2000000e-02
  -1.3687500e-01  -4.7729330e-01   3.7485500e+04   1.2000000e-02
  -1.3636355e-01  -4.7350579e-01   3.7485500e+04   1.2000000e-02
  -1.3582177e-01  -4.7053138e-01   3.7485500e+04   1.2000000e-02
  -1.3530539e-01  -4.6588080e-01   3.7485500e+04   1.2000000e-02
  -1.3478410e-01  -4.6176626e-01   3.7485500e+04   1.2000000e-02
  -1.3425462e-01  -4.5730173e-01   3.7485500e+04   1.2000000e-02
  -1.3373334e-01  -4.5348143e-01   3.7485500e+04   1.2000000e-02
  -1.3339073e-01  -4.5080452e-01   3.7485500e+04   1.2000000e-02
  -1.3288584e-01  -4.4623839e-01   3.7488500e+04   1.2000000e-02
  -1.3235718e-01  -4.4305822e-01   3.7488500e+04   1.2000000e-02
  -1.3183343e-01  -4.3861912e-01   3.7491500e+04   1.2000000e-02
  -1.3130723e-01  -4.3473162e-01   3.7494500e+04   1.2000000e-02
  -1.3078513e-01  -4.3049003e-01   3.7497500e+04   1.2000000e-02
  -1.3026630e-01  -4.2700253e-01   3.7500400e+04   1.2000000e-02
  -1.2991140e-01  -4.2417890e-01   3.7500400e+04   1.2000000e-02
  -1.2939832e-01  -4.1973651e-01   3.7503400e+04   1.2000000e-02
  -1.2886801e-01  -4.1581457e-01   3.7503400e+04   1.2000000e-02
  -1.2834755e-01  -4.1085090e-01   3.7503400e+04   1.2000000e-02
  -1.2783282e-01  -4.0684129e-01   3.7506400e+04   1.2000000e-02
  -1.2732219e-01  -4.0179237e-01   3.7509400e+04   1.2000000e-02
  -1.2697385e-01  -3.9864417e-01   3.7509400e+04   1.2000000e-02
  -1.2645503e-01  -3.9480914e-01   3.7509400e+04   1.2000000e-02
  -1.2592964e-01  -3.9034134e-01   3.7506400e+04   1.2000000e-02
  -1.2539360e-01  -3.8602025e-01   3.7506400e+04   1.2000000e-02
  -1.2487149e-01  -3.8211471e-01   3.7506400e+04   1.2000000e-02
  -1.2435512e-01  -3.7769199e-01   3.7509400e+04   1.2000000e-02
  -1.2384204e-01  -3.7299061e-01   3.7509400e+04   1.2000000e-02
  -1.2347402e-01  -3.6878181e-01   3.7512400e+04   1.2000000e-02
  -1.2295028e-01  -3.6440336e-01   3.7512400e+04   1.2000000e-02
  -1.2243801e-01  -3.6020521e-01   3.7512400e+04   1.2000000e-02
  -1.2192164e-01  -3.5573249e-01   3.7512400e+04   1.2000000e-02
  -1.2139298e-01  -3.5060406e-01   3.7512400e+04   1.2000000e-02
  -1.2088071e-01  -3.4631740e-01   3.7512400e+04   1.2000000e-02
  -1.2053483e-01  -3.4325119e-01   3.7512400e+04   1.2000000e-02
  -1.2000617e-01  -3.3869241e-01   3.7512400e+04   1.2000000e-02
  -1.1948898e-01  -3.3422789e-01   3.7515300e+04   1.2000000e-02
  -1.1897508e-01  -3.2991828e-01   3.7515300e+04   1.2000000e-02
  -1.1844396e-01  -3.2525705e-01   3.7515300e+04   1.2000000e-02
  -1.1792103e-01  -3.2016058e-01   3.7512400e+04   1.2000000e-02
  -1.1739073e-01  -3.1480266e-01   3.7512400e+04   1.2000000e-02
  -1.1705714e-01  -3.1187086e-01   3.7512400e+04   1.2000000e-02
  -1.1654160e-01  -3.0707684e-01   3.7512400e+04   1.2000000e-02
  -1.1602113e-01  -3.0103782e-01   3.7512400e+04   1.2000000e-02
  -1.1551296e-01  -2.9650691e-01   3.7515300e+04   1.2000000e-02
  -1.1497282e-01  -2.9182599e-01   3.7515300e+04   1.2000000e-02
  -1.1444416e-01  -2.8797374e-01   3.7515300e+04   1.2000000e-02
  -1.1393599e-01  -2.8239207e-01   3.7518300e+04   1.2000000e-02
  -1.1358027e-01  -2.7871439e-01   3.7518300e+04   1.2000000e-02
  -1.1304751e-01  -2.7359580e-01   3.7518300e+04   1.2000000e-02
  -1.1253197e-01  -2.6810837e-01   3.7518300e+04   1.2000000e-02
  -1.1200658e-01  -2.6255456e-01   3.7518300e+04   1.2000000e-02
  -1.1150087e-01  -2.5799989e-01   3.7518300e+04   1.2000000e-02
  -1.1098942e-01  -2.5260099e-01   3.7518300e+04   1.2000000e-02
  -1.1064436e-01  -2.4878478e-01   3.7524300e+04   1.2000000e-02
  -1.1011734e-01  -2.4326458e-01   3.7524300e+04   1.2000000e-02
  -1.0959278e-01  -2.3779356e-01   3.7527300e+04   1.2000000e-02
  -1.0907723e-01  -2.3249712e-01   3.7527300e+04   1.2000000e-02
  -1.0855512e-01  -2.2693676e-01   3.7527300e+04   1.2000000e-02
  -1.0803384e-01  -2.2018793e-01   3.7527300e+04   1.2000000e-02
  -1.0750682e-01  -2.1531275e-01   3.7527300e+04   1.2000000e-02
  -1.0716749e-01  -2.1134574e-01   3.7527300e+04   1.2000000e-02
  -1.0663801e-01  -2.0499280e-01   3.7527300e+04   1.2000000e-02
  -1.0611591e-01  -1.9924146e-01   3.7527300e+04   1.2000000e-02
  -1.0560692e-01  -1.9243360e-01   3.7527300e+04   1.2000000e-02
  -1.0508973e-01  -1.8589460e-01   3.7530300e+04   1.2000000e-02
  -1.0456271e-01  -1.7713848e-01   3.7530300e+04   1.2000000e-02
  -1.0404796e-01  -1.7072078e-01   3.7533200e+04   1.2000000e-02
  -1.0369306e-01  -1.6606612e-01   3.7533200e+04   1.2000000e-02
  -1.0316850e-01  -1.6106064e-01   3.7539200e+04   1.2000000e-02
  -1.0264557e-01  -1.5347167e-01   3.7539200e+04   1.2000000e-02
  -1.0213658e-01  -1.4626302e-01   3.7539200e+04   1.2000000e-02
  -1.0161038e-01  -1.3842246e-01   3.7539200e+04   1.2000000e-02
  -1.0108582e-01  -1.3140231e-01   3.7539200e+04   1.2000000e-02
  -1.0073502e-01  -1.2515590e-01   3.7539200e+04   1.2000000e-02
  -1.0021537e-01  -1.1709157e-01   3.7536200e+04   1.2000000e-02
  -9.9692820e-02  -1.0807646e-01   3.7539200e+04   1.2000000e-02
  -9.9169078e-02  -9.9161943e-02   3.7539200e+04   1.2000000e-02
  -9.8659927e-02  -9.1243726e-02   3.7539200e+04   1.2000000e-02
  -9.8135198e-02  -8.1075430e-02   3.7539200e+04   1.2000000e-02
  -9.7610054e-02  -7.1359764e-02   3.7539200e+04   1.2000000e-02
  -9.7252473e-02  -6.3412910e-02   3.7542200e+04   1.2000000e-02
  -9.6742994e-02  -5.3467340e-02   3.7545200e+04   1.2000000e-02
  -9.6210391e-02  -4.4035674e-02   3.7545200e+04   1.2000000e-02
  -9.5689922e-02  -3.3814850e-02   3.7545200e+04   1.2000000e-02
  -9.5175609e-02  -2.4903886e-02   3.7545200e+04   1.2000000e-02
  -9.4659158e-02  -1.8495209e-02   3.7545200e+04   1.2000000e-02
  -9.4142876e-02  -1.1801933e-02   3.7545200e+04   1.2000000e-02
  -9.3784305e-02  -8.9675650e-03   3.7545200e+04   1.2000000e-02
  -9.3266378e-02  -5.3445350e-03   3.7545200e+04   1.2000000e-02
  -9.2743617e-02  -3.1615310e-03   3.7542200e+04   1.2000000e-02
  -9.2204125e-02  -2.0144620e-03   3.7542200e+04   1.2000000e-02
  -9.1693088e-02  -1.1760200e-03   3.7542200e+04   1.2000000e-02
  -9.1176883e-02  -5.9764600e-04   3.7545200e+04   1.2000000e-02
  -9.0814956e-02  -3.1904000e-04   3.7545200e+04   1.2000000e-02
  -9.0293338e-02  -5.7657000e-05   3.7545200e+04   1.2000000e-02
  -8.9778861e-02   1.2556500e-04   3.7545200e+04   1.2000000e-02
  -8.9245352e-02   2.2947900e-04   3.7548100e+04   1.2000000e-02
  -8.8727185e-02   3.0780400e-04   3.7548100e+04   1.2000000e-02
  -8.8212129e-02   3.6521400e-04   3.7548100e+04   1.2000000e-02
  -8.7693631e-02   3.9638000e-04   3.7548100e+04   1.2000000e-02
  -8.7352611e-02   4.0753400e-04   3.7551100e+04   1.2000000e-02
  -8.6824765e-02   4.2598800e-04   3.7554100e+04   1.2000000e-02
  -8.6322093e-02   3.9793800e-04   3.7554100e+04   1.2000000e-02
  -8.5783504e-02   4.2114900e-04   3.7554100e+04   1.2000000e-02
  -8.5260246e-02   4.2369100e-04   3.7554100e+04   1.2000000e-02
  -8.4751262e-02   4.2754600e-04   3.7554100e+04   1.2000000e-02
  -8.4401877e-02   4.2221500e-04   3.7554100e+04   1.2000000e-02
  -8.3857869e-02   4.3582900e-04   3.7554100e+04   1.2000000e-02
  -8.3346672e-02   4.3533700e-04   3.7554100e+04   1.2000000e-02
  -8.2842852e-02   4.4583500e-04   3.7554100e+04   1.2000000e-02
  -8.2311398e-02   4.5051000e-04   3.7551100e+04   1.2000000e-02
  -8.1799458e-02   4.4280100e-04   3.7548100e+04   1.2000000e-02
  -8.1267264e-02   4.4673700e-04   3.7548100e+04   1.2000000e-02
  -8.0928377e-02   4.5674300e-04   3.7551100e+04   1.2000000e-02
  -8.0398891e-02   4.5608700e-04   3.7551100e+04   1.2000000e-02
  -7.9880390e-02   4.6117200e-04   3.7554100e+04   1.2000000e-02
  -7.9364106e-02   4.6264800e-04   3.7557100e+04   1.2000000e-02
  -7.8844703e-02   4.6658500e-04   3.7557100e+04   1.2000000e-02
  -7.8309804e-02   4.6642100e-04   3.7560100e+04   1.2000000e-02
  -7.7797783e-02   4.6437100e-04   3.7560100e+04   1.2000000e-02
  -7.7450451e-02   4.5945000e-04   3.7566000e+04   1.2000000e-02
  -7.6928997e-02   4.6797900e-04   3.7566000e+04   1.2000000e-02
  -7.6405167e-02   4.7691900e-04   3.7566000e+04   1.2000000e-02
  -7.5890111e-02   4.7224400e-04   3.7569000e+04   1.2000000e-02
  -7.5347749e-02   4.6240200e-04   3.7569000e+04   1.2000000e-02
  -7.4839418e-02   4.6453500e-04   3.7569000e+04   1.2000000e-02
  -7.4497332e-02   4.6510900e-04   3.7569000e+04   1.2000000e-02
  -7.3973093e-02   4.7552500e-04   3.7569000e+04   1.2000000e-02
  -7.3449507e-02   4.6912800e-04   3.7572000e+04   1.2000000e-02
  -7.2919362e-02   4.6814300e-04   3.7572000e+04   1.2000000e-02
  -7.2410293e-02   4.7068600e-04   3.7572000e+04   1.2000000e-02
  -7.1883349e-02   4.7126000e-04   3.7572000e+04   1.2000000e-02
  -7.1354023e-02   4.7183400e-04   3.7569000e+04   1.2000000e-02
  -7.1036461e-02   4.7536100e-04   3.7566000e+04   1.2000000e-02
  -7.0498851e-02   4.7700100e-04   3.7566000e+04   1.2000000e-02
  -6.9980435e-02   4.7011200e-04   3.7563000e+04   1.2000000e-02
  -6.9455783e-02   4.7659100e-04   3.7563000e+04   1.2000000e-02
  -6.8932365e-02   4.6921000e-04   3.7563000e+04   1.2000000e-02
  -6.8406155e-02   4.7905200e-04   3.7560100e+04   1.2000000e-02
  -6.7889215e-02   4.8487500e-04   3.7560100e+04   1.2000000e-02
  -6.7534335e-02   4.8462900e-04   3.7560100e+04   1.2000000e-02
  -6.7013047e-02   4.8257800e-04   3.7563000e+04   1.2000000e-02
  -6.6500206e-02   4.8126600e-04   3.7563000e+04   1.2000000e-02
  -6.5980560e-02   4.8397200e-04   3.7563000e+04   1.2000000e-02
  -6.5471490e-02   4.8421800e-04   3.7566000e+04   1.2000000e-02
  -6.4939869e-02   4.9438800e-04   3.7566000e+04   1.2000000e-02
  -6.4598767e-02   4.8848300e-04   3.7566000e+04   1.2000000e-02
  -6.4074935e-02   4.8421800e-04   3.7569000e+04   1.2000000e-02
  -6.3558979e-02   4.8676100e-04   3.7569000e+04   1.2000000e-02
  -6.3024403e-02   4.9340400e-04   3.7569000e+04   1.2000000e-02
  -6.2498113e-02   4.8987800e-04   3.7569000e+04   1.2000000e-02
  -6.1981252e-02   4.9414200e-04   3.7569000e+04   1.2000000e-02
  -6.1448486e-02   4.8971400e-04   3.7569000e+04   1.2000000e-02
  -6.1116898e-02   4.8872900e-04   3.7569000e+04   1.2000000e-02
  -6.0603156e-02   4.9660300e-04   3.7569000e+04   1.2000000e-02
  -6.0065053e-02   4.9693100e-04   3.7569000e+04   1.2000000e-02
  -5.9544340e-02   4.9471600e-04   3.7569000e+04   1.2000000e-02
  -5.9019032e-02   4.9192800e-04   3.7572000e+04   1.2000000e-02
  -5.8510703e-02   4.9619300e-04   3.7572000e+04   1.2000000e-02
  -5.7993842e-02   4.9373200e-04   3.7572000e+04   1.2000000e-02
  -5.7639454e-02   4.9668500e-04   3.7572000e+04   1.2000000e-02
  -5.7119971e-02   4.9225600e-04   3.7575000e+04   1.2000000e-02
  -5.6588922e-02   4.9906300e-04   3.7575000e+04   1.2000000e-02
  -5.6065256e-02   4.9348600e-04   3.7575000e+04   1.2000000e-02
  -5.5557827e-02   5.0275400e-04   3.7575000e+04   1.2000000e-02
  -5.5039984e-02   4.9488000e-04   3.7577900e+04   1.2000000e-02
  -5.4695274e-02   5.0423000e-04   3.7577900e+04   1.2000000e-02
  -5.4174148e-02   4.9619300e-04   3.7577900e+04   1.2000000e-02
  -5.3652531e-02   4.9832500e-04   3.7580900e+04   1.2000000e-02
  -5.3128291e-02   4.9996500e-04   3.7580900e+04   1.2000000e-02
  -5.2604541e-02   5.0029300e-04   3.7577900e+04   1.2000000e-02
  -5.2084402e-02   5.0185200e-04   3.7577900e+04   1.2000000e-02
  -5.1570084e-02   4.9857100e-04   3.7577900e+04   1.2000000e-02
  -5.1215534e-02   5.0226200e-04   3.7577900e+04   1.2000000e-02
  -5.0678743e-02   5.0226200e-04   3.7575000e+04   1.2000000e-02
  -5.0166805e-02   4.9537300e-04   3.7575000e+04   1.2000000e-02
  -4.9654701e-02   5.0177000e-04   3.7575000e+04   1.2000000e-02
  -4.9121357e-02   5.0078600e-04   3.7575000e+04   1.2000000e-02
  -4.8604169e-02   5.0168800e-04   3.7575000e+04   1.2000000e-02
  -4.8078124e-02   5.0587100e-04   3.7575000e+04   1.2000000e-02
  -4.7724720e-02   5.0578900e-04   3.7577900e+04   1.2000000e-02
  -4.7210238e-02   5.0521400e-04   3.7577900e+04   1.2000000e-02
  -4.6695758e-02   5.0390200e-04   3.7577900e+04   1.2000000e-02
  -4.6169630e-02   5.1177600e-04   3.7577900e+04   1.2000000e-02
  -4.5642926e-02   5.0734700e-04   3.7575000e+04   1.2000000e-02
  -4.5121391e-02   5.0898700e-04   3.7575000e+04   1.2000000e-02
  -4.4779635e-02   5.0997100e-04   3.7575000e+04   1.2000000e-02
  -4.4265809e-02   5.1587600e-04   3.7575000e+04   1.2000000e-02
  -4.3736155e-02   5.1194000e-04   3.7580900e+04   1.2000000e-02
  -4.3221919e-02   5.1620400e-04   3.7580900e+04   1.2000000e-02
  -4.2686935e-02   5.1333400e-04   3.7580900e+04   1.2000000e-02
  -4.2173765e-02   5.1587600e-04   3.7580900e+04   1.2000000e-02
  -4.1649030e-02   5.1267800e-04   3.7580900e+04   1.2000000e-02
  -4.1303910e-02   5.1563000e-04   3.7580900e+04   1.2000000e-02
  -4.0774257e-02   5.1358000e-04   3.7580900e+04   1.2000000e-02
  -4.0255920e-02   5.2268400e-04   3.7580900e+04   1.2000000e-02
  -3.9737584e-02   5.1530200e-04   3.7577900e+04   1.2000000e-02
  -3.9203336e-02   5.1997700e-04   3.7575000e+04   1.2000000e-02
  -3.8693611e-02   5.2120700e-04   3.7575000e+04   1.2000000e-02
  -3.8344308e-02   5.1161200e-04   3.7575000e+04   1.2000000e-02
  -3.7825151e-02   5.1144800e-04   3.7580900e+04   1.2000000e-02
  -3.7310341e-02   5.1694300e-04   3.7580900e+04   1.2000000e-02
  -3.6792661e-02   5.1759900e-04   3.7583900e+04   1.2000000e-02
  -3.6269814e-02   5.2342200e-04   3.7586900e+04   1.2000000e-02
  -3.5742456e-02   5.2539000e-04   3.7586900e+04   1.2000000e-02
  -3.5223790e-02   5.2137100e-04   3.7583900e+04   1.2000000e-02
  -3.4876291e-02   5.1735300e-04   3.7583900e+04   1.2000000e-02
  -3.4355249e-02   5.1956700e-04   3.7583900e+04   1.2000000e-02
  -3.3816983e-02   5.2301200e-04   3.7583900e+04   1.2000000e-02
  -3.3302502e-02   5.2079700e-04   3.7586900e+04   1.2000000e-02
  -3.2774159e-02   5.2284800e-04   3.7589900e+04   1.2000000e-02
  -3.2254017e-02   5.2317600e-04   3.7595800e+04   1.2000000e-02
  -3.1734122e-02   5.1800900e-04   3.7601800e+04   1.2000000e-02
  -3.1371205e-02   5.2366800e-04   3.7604800e+04   1.2000000e-02
  -3.0853606e-02   5.1702500e-04   3.7604800e+04   1.2000000e-02
  -3.0332318e-02   5.2678400e-04   3.7604800e+04   1.2000000e-02
  -2.9815375e-02   5.1817300e-04   3.7604800e+04   1.2000000e-02
  -2.9290968e-02   5.1997700e-04   3.7610700e+04   1.2000000e-02
  -2.8771155e-02   5.2317600e-04   3.7610700e+04   1.2000000e-02
  -2.8413240e-02   5.2194600e-04   3.7613700e+04   1.2000000e-02
  -2.7905238e-02   5.1833700e-04   3.7616700e+04   1.2000000e-02
  -2.7371974e-02   5.2407800e-04   3.7616700e+04   1.2000000e-02
  -2.6853063e-02   5.2776900e-04   3.7616700e+04   1.2000000e-02
  -2.6339811e-02   5.2473400e-04   3.7619700e+04   1.2000000e-02
  -2.5809008e-02   5.2358600e-04   3.7616700e+04   1.2000000e-02
  -2.5278287e-02   5.2194600e-04   3.7616700e+04   1.2000000e-02
  -2.4933740e-02   5.2932700e-04   3.7616700e+04   1.2000000e-02
  -2.4417946e-02   5.2555400e-04   3.7613700e+04   1.2000000e-02
  -2.3899856e-02   5.2932700e-04   3.7613700e+04   1.2000000e-02
  -2.3384471e-02   5.2785100e-04   3.7610700e+04   1.2000000e-02
  -2.2857524e-02   5.3080300e-04   3.7610700e+04   1.2000000e-02
  -2.2342222e-02   5.3047500e-04   3.7610700e+04   1.2000000e-02
  -2.1829624e-02   5.2965500e-04   3.7610700e+04   1.2000000e-02
  -2.1475646e-02   5.2678400e-04   3.7610700e+04   1.2000000e-02
  -2.0963706e-02   5.2809700e-04   3.7610700e+04   1.2000000e-02
  -2.0441926e-02   5.3121300e-04   3.7610700e+04   1.2000000e-02
  -1.9915961e-02   5.2735900e-04   3.7610700e+04   1.2000000e-02
  -1.9399919e-02   5.3564200e-04   3.7613700e+04   1.2000000e-02
  -1.8889045e-02   5.2973700e-04   3.7613700e+04   1.2000000e-02
  -1.8540153e-02   5.3195100e-04   3.7613700e+04   1.2000000e-02
  -1.8014189e-02   5.2530800e-04   3.7616700e+04   1.2000000e-02
  -1.7498065e-02   5.3186900e-04   3.7616700e+04   1.2000000e-02
  -1.6966933e-02   5.3301800e-04   3.7616700e+04   1.2000000e-02
  -1.6457291e-02   5.3424800e-04   3.7619700e+04   1.2000000e-02
  -1.5943055e-02   5.3572400e-04   3.7616700e+04   1.2000000e-02
  -1.5421764e-02   5.3482200e-04   3.7616700e+04   1.2000000e-02
  -1.5074183e-02   5.3834900e-04   3.7616700e+04   1.2000000e-02
  -1.4532554e-02   5.3244300e-04   3.7616700e+04   1.2000000e-02
  -1.4021025e-02   5.3834900e-04   3.7616700e+04   1.2000000e-02
  -1.3500144e-02   5.3556000e-04   3.7616700e+04   1.2000000e-02
  -1.2978198e-02   5.3818500e-04   3.7616700e+04   1.2000000e-02
  -1.2454365e-02   5.4310500e-04   3.7622600e+04   1.2000000e-02
  -1.1934962e-02   5.3186900e-04   3.7622600e+04   1.2000000e-02
  -1.1572208e-02   5.4089100e-04   3.7625600e+04   1.2000000e-02
  -1.1053953e-02   5.4450000e-04   3.7625600e+04   1.2000000e-02
  -1.0547509e-02   5.4769800e-04   3.7622600e+04   1.2000000e-02
  -1.0014243e-02   5.3941500e-04   3.7622600e+04   1.2000000e-02
  -9.5107510e-03   5.3605200e-04   3.7622600e+04   1.2000000e-02
  -8.9824910e-03   5.3326400e-04   3.7622600e+04   1.2000000e-02
  -8.6486890e-03   5.3793900e-04   3.7622600e+04   1.2000000e-02
  -8.1283000e-03   5.3884100e-04   3.7622600e+04   1.2000000e-02
  -7.6039760e-03   5.3047500e-04   3.7622600e+04   1.2000000e-02
  -7.0860490e-03   5.3769200e-04   3.7622600e+04   1.2000000e-02
  -6.5557380e-03   5.3679000e-04   3.7622600e+04   1.2000000e-02
  -6.0205050e-03   5.3957900e-04   3.7622600e+04   1.2000000e-02
  -5.5104520e-03   5.4113700e-04   3.7622600e+04   1.2000000e-02
  -5.1641010e-03   5.3908700e-04   3.7622600e+04   1.2000000e-02
  -4.6434680e-03   5.3810300e-04   3.7625600e+04   1.2000000e-02
  -4.1344810e-03   5.3916900e-04   3.7625600e+04   1.2000000e-02
  -3.5999850e-03   5.3818500e-04   3.7625600e+04   1.2000000e-02
  -3.0757430e-03   5.5212700e-04   3.7628600e+04   1.2000000e-02
  -2.5492860e-03   5.5704800e-04   3.7628600e+04   1.2000000e-02
  -2.0292250e-03   5.5663800e-04   3.7625600e+04   1.2000000e-02
  -1.6714740e-03   5.7517300e-04   3.7625600e+04   1.2000000e-02
  -1.1543680e-03   5.9592300e-04   3.7622600e+04   1.2000000e-02
  -6.3078000e-04   6.3455300e-04   3.7622600e+04   1.2000000e-02
  -1.2384300e-04   6.7744700e-04   3.7622600e+04   1.2000000e-02
   3.9613400e-04   7.5650900e-04   3.7622600e+04   1.2000000e-02
   9.2874200e-04   8.4221500e-04   3.7622600e+04   1.2000000e-02
   1.2672190e-03   9.4309400e-04   3.7622600e+04   1.2000000e-02
   1.7899840e-03   1.1949630e-03   3.7622600e+04   1.2000000e-02
   2.3215280e-03   1.5849460e-03   3.7622600e+04   1.2000000e-02
   2.8365020e-03   2.1779190e-03   3.7625600e+04   1.2000000e-02
   3.3560690e-03   3.0057000e-03   3.7625600e+04   1.2000000e-02
   3.8681730e-03   4.4681170e-03   3.7628600e+04   1.2000000e-02
   4.3944670e-03   7.0285560e-03   3.7628600e+04   1.2000000e-02
   4.7450010e-03   9.8952410e-03   3.7631600e+04   1.2000000e-02
   5.2717850e-03   1.4277491e-02   3.7631600e+04   1.2000000e-02
   5.7889740e-03   2.0654438e-02   3.7631600e+04   1.2000000e-02
   6.3019010e-03   2.9622749e-02   3.7634600e+04   1.2000000e-02
   6.8389370e-03   3.7937066e-02   3.7637500e+04   1.2000000e-02
   7.3658030e-03   4.8955436e-02   3.7643500e+04   1.2000000e-02
   7.7168290e-03   5.8636216e-02   3.7649500e+04   1.2000000e-02
   8.2412350e-03   6.7423684e-02   3.7655400e+04   1.2000000e-02
   8.7567850e-03   7.4707971e-02   3.7658400e+04   1.2000000e-02
   9.2790590e-03   8.2848417e-02   3.7664400e+04   1.2000000e-02
   9.7910810e-03   9.3352626e-02   3.7667300e+04   1.2000000e-02
   1.0312371e-02   1.0327343e-01   3.7667300e+04   1.2000000e-02
   1.0841290e-02   1.1106731e-01   3.7667300e+04   1.2000000e-02
   1.1182227e-02   1.1682849e-01   3.7667300e+04   1.2000000e-02
   1.1697038e-02   1.2461661e-01   3.7667300e+04   1.2000000e-02
   1.2222182e-02   1.3407680e-01   3.7667300e+04   1.2000000e-02
   1.2748067e-02   1.4197887e-01   3.7667300e+04   1.2000000e-02
   1.3276820e-02   1.4944243e-01   3.7667300e+04   1.2000000e-02
   1.3795651e-02   1.5796823e-01   3.7667300e+04   1.2000000e-02
   1.4311937e-02   1.6579406e-01   3.7667300e+04   1.2000000e-02
   1.4661979e-02   1.6970042e-01   3.7667300e+04   1.2000000e-02
   1.5187616e-02   1.7705660e-01   3.7667300e+04   1.2000000e-02
   1.5698243e-02   1.8424395e-01   3.7667300e+04   1.2000000e-02
   1.6236266e-02   1.9156489e-01   3.7664400e+04   1.2000000e-02
   1.6754357e-02   1.9816127e-01   3.7664400e+04   1.2000000e-02
   1.7266543e-02   2.0350201e-01   3.7667300e+04   1.2000000e-02
   1.7620275e-02   2.0899844e-01   3.7667300e+04   1.2000000e-02
   1.8140583e-02   2.1656937e-01   3.7667300e+04   1.2000000e-02
   1.8652604e-02   2.2189372e-01   3.7667300e+04   1.2000000e-02
   1.9180620e-02   2.2801799e-01   3.7667300e+04   1.2000000e-02
   1.9706502e-02   2.3394966e-01   3.7670300e+04   1.2000000e-02
   2.0230255e-02   2.3994689e-01   3.7670300e+04   1.2000000e-02
   2.0733419e-02   2.4504499e-01   3.7670300e+04   1.2000000e-02
   2.1090515e-02   2.4901446e-01   3.7670300e+04   1.2000000e-02
   2.1618775e-02   2.5405111e-01   3.7670300e+04   1.2000000e-02
   2.2130226e-02   2.5918937e-01   3.7670300e+04   1.2000000e-02
   2.2654468e-02   2.6409978e-01   3.7670300e+04   1.2000000e-02
   2.3176989e-02   2.6877987e-01   3.7670300e+04   1.2000000e-02
   2.3694423e-02   2.7462304e-01   3.7670300e+04   1.2000000e-02
   2.4215304e-02   2.7925559e-01   3.7670300e+04   1.2000000e-02
   2.4563213e-02   2.8334391e-01   3.7670300e+04   1.2000000e-02
   2.5093196e-02   2.8837561e-01   3.7670300e+04   1.2000000e-02
   2.5619983e-02   2.9286554e-01   3.7673300e+04   1.2000000e-02
   2.6143159e-02   2.9800465e-01   3.7673300e+04   1.2000000e-02
   2.6665926e-02   3.0257573e-01   3.7673300e+04   1.2000000e-02
   2.7202224e-02   3.0707714e-01   3.7673300e+04   1.2000000e-02
   2.7545953e-02   3.1080892e-01   3.7673300e+04   1.2000000e-02
   2.8054940e-02   3.1591194e-01   3.7673300e+04   1.2000000e-02
   2.8579675e-02   3.2112151e-01   3.7673300e+04   1.2000000e-02
   2.9076524e-02   3.2569343e-01   3.7673300e+04   1.2000000e-02
   2.9609052e-02   3.3074809e-01   3.7670300e+04   1.2000000e-02
   3.0131654e-02   3.3662402e-01   3.7670300e+04   1.2000000e-02
   3.0639904e-02   3.4128771e-01   3.7670300e+04   1.2000000e-02
   3.0988797e-02   3.4501047e-01   3.7670300e+04   1.2000000e-02
   3.1516321e-02   3.4938158e-01   3.7667300e+04   1.2000000e-02
   3.2041219e-02   3.5415182e-01   3.7667300e+04   1.2000000e-02
   3.2562101e-02   3.5968353e-01   3.7667300e+04   1.2000000e-02
   3.3086753e-02   3.6408494e-01   3.7670300e+04   1.2000000e-02
   3.3600908e-02   3.6938222e-01   3.7667300e+04   1.2000000e-02
   3.4125150e-02   3.7401722e-01   3.7667300e+04   1.2000000e-02
   3.4472403e-02   3.7690232e-01   3.7667300e+04   1.2000000e-02
   3.5003454e-02   3.7993660e-01   3.7667300e+04   1.2000000e-02
   3.5533027e-02   3.8411671e-01   3.7667300e+04   1.2000000e-02
   3.6029879e-02   3.8936320e-01   3.7667300e+04   1.2000000e-02
   3.6569786e-02   3.9368183e-01   3.7670300e+04   1.2000000e-02
   3.7089600e-02   3.9700870e-01   3.7670300e+04   1.2000000e-02
   3.7433572e-02   3.9974218e-01   3.7670300e+04   1.2000000e-02
   3.7957323e-02   4.0481323e-01   3.7670300e+04   1.2000000e-02
   3.8481565e-02   4.0887367e-01   3.7673300e+04   1.2000000e-02
   3.9002777e-02   4.1308413e-01   3.7673300e+04   1.2000000e-02
   3.9524066e-02   4.1713966e-01   3.7673300e+04   1.2000000e-02
   4.0045849e-02   4.2110915e-01   3.7673300e+04   1.2000000e-02
   4.0578292e-02   4.2641789e-01   3.7673300e+04   1.2000000e-02
   4.0920544e-02   4.2941938e-01   3.7673300e+04   1.2000000e-02
   4.1438553e-02   4.3360033e-01   3.7673300e+04   1.2000000e-02
   4.1963700e-02   4.3767962e-01   3.7676300e+04   1.2000000e-02
   4.2484169e-02   4.4170647e-01   3.7676300e+04   1.2000000e-02
   4.3001852e-02   4.4576692e-01   3.7679300e+04   1.2000000e-02
   4.3532081e-02   4.5098880e-01   3.7679300e+04   1.2000000e-02
   4.3889422e-02   4.5250921e-01   3.7679300e+04   1.2000000e-02
   4.4397262e-02   4.5719995e-01   3.7682200e+04   1.2000000e-02
   4.4914614e-02   4.6083091e-01   3.7682200e+04   1.2000000e-02
   4.5446978e-02   4.6495040e-01   3.7682200e+04   1.2000000e-02
   4.5950552e-02   4.6862070e-01   3.7679300e+04   1.2000000e-02
   4.6472336e-02   4.7315573e-01   3.7679300e+04   1.2000000e-02
   4.6993052e-02   4.7744895e-01   3.7676300e+04   1.2000000e-02
   4.7335468e-02   4.7966523e-01   3.7673300e+04   1.2000000e-02
   4.7847899e-02   4.8274542e-01   3.7673300e+04   1.2000000e-02
   4.8366402e-02   4.8709519e-01   3.7673300e+04   1.2000000e-02
   4.8891792e-02   4.9115974e-01   3.7673300e+04   1.2000000e-02
   4.9407999e-02   4.9442434e-01   3.7673300e+04   1.2000000e-02
   4.9934127e-02   4.9857986e-01   3.7673300e+04   1.2000000e-02
   5.0461159e-02   5.0145103e-01   3.7676300e+04   1.2000000e-02
   5.0804229e-02   5.0501151e-01   3.7676300e+04   1.2000000e-02
   5.1333392e-02   5.0831379e-01   3.7676300e+04   1.2000000e-02
   5.1860096e-02   5.1216851e-01   3.7673300e+04   1.2000000e-02
   5.2376219e-02   5.1563639e-01   3.7673300e+04   1.2000000e-02
   5.2884716e-02   5.1954356e-01   3.7676300e+04   1.2000000e-02
   5.3407399e-02   5.2347696e-01   3.7679300e+04   1.2000000e-02
   5.3762938e-02   5.2608504e-01   3.7679300e+04   1.2000000e-02
   5.4280126e-02   5.3058153e-01   3.7679300e+04   1.2000000e-02
   5.4801174e-02   5.3412971e-01   3.7679300e+04   1.2000000e-02
   5.5334355e-02   5.3807706e-01   3.7679300e+04   1.2000000e-02
   5.5848675e-02   5.4264486e-01   3.7679300e+04   1.2000000e-02
   5.6375378e-02   5.4651109e-01   3.7676300e+04   1.2000000e-02
   5.6887729e-02   5.5018221e-01   3.7676300e+04   1.2000000e-02
   5.7236705e-02   5.5332303e-01   3.7676300e+04   1.2000000e-02
