  -1.5061198e-01  -3.8443941e+00   3.6740500e+04   1.2000000e-02
  -1.5009807e-01  -3.8208960e+00   3.6740500e+04   1.2000000e-02
  -1.4975956e-01  -3.8020680e+00   3.6743500e+04   1.2000000e-02
  -1.4923008e-01  -3.7786520e+00   3.6746400e+04   1.2000000e-02
  -1.4870306e-01  -3.7511160e+00   3.6749400e+04   1.2000000e-02
  -1.4818669e-01  -3.7377706e+00   3.6752400e+04   1.2000000e-02
  -1.4765476e-01  -3.7178510e+00   3.6752400e+04   1.2000000e-02
  -1.4712364e-01  -3.6907744e+00   3.6755400e+04   1.2000000e-02
  -1.4678103e-01  -3.6802524e+00   3.6758400e+04   1.2000000e-02
  -1.4625073e-01  -3.6641739e+00   3.6758400e+04   1.2000000e-02
  -1.4573191e-01  -3.6422764e+00   3.6764300e+04   1.2000000e-02
  -1.4520325e-01  -3.6235141e+00   3.6764300e+04   1.2000000e-02
  -1.4468771e-01  -3.6001719e+00   3.6767300e+04   1.2000000e-02
  -1.4415495e-01  -3.5775685e+00   3.6770300e+04   1.2000000e-02
  -1.4362874e-01  -3.5606200e+00   3.6770300e+04   1.2000000e-02
  -1.4330089e-01  -3.5461829e+00   3.6773300e+04   1.2000000e-02
  -1.4277469e-01  -3.5291441e+00   3.6773300e+04   1.2000000e-02
  -1.4224439e-01  -3.5151914e+00   3.6776300e+04   1.2000000e-02
  -1.4173704e-01  -3.4948696e+00   3.6779200e+04   1.2000000e-02
  -1.4119772e-01  -3.4733249e+00   3.6782200e+04   1.2000000e-02
  -1.4067152e-01  -3.4563600e+00   3.6782200e+04   1.2000000e-02
  -1.4016171e-01  -3.4399698e+00   3.6785200e+04   1.2000000e-02
  -1.3982402e-01  -3.4276011e+00   3.6785200e+04   1.2000000e-02
  -1.3929208e-01  -3.4084777e+00   3.6788200e+04   1.2000000e-02
  -1.3877654e-01  -3.3931707e+00   3.6788200e+04   1.2000000e-02
  -1.3824624e-01  -3.3755984e+00   3.6788200e+04   1.2000000e-02
  -1.3773971e-01  -3.3525518e+00   3.6791200e+04   1.2000000e-02
  -1.3721678e-01  -3.3319264e+00   3.6794100e+04   1.2000000e-02
  -1.3686024e-01  -3.3227833e+00   3.6797100e+04   1.2000000e-02
  -1.3633814e-01  -3.3051535e+00   3.6800100e+04   1.2000000e-02
  -1.3580374e-01  -3.2856443e+00   3.6800100e+04   1.2000000e-02
  -1.3529227e-01  -3.2738501e+00   3.6803100e+04   1.2000000e-02
  -1.3476361e-01  -3.2568606e+00   3.6806100e+04   1.2000000e-02
  -1.3423823e-01  -3.2387055e+00   3.6809000e+04   1.2000000e-02
  -1.3372350e-01  -3.2165371e+00   3.6812000e+04   1.2000000e-02
  -1.3338499e-01  -3.2018292e+00   3.6812000e+04   1.2000000e-02
  -1.3287027e-01  -3.1852419e+00   3.6815000e+04   1.2000000e-02
  -1.3234079e-01  -3.1560642e+00   3.6815000e+04   1.2000000e-02
  -1.3182278e-01  -3.1343226e+00   3.6818000e+04   1.2000000e-02
  -1.3130641e-01  -3.1151745e+00   3.6821000e+04   1.2000000e-02
  -1.3077939e-01  -3.0958705e+00   3.6821000e+04   1.2000000e-02
  -1.3025319e-01  -3.0792585e+00   3.6823900e+04   1.2000000e-02
  -1.2991222e-01  -3.0649282e+00   3.6823900e+04   1.2000000e-02
  -1.2938930e-01  -3.0503189e+00   3.6826900e+04   1.2000000e-02
  -1.2887703e-01  -3.0328370e+00   3.6829900e+04   1.2000000e-02
  -1.2834591e-01  -3.0135330e+00   3.6829900e+04   1.2000000e-02
  -1.2783118e-01  -2.9984968e+00   3.6832900e+04   1.2000000e-02
  -1.2731646e-01  -2.9778303e+00   3.6835900e+04   1.2000000e-02
  -1.2696483e-01  -2.9614400e+00   3.6838800e+04   1.2000000e-02
  -1.2644437e-01  -2.9383030e+00   3.6838800e+04   1.2000000e-02
  -1.2591489e-01  -2.9224542e+00   3.6841800e+04   1.2000000e-02
  -1.2538869e-01  -2.9029286e+00   3.6844800e+04   1.2000000e-02
  -1.2486739e-01  -2.8898951e+00   3.6847800e+04   1.2000000e-02
  -1.2435267e-01  -2.8706321e+00   3.6847800e+04   1.2000000e-02
  -1.2384040e-01  -2.8514758e+00   3.6850800e+04   1.2000000e-02
  -1.2349123e-01  -2.8396570e+00   3.6850800e+04   1.2000000e-02
  -1.2296913e-01  -2.8229138e+00   3.6850800e+04   1.2000000e-02
  -1.2244211e-01  -2.8010572e+00   3.6853700e+04   1.2000000e-02
  -1.2192902e-01  -2.7865710e+00   3.6853700e+04   1.2000000e-02
  -1.2140692e-01  -2.7710834e+00   3.6856700e+04   1.2000000e-02
  -1.2089957e-01  -2.7548818e+00   3.6856700e+04   1.2000000e-02
  -1.2054221e-01  -2.7435226e+00   3.6859700e+04   1.2000000e-02
  -1.2001846e-01  -2.7232091e+00   3.6862700e+04   1.2000000e-02
  -1.1950046e-01  -2.7109305e+00   3.6865700e+04   1.2000000e-02
  -1.1897508e-01  -2.6908304e+00   3.6865700e+04   1.2000000e-02
  -1.1845297e-01  -2.6722486e+00   3.6865700e+04   1.2000000e-02
  -1.1792349e-01  -2.6495959e+00   3.6868600e+04   1.2000000e-02
  -1.1739155e-01  -2.6323191e+00   3.6868600e+04   1.2000000e-02
  -1.1704485e-01  -2.6228559e+00   3.6871600e+04   1.2000000e-02
  -1.1653258e-01  -2.6082959e+00   3.6871600e+04   1.2000000e-02
  -1.1601293e-01  -2.5862833e+00   3.6874600e+04   1.2000000e-02
  -1.1548591e-01  -2.5713129e+00   3.6877600e+04   1.2000000e-02
  -1.1495561e-01  -2.5502524e+00   3.6880600e+04   1.2000000e-02
  -1.1443351e-01  -2.5331152e+00   3.6880600e+04   1.2000000e-02
  -1.1391632e-01  -2.5052834e+00   3.6883500e+04   1.2000000e-02
  -1.1356634e-01  -2.4992755e+00   3.6883500e+04   1.2000000e-02
  -1.1305243e-01  -2.4818428e+00   3.6886500e+04   1.2000000e-02
  -1.1251885e-01  -2.4632528e+00   3.6886500e+04   1.2000000e-02
  -1.1199757e-01  -2.4476504e+00   3.6886500e+04   1.2000000e-02
  -1.1149268e-01  -2.4188256e+00   3.6889500e+04   1.2000000e-02
  -1.1097877e-01  -2.4073926e+00   3.6889500e+04   1.2000000e-02
  -1.1064436e-01  -2.3967229e+00   3.6889500e+04   1.2000000e-02
  -1.1011324e-01  -2.3751782e+00   3.6889500e+04   1.2000000e-02
  -1.0959851e-01  -2.3622678e+00   3.6892500e+04   1.2000000e-02
  -1.0906739e-01  -2.3436696e+00   3.6892500e+04   1.2000000e-02
  -1.0855430e-01  -2.3242507e+00   3.6895500e+04   1.2000000e-02
  -1.0801827e-01  -2.3005803e+00   3.6898400e+04   1.2000000e-02
  -1.0751665e-01  -2.2865866e+00   3.6898400e+04   1.2000000e-02
  -1.0716995e-01  -2.2730934e+00   3.6904400e+04   1.2000000e-02
  -1.0663555e-01  -2.2538879e+00   3.6907400e+04   1.2000000e-02
  -1.0611755e-01  -2.2361515e+00   3.6907400e+04   1.2000000e-02
  -1.0559954e-01  -2.2210497e+00   3.6910400e+04   1.2000000e-02
  -1.0508317e-01  -2.2045937e+00   3.6910400e+04   1.2000000e-02
  -1.0456517e-01  -2.1885478e+00   3.6913300e+04   1.2000000e-02
  -1.0404304e-01  -2.1729453e+00   3.6913300e+04   1.2000000e-02
  -1.0369142e-01  -2.1599693e+00   3.6916300e+04   1.2000000e-02
  -1.0316030e-01  -2.1434147e+00   3.6919300e+04   1.2000000e-02
  -1.0263902e-01  -2.1243980e+00   3.6919300e+04   1.2000000e-02
  -1.0212347e-01  -2.1078106e+00   3.6922300e+04   1.2000000e-02
  -1.0160792e-01  -2.0857079e+00   3.6922300e+04   1.2000000e-02
  -1.0109074e-01  -2.0666009e+00   3.6922300e+04   1.2000000e-02
  -1.0074076e-01  -2.0543717e+00   3.6925300e+04   1.2000000e-02
  -1.0022193e-01  -2.0330240e+00   3.6928200e+04   1.2000000e-02
  -9.9693886e-02  -2.0190548e+00   3.6928200e+04   1.2000000e-02
  -9.9173343e-02  -2.0015564e+00   3.6931200e+04   1.2000000e-02
  -9.8648609e-02  -1.9773605e+00   3.6934200e+04   1.2000000e-02
  -9.8132655e-02  -1.9603382e+00   3.6937200e+04   1.2000000e-02
  -9.7601770e-02  -1.9407879e+00   3.6940200e+04   1.2000000e-02
  -9.7261740e-02  -1.9314149e+00   3.6940200e+04   1.2000000e-02
  -9.6735284e-02  -1.9120945e+00   3.6943100e+04   1.2000000e-02
  -9.6214738e-02  -1.8916660e+00   3.6943100e+04   1.2000000e-02
  -9.5690906e-02  -1.8786654e+00   3.6943100e+04   1.2000000e-02
  -9.5167981e-02  -1.8621273e+00   3.6946100e+04   1.2000000e-02
  -9.4647266e-02  -1.8445468e+00   3.6949100e+04   1.2000000e-02
  -9.4132460e-02  -1.8268022e+00   3.6949100e+04   1.2000000e-02
  -9.3777415e-02  -1.8168794e+00   3.6952100e+04   1.2000000e-02
  -9.3263917e-02  -1.7969269e+00   3.6952100e+04   1.2000000e-02
  -9.2737384e-02  -1.7778035e+00   3.6952100e+04   1.2000000e-02
  -9.2212568e-02  -1.7591066e+00   3.6955100e+04   1.2000000e-02
  -9.1700305e-02  -1.7421827e+00   3.6955100e+04   1.2000000e-02
  -9.1180492e-02  -1.7231085e+00   3.6955100e+04   1.2000000e-02
  -9.0827422e-02  -1.7121925e+00   3.6958000e+04   1.2000000e-02
  -9.0303426e-02  -1.6928228e+00   3.6961000e+04   1.2000000e-02
  -8.9788621e-02  -1.6728047e+00   3.6961000e+04   1.2000000e-02
  -8.9270448e-02  -1.6554377e+00   3.6964000e+04   1.2000000e-02
  -8.8751297e-02  -1.6360434e+00   3.6964000e+04   1.2000000e-02
  -8.8222708e-02  -1.6197269e+00   3.6967000e+04   1.2000000e-02
  -8.7708968e-02  -1.5999140e+00   3.6970000e+04   1.2000000e-02
  -8.7359172e-02  -1.5899665e+00   3.6972900e+04   1.2000000e-02
  -8.6842563e-02  -1.5735269e+00   3.6975900e+04   1.2000000e-02
  -8.6315778e-02  -1.5517768e+00   3.6975900e+04   1.2000000e-02
  -8.5792197e-02  -1.5382755e+00   3.6975900e+04   1.2000000e-02
  -8.5273450e-02  -1.5157048e+00   3.6975900e+04   1.2000000e-02
  -8.4755363e-02  -1.4963926e+00   3.6975900e+04   1.2000000e-02
  -8.4411800e-02  -1.4842045e+00   3.6975900e+04   1.2000000e-02
  -8.3878783e-02  -1.4645885e+00   3.6975900e+04   1.2000000e-02
  -8.3365618e-02  -1.4493227e+00   3.6978900e+04   1.2000000e-02
  -8.2849003e-02  -1.4286644e+00   3.6981900e+04   1.2000000e-02
  -8.2315827e-02  -1.4149907e+00   3.6981900e+04   1.2000000e-02
  -8.1802165e-02  -1.3991584e+00   3.6984900e+04   1.2000000e-02
  -8.1258406e-02  -1.3756111e+00   3.6987800e+04   1.2000000e-02
  -8.0917304e-02  -1.3661151e+00   3.6987800e+04   1.2000000e-02
  -8.0403730e-02  -1.3422885e+00   3.6990800e+04   1.2000000e-02
  -7.9868908e-02  -1.3246177e+00   3.6990800e+04   1.2000000e-02
  -7.9357463e-02  -1.3098853e+00   3.6993800e+04   1.2000000e-02
  -7.8829776e-02  -1.2874542e+00   3.6996800e+04   1.2000000e-02
  -7.8296026e-02  -1.2792056e+00   3.6996800e+04   1.2000000e-02
  -7.7776049e-02  -1.2631846e+00   3.7002700e+04   1.2000000e-02
  -7.7434786e-02  -1.2534915e+00   3.7002700e+04   1.2000000e-02
  -7.6913824e-02  -1.2337606e+00   3.7005700e+04   1.2000000e-02
  -7.6402543e-02  -1.2139149e+00   3.7005700e+04   1.2000000e-02
  -7.5890603e-02  -1.1977461e+00   3.7005700e+04   1.2000000e-02
  -7.5361855e-02  -1.1769237e+00   3.7008700e+04   1.2000000e-02
  -7.4838352e-02  -1.1613458e+00   3.7008700e+04   1.2000000e-02
  -7.4486834e-02  -1.1479758e+00   3.7011700e+04   1.2000000e-02
  -7.3974405e-02  -1.1338425e+00   3.7011700e+04   1.2000000e-02
  -7.3448687e-02  -1.1162785e+00   3.7011700e+04   1.2000000e-02
  -7.2922315e-02  -1.1019071e+00   3.7014700e+04   1.2000000e-02
  -7.2403650e-02  -1.0839081e+00   3.7014700e+04   1.2000000e-02
  -7.1880479e-02  -1.0657120e+00   3.7014700e+04   1.2000000e-02
  -7.1360338e-02  -1.0508893e+00   3.7014700e+04   1.2000000e-02
  -7.1014563e-02  -1.0352866e+00   3.7014700e+04   1.2000000e-02
  -7.0492864e-02  -1.0146858e+00   3.7017700e+04   1.2000000e-02
  -6.9963540e-02  -9.9519183e-01   3.7017700e+04   1.2000000e-02
  -6.9439954e-02  -9.7555438e-01   3.7017700e+04   1.2000000e-02
  -6.8931873e-02  -9.6121671e-01   3.7017700e+04   1.2000000e-02
  -6.8410502e-02  -9.4490367e-01   3.7017700e+04   1.2000000e-02
  -6.7885853e-02  -9.2392042e-01   3.7020600e+04   1.2000000e-02
  -6.7536385e-02  -9.2026820e-01   3.7020600e+04   1.2000000e-02
  -6.7014852e-02  -8.9907843e-01   3.7023600e+04   1.2000000e-02
  -6.6503404e-02  -8.8497840e-01   3.7023600e+04   1.2000000e-02
  -6.5980313e-02  -8.5791190e-01   3.7026600e+04   1.2000000e-02
  -6.5473951e-02  -8.4366759e-01   3.7026600e+04   1.2000000e-02
  -6.4932980e-02  -8.2794714e-01   3.7029600e+04   1.2000000e-02
  -6.4589008e-02  -8.1425203e-01   3.7032600e+04   1.2000000e-02
  -6.4068046e-02  -7.9653743e-01   3.7032600e+04   1.2000000e-02
  -6.3542248e-02  -7.8004328e-01   3.7032600e+04   1.2000000e-02
  -6.3005540e-02  -7.5766088e-01   3.7035500e+04   1.2000000e-02
  -6.2485318e-02  -7.3908078e-01   3.7038500e+04   1.2000000e-02
  -6.1971574e-02  -7.2335785e-01   3.7038500e+04   1.2000000e-02
  -6.1439874e-02  -7.1537061e-01   3.7041500e+04   1.2000000e-02
  -6.1097460e-02  -7.0144187e-01   3.7041500e+04   1.2000000e-02
  -6.0587901e-02  -6.7915867e-01   3.7041500e+04   1.2000000e-02
  -6.0061609e-02  -6.6752405e-01   3.7044500e+04   1.2000000e-02
  -5.9542043e-02  -6.4679157e-01   3.7047500e+04   1.2000000e-02
  -5.9015423e-02  -6.2634677e-01   3.7050400e+04   1.2000000e-02
  -5.8495284e-02  -6.1140169e-01   3.7050400e+04   1.2000000e-02
  -5.7969648e-02  -5.9311579e-01   3.7050400e+04   1.2000000e-02
  -5.7621083e-02  -5.8012058e-01   3.7053400e+04   1.2000000e-02
  -5.7103158e-02  -5.6023149e-01   3.7053400e+04   1.2000000e-02
  -5.6576373e-02  -5.4222015e-01   3.7056400e+04   1.2000000e-02
  -5.6063287e-02  -5.2368999e-01   3.7059400e+04   1.2000000e-02
  -5.5536585e-02  -5.0242393e-01   3.7062400e+04   1.2000000e-02
  -5.5030060e-02  -4.8840664e-01   3.7062400e+04   1.2000000e-02
  -5.4673786e-02  -4.7385578e-01   3.7065300e+04   1.2000000e-02
  -5.4153235e-02  -4.5936719e-01   3.7065300e+04   1.2000000e-02
  -5.3632273e-02  -4.4107718e-01   3.7065300e+04   1.2000000e-02
  -5.3108689e-02  -4.1364092e-01   3.7068300e+04   1.2000000e-02
  -5.2596996e-02  -3.9949003e-01   3.7068300e+04   1.2000000e-02
  -5.2070951e-02  -3.8595960e-01   3.7068300e+04   1.2000000e-02
  -5.1549416e-02  -3.6490169e-01   3.7074300e+04   1.2000000e-02
  -5.1197326e-02  -3.4904595e-01   3.7074300e+04   1.2000000e-02
  -5.0664391e-02  -3.3776704e-01   3.7077300e+04   1.2000000e-02
  -5.0161884e-02  -3.1837953e-01   3.7077300e+04   1.2000000e-02
  -4.9634689e-02  -2.9937889e-01   3.7077300e+04   1.2000000e-02
  -4.9107989e-02  -2.7739970e-01   3.7077300e+04   1.2000000e-02
  -4.8579318e-02  -2.6457741e-01   3.7080200e+04   1.2000000e-02
  -4.8058195e-02  -2.4525628e-01   3.7080200e+04   1.2000000e-02
  -4.7710204e-02  -2.3108161e-01   3.7080200e+04   1.2000000e-02
  -4.7190473e-02  -2.1691349e-01   3.7080200e+04   1.2000000e-02
  -4.6671072e-02  -1.9798249e-01   3.7080200e+04   1.2000000e-02
  -4.6141991e-02  -1.7457140e-01   3.7080200e+04   1.2000000e-02
  -4.5617338e-02  -1.5576499e-01   3.7080200e+04   1.2000000e-02
  -4.5092194e-02  -1.3849622e-01   3.7080200e+04   1.2000000e-02
  -4.4745763e-02  -1.2416251e-01   3.7080200e+04   1.2000000e-02
  -4.4233905e-02  -1.0209970e-01   3.7083200e+04   1.2000000e-02
  -4.3720736e-02  -8.9407168e-02   3.7083200e+04   1.2000000e-02
  -4.3212815e-02  -6.6975730e-02   3.7083200e+04   1.2000000e-02
  -4.2681276e-02  -4.9016706e-02   3.7086200e+04   1.2000000e-02
  -4.2174667e-02  -2.7054738e-02   3.7089200e+04   1.2000000e-02
  -4.1644683e-02  -1.0902389e-02   3.7089200e+04   1.2000000e-02
  -4.1294806e-02   4.4356390e-03   3.7092200e+04   1.2000000e-02
  -4.0771714e-02   2.7643059e-02   3.7092200e+04   1.2000000e-02
  -4.0261333e-02   4.3900412e-02   3.7092200e+04   1.2000000e-02
  -3.9734877e-02   6.5823642e-02   3.7095100e+04   1.2000000e-02
  -3.9211538e-02   8.8164823e-02   3.7095100e+04   1.2000000e-02
  -3.8687952e-02   1.0247675e-01   3.7095100e+04   1.2000000e-02
  -3.8344964e-02   1.1823579e-01   3.7095100e+04   1.2000000e-02
  -3.7819984e-02   1.3750287e-01   3.7095100e+04   1.2000000e-02
  -3.7309275e-02   1.5431267e-01   3.7098100e+04   1.2000000e-02
  -3.6783393e-02   1.7065365e-01   3.7101100e+04   1.2000000e-02
  -3.6259644e-02   2.0072838e-01   3.7104100e+04   1.2000000e-02
  -3.5735074e-02   2.1810208e-01   3.7104100e+04   1.2000000e-02
  -3.5215998e-02   2.3736669e-01   3.7107100e+04   1.2000000e-02
  -3.4873666e-02   2.5100288e-01   3.7107100e+04   1.2000000e-02
  -3.4350656e-02   2.6692341e-01   3.7107100e+04   1.2000000e-02
  -3.3809273e-02   2.8523397e-01   3.7107100e+04   1.2000000e-02
  -3.3296843e-02   3.0625260e-01   3.7107100e+04   1.2000000e-02
  -3.2776045e-02   3.2489180e-01   3.7110000e+04   1.2000000e-02
  -3.2258281e-02   3.4635960e-01   3.7110000e+04   1.2000000e-02
  -3.1734942e-02   3.6766837e-01   3.7116000e+04   1.2000000e-02
  -3.1399007e-02   3.7540404e-01   3.7116000e+04   1.2000000e-02
  -3.0866236e-02   3.9686609e-01   3.7119000e+04   1.2000000e-02
  -3.0343881e-02   4.1148913e-01   3.7119000e+04   1.2000000e-02
  -2.9817179e-02   4.3186517e-01   3.7119000e+04   1.2000000e-02
  -2.9297530e-02   4.5267396e-01   3.7119000e+04   1.2000000e-02
  -2.8767464e-02   4.6196039e-01   3.7119000e+04   1.2000000e-02
  -2.8418079e-02   4.8022996e-01   3.7122000e+04   1.2000000e-02
  -2.7901301e-02   5.0861542e-01   3.7122000e+04   1.2000000e-02
  -2.7388296e-02   5.2679156e-01   3.7122000e+04   1.2000000e-02
  -2.6871434e-02   5.4118838e-01   3.7122000e+04   1.2000000e-02
  -2.6343009e-02   5.6417003e-01   3.7122000e+04   1.2000000e-02
  -2.5810485e-02   5.8549274e-01   3.7122000e+04   1.2000000e-02
  -2.5289769e-02   5.9803475e-01   3.7124900e+04   1.2000000e-02
  -2.4951127e-02   6.1763129e-01   3.7124900e+04   1.2000000e-02
  -2.4428690e-02   6.3613938e-01   3.7124900e+04   1.2000000e-02
  -2.3900184e-02   6.5522040e-01   3.7124900e+04   1.2000000e-02
  -2.3374712e-02   6.7563168e-01   3.7127900e+04   1.2000000e-02
  -2.2850881e-02   6.9408649e-01   3.7130900e+04   1.2000000e-02
  -2.2356246e-02   7.1758205e-01   3.7130900e+04   1.2000000e-02
  -2.1824047e-02   7.3668846e-01   3.7133900e+04   1.2000000e-02
  -2.1484503e-02   7.4850673e-01   3.7133900e+04   1.2000000e-02
  -2.0974204e-02   7.7149901e-01   3.7136900e+04   1.2000000e-02
  -2.0440941e-02   7.9511750e-01   3.7136900e+04   1.2000000e-02
  -1.9911861e-02   8.1536485e-01   3.7136900e+04   1.2000000e-02
  -1.9403938e-02   8.3844074e-01   3.7136900e+04   1.2000000e-02
  -1.8881992e-02   8.6157566e-01   3.7133900e+04   1.2000000e-02
  -1.8521618e-02   8.7814365e-01   3.7133900e+04   1.2000000e-02
  -1.7997540e-02   8.9987289e-01   3.7133900e+04   1.2000000e-02
  -1.7482646e-02   9.1674172e-01   3.7133900e+04   1.2000000e-02
  -1.6967261e-02   9.3173439e-01   3.7133900e+04   1.2000000e-02
  -1.6455487e-02   9.5251123e-01   3.7136900e+04   1.2000000e-02
  -1.5932475e-02   9.7033738e-01   3.7136900e+04   1.2000000e-02
  -1.5420697e-02   9.9190432e-01   3.7139800e+04   1.2000000e-02
  -1.5073937e-02   1.0069628e+00   3.7142800e+04   1.2000000e-02
  -1.4549778e-02   1.0223847e+00   3.7145800e+04   1.2000000e-02
  -1.4030539e-02   1.0447255e+00   3.7145800e+04   1.2000000e-02
  -1.3507115e-02   1.0642267e+00   3.7145800e+04   1.2000000e-02
  -1.2970981e-02   1.0852543e+00   3.7148800e+04   1.2000000e-02
  -1.2470604e-02   1.1106729e+00   3.7148800e+04   1.2000000e-02
  -1.1938653e-02   1.1291398e+00   3.7148800e+04   1.2000000e-02
  -1.1592958e-02   1.1427068e+00   3.7148800e+04   1.2000000e-02
  -1.1072079e-02   1.1598687e+00   3.7151800e+04   1.2000000e-02
  -1.0553988e-02   1.1855089e+00   3.7151800e+04   1.2000000e-02
  -1.0024659e-02   1.2075543e+00   3.7154700e+04   1.2000000e-02
  -9.5032060e-03   1.2285901e+00   3.7157700e+04   1.2000000e-02
  -8.9885610e-03   1.2493961e+00   3.7157700e+04   1.2000000e-02
  -8.6358130e-03   1.2675596e+00   3.7160700e+04   1.2000000e-02
  -8.1165720e-03   1.2848856e+00   3.7160700e+04   1.2000000e-02
  -7.5938060e-03   1.3060281e+00   3.7163700e+04   1.2000000e-02
  -7.0801440e-03   1.3318161e+00   3.7163700e+04   1.2000000e-02
  -6.5555740e-03   1.3486989e+00   3.7163700e+04   1.2000000e-02
  -6.0337090e-03   1.3649336e+00   3.7166700e+04   1.2000000e-02
  -5.5189810e-03   1.3866342e+00   3.7166700e+04   1.2000000e-02
  -5.1571300e-03   1.4073007e+00   3.7166700e+04   1.2000000e-02
  -4.6368240e-03   1.4285253e+00   3.7166700e+04   1.2000000e-02
  -4.1256210e-03   1.4478539e+00   3.7166700e+04   1.2000000e-02
  -3.5865340e-03   1.4718528e+00   3.7169600e+04   1.2000000e-02
  -3.0650810e-03   1.4957202e+00   3.7169600e+04   1.2000000e-02
  -2.5423150e-03   1.5187915e+00   3.7172600e+04   1.2000000e-02
  -2.0071630e-03   1.5424865e+00   3.7172600e+04   1.2000000e-02
  -1.6554810e-03   1.5529018e+00   3.7172600e+04   1.2000000e-02
  -1.1391130e-03   1.5741184e+00   3.7175600e+04   1.2000000e-02
  -6.2577700e-04   1.5954908e+00   3.7178600e+04   1.2000000e-02
  -1.0055100e-04   1.6181106e+00   3.7178600e+04   1.2000000e-02
   4.0868200e-04   1.6355762e+00   3.7181600e+04   1.2000000e-02
   9.3005400e-04   1.6603546e+00   3.7181600e+04   1.2000000e-02
   1.2775530e-03   1.6783702e+00   3.7181600e+04   1.2000000e-02
   1.7875240e-03   1.7016713e+00   3.7181600e+04   1.2000000e-02
   2.3116860e-03   1.7159770e+00   3.7184500e+04   1.2000000e-02
   2.8296130e-03   1.7385147e+00   3.7184500e+04   1.2000000e-02
   3.3542650e-03   1.7631947e+00   3.7187500e+04   1.2000000e-02
   3.8707970e-03   1.7827205e+00   3.7187500e+04   1.2000000e-02
   4.3936470e-03   1.8085003e+00   3.7190500e+04   1.2000000e-02
   4.7455750e-03   1.8212219e+00   3.7190500e+04   1.2000000e-02
   5.2579240e-03   1.8456392e+00   3.7193500e+04   1.2000000e-02
   5.7862670e-03   1.8676600e+00   3.7193500e+04   1.2000000e-02
   6.3110040e-03   1.8902225e+00   3.7193500e+04   1.2000000e-02
   6.8116260e-03   1.9148696e+00   3.7190500e+04   1.2000000e-02
   7.3534190e-03   1.9378014e+00   3.7190500e+04   1.2000000e-02
   7.6913220e-03   1.9490128e+00   3.7190500e+04   1.2000000e-02
   8.2167120e-03   1.9685056e+00   3.7190500e+04   1.2000000e-02
   8.7430070e-03   1.9878179e+00   3.7190500e+04   1.2000000e-02
   9.2631480e-03   2.0112013e+00   3.7190500e+04   1.2000000e-02
   9.7924760e-03   2.0361111e+00   3.7190500e+04   1.2000000e-02
   1.0317292e-02   2.0619565e+00   3.7190500e+04   1.2000000e-02
   1.0845226e-02   2.0830662e+00   3.7193500e+04   1.2000000e-02
   1.1180095e-02   2.0980942e+00   3.7196500e+04   1.2000000e-02
   1.1704747e-02   2.1185473e+00   3.7196500e+04   1.2000000e-02
   1.2232680e-02   2.1353645e+00   3.7196500e+04   1.2000000e-02
   1.2739045e-02   2.1646160e+00   3.7196500e+04   1.2000000e-02
   1.3280675e-02   2.1864480e+00   3.7196500e+04   1.2000000e-02
   1.3785481e-02   2.2118177e+00   3.7199400e+04   1.2000000e-02
   1.4301767e-02   2.2360380e+00   3.7202400e+04   1.2000000e-02
   1.4650414e-02   2.2490387e+00   3.7202400e+04   1.2000000e-02
   1.5176544e-02   2.2743096e+00   3.7202400e+04   1.2000000e-02
   1.5695045e-02   2.2963303e+00   3.7205400e+04   1.2000000e-02
   1.6221995e-02   2.3192375e+00   3.7205400e+04   1.2000000e-02
   1.6737707e-02   2.3412993e+00   3.7205400e+04   1.2000000e-02
   1.7256701e-02   2.3664717e+00   3.7205400e+04   1.2000000e-02
   1.7614698e-02   2.3860794e+00   3.7205400e+04   1.2000000e-02
   1.8134595e-02   2.4067705e+00   3.7205400e+04   1.2000000e-02
   1.8649816e-02   2.4233169e+00   3.7208400e+04   1.2000000e-02
   1.9175371e-02   2.4435566e+00   3.7208400e+04   1.2000000e-02
   1.9709619e-02   2.4651013e+00   3.7208400e+04   1.2000000e-02
   2.0220741e-02   2.4926621e+00   3.7208400e+04   1.2000000e-02
   2.0749166e-02   2.5221930e+00   3.7208400e+04   1.2000000e-02
   2.1096994e-02   2.5364986e+00   3.7211400e+04   1.2000000e-02
   2.1618940e-02   2.5590939e+00   3.7211400e+04   1.2000000e-02
   2.2135639e-02   2.5804252e+00   3.7214300e+04   1.2000000e-02
   2.2661931e-02   2.6070093e+00   3.7214300e+04   1.2000000e-02
   2.3188717e-02   2.6347671e+00   3.7217300e+04   1.2000000e-02
   2.3711236e-02   2.6521424e+00   3.7217300e+04   1.2000000e-02
   2.4218830e-02   2.6768634e+00   3.7217300e+04   1.2000000e-02
   2.4573957e-02   2.6895932e+00   3.7217300e+04   1.2000000e-02
   2.5088029e-02   2.7154058e+00   3.7217300e+04   1.2000000e-02
   2.5595789e-02   2.7359003e+00   3.7217300e+04   1.2000000e-02
   2.6129380e-02   2.7565667e+00   3.7217300e+04   1.2000000e-02
   2.6646734e-02   2.7772989e+00   3.7217300e+04   1.2000000e-02
   2.7175159e-02   2.8087746e+00   3.7217300e+04   1.2000000e-02
   2.7521840e-02   2.8247629e+00   3.7220300e+04   1.2000000e-02
   2.8044196e-02   2.8473254e+00   3.7220300e+04   1.2000000e-02
   2.8565076e-02   2.8689768e+00   3.7220300e+04   1.2000000e-02
   2.9085054e-02   2.8923928e+00   3.7220300e+04   1.2000000e-02
   2.9602163e-02   2.9141262e+00   3.7223300e+04   1.2000000e-02
   3.0133130e-02   2.9394877e+00   3.7223300e+04   1.2000000e-02
   3.0643267e-02   2.9662195e+00   3.7226300e+04   1.2000000e-02
   3.0992734e-02   2.9760603e+00   3.7226300e+04   1.2000000e-02
   3.1519191e-02   3.0003463e+00   3.7229200e+04   1.2000000e-02
   3.2037938e-02   3.0232781e+00   3.7229200e+04   1.2000000e-02
   3.2555130e-02   3.0470389e+00   3.7229200e+04   1.2000000e-02
   3.3089870e-02   3.0679434e+00   3.7232200e+04   1.2000000e-02
   3.3599432e-02   3.0906617e+00   3.7232200e+04   1.2000000e-02
   3.4116457e-02   3.1184359e+00   3.7232200e+04   1.2000000e-02
   3.4470271e-02   3.1310673e+00   3.7235200e+04   1.2000000e-02
   3.4986395e-02   3.1600316e+00   3.7235200e+04   1.2000000e-02
   3.5512606e-02   3.1838826e+00   3.7235200e+04   1.2000000e-02
   3.6035702e-02   3.2080373e+00   3.7235200e+04   1.2000000e-02
   3.6553383e-02   3.2301893e+00   3.7238200e+04   1.2000000e-02
   3.7070245e-02   3.2441585e+00   3.7238200e+04   1.2000000e-02
   3.7406917e-02   3.2636434e+00   3.7238200e+04   1.2000000e-02
   3.7934031e-02   3.2858857e+00   3.7238200e+04   1.2000000e-02
   3.8469263e-02   3.3040243e+00   3.7238200e+04   1.2000000e-02
   3.8990228e-02   3.3299108e+00   3.7241200e+04   1.2000000e-02
   3.9508155e-02   3.3559204e+00   3.7241200e+04   1.2000000e-02
   4.0026329e-02   3.3763735e+00   3.7241200e+04   1.2000000e-02
   4.0555410e-02   3.3931496e+00   3.7241200e+04   1.2000000e-02
   4.0896760e-02   3.4095811e+00   3.7244100e+04   1.2000000e-02
   4.1421084e-02   3.4351392e+00   3.7244100e+04   1.2000000e-02
   4.1936632e-02   3.4530726e+00   3.7244100e+04   1.2000000e-02
   4.2467766e-02   3.4776050e+00   3.7244100e+04   1.2000000e-02
   4.2990778e-02   3.5005286e+00   3.7244100e+04   1.2000000e-02
   4.3516580e-02   3.5216793e+00   3.7244100e+04   1.2000000e-02
   4.3862685e-02   3.5390382e+00   3.7244100e+04   1.2000000e-02
   4.4379628e-02   3.5654666e+00   3.7244100e+04   1.2000000e-02
   4.4898375e-02   3.5877910e+00   3.7244100e+04   1.2000000e-02
   4.5416058e-02   3.6102878e+00   3.7247100e+04   1.2000000e-02
   4.5938250e-02   3.6307327e+00   3.7247100e+04   1.2000000e-02
   4.6462659e-02   3.6589500e+00   3.7247100e+04   1.2000000e-02
   4.6999859e-02   3.6847299e+00   3.7250100e+04   1.2000000e-02
   4.7330793e-02   3.6986580e+00   3.7250100e+04   1.2000000e-02
   4.7851836e-02   3.7196856e+00   3.7250100e+04   1.2000000e-02
   4.8376490e-02   3.7382018e+00   3.7250100e+04   1.2000000e-02
   4.8890316e-02   3.7643098e+00   3.7250100e+04   1.2000000e-02
   4.9414150e-02   3.7830312e+00   3.7250100e+04   1.2000000e-02
   4.9915428e-02   3.8074485e+00   3.7250100e+04   1.2000000e-02
   5.0443279e-02   3.8335073e+00   3.7250100e+04   1.2000000e-02
   5.0799390e-02   3.8422237e+00   3.7247100e+04   1.2000000e-02
   5.1307885e-02   3.8667231e+00   3.7247100e+04   1.2000000e-02
   5.1832211e-02   3.8883995e+00   3.7247100e+04   1.2000000e-02
   5.2365721e-02   3.9115447e+00   3.7250100e+04   1.2000000e-02
   5.2882829e-02   3.9371028e+00   3.7250100e+04   1.2000000e-02
   5.3413140e-02   3.9625707e+00   3.7250100e+04   1.2000000e-02
   5.3761379e-02   3.9747260e+00   3.7250100e+04   1.2000000e-02
   5.4286277e-02   4.0005551e+00   3.7250100e+04   1.2000000e-02
   5.4801994e-02   4.0240860e+00   3.7250100e+04   1.2000000e-02
   5.5332469e-02   4.0450562e+00   3.7253100e+04   1.2000000e-02
   5.5855401e-02   4.0743487e+00   3.7253100e+04   1.2000000e-02
   5.6368570e-02   4.0992423e+00   3.7253100e+04   1.2000000e-02
   5.6887155e-02   4.1173973e+00   3.7253100e+04   1.2000000e-02
   5.7235392e-02   4.1317686e+00   3.7256100e+04   1.2000000e-02
