  -1.0107598e-01  -2.1032308e+00   3.7440800e+04   1.2000000e-02
  -1.0020964e-01  -2.0726662e+00   3.7440800e+04   1.2000000e-02
  -9.9158744e-02  -2.0415187e+00   3.7440800e+04   1.2000000e-02
  -9.8129047e-02  -2.0010804e+00   3.7443800e+04   1.2000000e-02
  -9.7270516e-02  -1.9656484e+00   3.7443800e+04   1.2000000e-02
  -9.6223349e-02  -1.9322110e+00   3.7446800e+04   1.2000000e-02
  -9.5171672e-02  -1.8973620e+00   3.7446800e+04   1.2000000e-02
  -9.4139595e-02  -1.8603217e+00   3.7449800e+04   1.2000000e-02
  -9.3271381e-02  -1.8291414e+00   3.7452800e+04   1.2000000e-02
  -9.2213388e-02  -1.7867004e+00   3.7455700e+04   1.2000000e-02
  -9.1167944e-02  -1.7438570e+00   3.7455700e+04   1.2000000e-02
  -9.0298669e-02  -1.7000372e+00   3.7455700e+04   1.2000000e-02
  -8.9253143e-02  -1.6613964e+00   3.7455700e+04   1.2000000e-02
  -8.8217131e-02  -1.6199157e+00   3.7455700e+04   1.2000000e-02
  -8.7342277e-02  -1.5957200e+00   3.7455700e+04   1.2000000e-02
  -8.6304214e-02  -1.5498316e+00   3.7455700e+04   1.2000000e-02
  -8.5251060e-02  -1.5103453e+00   3.7455700e+04   1.2000000e-02
  -8.4384407e-02  -1.4805029e+00   3.7455700e+04   1.2000000e-02
  -8.3345852e-02  -1.4388335e+00   3.7452800e+04   1.2000000e-02
  -8.2304673e-02  -1.3977714e+00   3.7449800e+04   1.2000000e-02
  -8.1256930e-02  -1.3582605e+00   3.7449800e+04   1.2000000e-02
  -8.0391919e-02  -1.3256765e+00   3.7449800e+04   1.2000000e-02
  -7.9353936e-02  -1.2941187e+00   3.7452800e+04   1.2000000e-02
  -7.8297584e-02  -1.2475738e+00   3.7455700e+04   1.2000000e-02
  -7.7443479e-02  -1.2155564e+00   3.7455700e+04   1.2000000e-02
  -7.6400985e-02  -1.1745927e+00   3.7455700e+04   1.2000000e-02
  -7.5361445e-02  -1.1375195e+00   3.7455700e+04   1.2000000e-02
  -7.4494789e-02  -1.1078493e+00   3.7455700e+04   1.2000000e-02
  -7.3450081e-02  -1.0658105e+00   3.7455700e+04   1.2000000e-02
  -7.2409801e-02  -1.0279491e+00   3.7452800e+04   1.2000000e-02
  -7.1362470e-02  -9.9157809e-01   3.7452800e+04   1.2000000e-02
  -7.0493930e-02  -9.5911108e-01   3.7452800e+04   1.2000000e-02
  -6.9449058e-02  -9.2232706e-01   3.7449800e+04   1.2000000e-02
  -6.8413700e-02  -8.8599884e-01   3.7449800e+04   1.2000000e-02
  -6.7543110e-02  -8.5340476e-01   3.7449800e+04   1.2000000e-02
  -6.6495039e-02  -8.1434465e-01   3.7449800e+04   1.2000000e-02
  -6.5455990e-02  -7.8046211e-01   3.7446800e+04   1.2000000e-02
  -6.4583677e-02  -7.4611235e-01   3.7446800e+04   1.2000000e-02
  -6.3536671e-02  -7.0401220e-01   3.7449800e+04   1.2000000e-02
  -6.2493438e-02  -6.7166807e-01   3.7449800e+04   1.2000000e-02
  -6.1455457e-02  -6.2918184e-01   3.7449800e+04   1.2000000e-02
  -6.0585933e-02  -6.0180958e-01   3.7452800e+04   1.2000000e-02
  -5.9542864e-02  -5.6722865e-01   3.7455700e+04   1.2000000e-02
  -5.8496678e-02  -5.2543498e-01   3.7455700e+04   1.2000000e-02
  -5.7621247e-02  -4.9914377e-01   3.7458700e+04   1.2000000e-02
  -5.6582689e-02  -4.6392762e-01   3.7458700e+04   1.2000000e-02
  -5.5529450e-02  -4.2822787e-01   3.7458700e+04   1.2000000e-02
  -5.4669849e-02  -3.9910808e-01   3.7458700e+04   1.2000000e-02
  -5.3631699e-02  -3.5990359e-01   3.7458700e+04   1.2000000e-02
  -5.2580921e-02  -3.2374728e-01   3.7458700e+04   1.2000000e-02
  -5.1548350e-02  -2.8397968e-01   3.7458700e+04   1.2000000e-02
  -5.0662340e-02  -2.5506808e-01   3.7455700e+04   1.2000000e-02
  -4.9627390e-02  -2.2121492e-01   3.7455700e+04   1.2000000e-02
  -4.8597772e-02  -1.8573724e-01   3.7455700e+04   1.2000000e-02
  -4.7724064e-02  -1.4924975e-01   3.7455700e+04   1.2000000e-02
  -4.6687311e-02  -1.1468349e-01   3.7455700e+04   1.2000000e-02
  -4.5637021e-02  -8.2976373e-02   3.7455700e+04   1.2000000e-02
  -4.4768071e-02  -5.1934068e-02   3.7455700e+04   1.2000000e-02
  -4.3732546e-02  -1.4807469e-02   3.7458700e+04   1.2000000e-02
  -4.2704896e-02   2.2249640e-02   3.7458700e+04   1.2000000e-02
  -4.1658626e-02   6.0620089e-02   3.7464700e+04   1.2000000e-02
  -4.0788117e-02   8.8906077e-02   3.7467700e+04   1.2000000e-02
  -3.9743243e-02   1.2582474e-01   3.7470600e+04   1.2000000e-02
  -3.8698532e-02   1.6565062e-01   3.7473600e+04   1.2000000e-02
  -3.7819656e-02   1.9932026e-01   3.7473600e+04   1.2000000e-02
  -3.6774371e-02   2.3617249e-01   3.7473600e+04   1.2000000e-02
  -3.5741389e-02   2.7341982e-01   3.7473600e+04   1.2000000e-02
  -3.4866859e-02   3.0982208e-01   3.7473600e+04   1.2000000e-02
  -3.3818541e-02   3.4984958e-01   3.7473600e+04   1.2000000e-02
  -3.2771780e-02   3.8804277e-01   3.7473600e+04   1.2000000e-02
  -3.1728298e-02   4.2395900e-01   3.7473600e+04   1.2000000e-02
  -3.0860823e-02   4.5859004e-01   3.7473600e+04   1.2000000e-02
  -2.9821854e-02   5.0102892e-01   3.7473600e+04   1.2000000e-02
  -2.8775502e-02   5.4057202e-01   3.7473600e+04   1.2000000e-02
  -2.7910569e-02   5.6963288e-01   3.7476600e+04   1.2000000e-02
  -2.6857327e-02   6.1340938e-01   3.7476600e+04   1.2000000e-02
  -2.5824017e-02   6.5058621e-01   3.7476600e+04   1.2000000e-02
  -2.4948585e-02   6.7937001e-01   3.7476600e+04   1.2000000e-02
  -2.3900430e-02   7.1873117e-01   3.7476600e+04   1.2000000e-02
  -2.2848010e-02   7.6138640e-01   3.7476600e+04   1.2000000e-02
  -2.1828968e-02   8.0246715e-01   3.7479600e+04   1.2000000e-02
  -2.0968955e-02   8.3173863e-01   3.7479600e+04   1.2000000e-02
  -1.9927690e-02   8.7981651e-01   3.7479600e+04   1.2000000e-02
  -1.8887733e-02   9.0639961e-01   3.7479600e+04   1.2000000e-02
  -1.8013615e-02   9.3183603e-01   3.7476600e+04   1.2000000e-02
  -1.6959880e-02   9.8013197e-01   3.7476600e+04   1.2000000e-02
  -1.5925094e-02   1.0150718e+00   3.7476600e+04   1.2000000e-02
  -1.5059010e-02   1.0523915e+00   3.7476600e+04   1.2000000e-02
  -1.4013315e-02   1.0935028e+00   3.7476600e+04   1.2000000e-02
  -1.2964337e-02   1.1310768e+00   3.7476600e+04   1.2000000e-02
  -1.1930041e-02   1.1721471e+00   3.7476600e+04   1.2000000e-02
  -1.1051657e-02   1.2053875e+00   3.7476600e+04   1.2000000e-02
  -1.0013669e-02   1.2429696e+00   3.7476600e+04   1.2000000e-02
  -8.9664160e-03   1.2920261e+00   3.7476600e+04   1.2000000e-02
  -8.0984460e-03   1.3278519e+00   3.7476600e+04   1.2000000e-02
  -7.0648070e-03   1.3671086e+00   3.7476600e+04   1.2000000e-02
  -6.0164040e-03   1.4141868e+00   3.7476600e+04   1.2000000e-02
  -5.1563090e-03   1.4472630e+00   3.7476600e+04   1.2000000e-02
  -4.1113500e-03   1.4867494e+00   3.7476600e+04   1.2000000e-02
  -3.0671310e-03   1.5349192e+00   3.7476600e+04   1.2000000e-02
  -2.0211880e-03   1.5727147e+00   3.7476600e+04   1.2000000e-02
  -1.1427220e-03   1.6130220e+00   3.7479600e+04   1.2000000e-02
  -1.0711200e-04   1.6560867e+00   3.7482600e+04   1.2000000e-02
   9.1857200e-04   1.6967222e+00   3.7482600e+04   1.2000000e-02
   1.7855560e-03   1.7340991e+00   3.7482600e+04   1.2000000e-02
   2.8258400e-03   1.7699002e+00   3.7482600e+04   1.2000000e-02
   3.8661220e-03   1.8195476e+00   3.7482600e+04   1.2000000e-02
   4.7508240e-03   1.8512039e+00   3.7482600e+04   1.2000000e-02
   5.7919260e-03   1.8993410e+00   3.7482600e+04   1.2000000e-02
   6.8255680e-03   1.9355607e+00   3.7485500e+04   1.2000000e-02
   7.7011640e-03   1.9803819e+00   3.7485500e+04   1.2000000e-02
   8.7437450e-03   2.0212966e+00   3.7485500e+04   1.2000000e-02
   9.7850940e-03   2.0624736e+00   3.7482600e+04   1.2000000e-02
   1.0837927e-02   2.1049967e+00   3.7482600e+04   1.2000000e-02
   1.1693101e-02   2.1421028e+00   3.7482600e+04   1.2000000e-02
   1.2728465e-02   2.1854467e+00   3.7482600e+04   1.2000000e-02
   1.3779166e-02   2.2355045e+00   3.7479600e+04   1.2000000e-02
   1.4650086e-02   2.2714123e+00   3.7479600e+04   1.2000000e-02
   1.5694306e-02   2.3148875e+00   3.7479600e+04   1.2000000e-02
   1.6742628e-02   2.3561631e+00   3.7479600e+04   1.2000000e-02
   1.7613140e-02   2.3875978e+00   3.7482600e+04   1.2000000e-02
   1.8662446e-02   2.4342329e+00   3.7482600e+04   1.2000000e-02
   1.9704452e-02   2.4818528e+00   3.7482600e+04   1.2000000e-02
   2.0745639e-02   2.5249671e+00   3.7482600e+04   1.2000000e-02
   2.1620662e-02   2.5682781e+00   3.7482600e+04   1.2000000e-02
   2.2663736e-02   2.6119994e+00   3.7482600e+04   1.2000000e-02
   2.3704019e-02   2.6535131e+00   3.7482600e+04   1.2000000e-02
   2.4565263e-02   2.6901267e+00   3.7482600e+04   1.2000000e-02
   2.5598905e-02   2.7311727e+00   3.7482600e+04   1.2000000e-02
   2.6643535e-02   2.7729653e+00   3.7482600e+04   1.2000000e-02
   2.7502731e-02   2.8101453e+00   3.7482600e+04   1.2000000e-02
   2.8541538e-02   2.8558448e+00   3.7482600e+04   1.2000000e-02
   2.9595110e-02   2.9006823e+00   3.7482600e+04   1.2000000e-02
   3.0650238e-02   2.9496075e+00   3.7482600e+04   1.2000000e-02
   3.1512302e-02   2.9916956e+00   3.7482600e+04   1.2000000e-02
   3.2558247e-02   3.0359915e+00   3.7482600e+04   1.2000000e-02
   3.3606649e-02   3.0812477e+00   3.7485500e+04   1.2000000e-02
   3.4473305e-02   3.1158423e+00   3.7485500e+04   1.2000000e-02
   3.5515558e-02   3.1568061e+00   3.7488500e+04   1.2000000e-02
   3.6558714e-02   3.2056407e+00   3.7488500e+04   1.2000000e-02
   3.7414873e-02   3.2421887e+00   3.7488500e+04   1.2000000e-02
   3.8477711e-02   3.2905476e+00   3.7488500e+04   1.2000000e-02
   3.9509631e-02   3.3358202e+00   3.7488500e+04   1.2000000e-02
   4.0568286e-02   3.3820449e+00   3.7488500e+04   1.2000000e-02
   4.1446508e-02   3.4168283e+00   3.7488500e+04   1.2000000e-02
   4.2483513e-02   3.4581695e+00   3.7488500e+04   1.2000000e-02
   4.3527898e-02   3.4997160e+00   3.7491500e+04   1.2000000e-02
   4.4381515e-02   3.5379958e+00   3.7491500e+04   1.2000000e-02
   4.5421389e-02   3.5874217e+00   3.7491500e+04   1.2000000e-02
   4.6460198e-02   3.6365354e+00   3.7491500e+04   1.2000000e-02
   4.7337026e-02   3.6777699e+00   3.7491500e+04   1.2000000e-02
   4.8378130e-02   3.7250533e+00   3.7491500e+04   1.2000000e-02
   4.9433916e-02   3.7715324e+00   3.7491500e+04   1.2000000e-02
   5.0470754e-02   3.8122089e+00   3.7491500e+04   1.2000000e-02
   5.1324780e-02   3.8481659e+00   3.7491500e+04   1.2000000e-02
   5.2372528e-02   3.8934471e+00   3.7488500e+04   1.2000000e-02
   5.3397147e-02   3.9416334e+00   3.7488500e+04   1.2000000e-02
   5.4281603e-02   3.9780336e+00   3.7488500e+04   1.2000000e-02
   5.5327466e-02   4.0257767e+00   3.7485500e+04   1.2000000e-02
   5.6369473e-02   4.0720096e+00   3.7485500e+04   1.2000000e-02
   5.7236213e-02   4.1067686e+00   3.7485500e+04   1.2000000e-02
   5.8270264e-02   4.1520411e+00   3.7485500e+04   1.2000000e-02
   5.9330806e-02   4.1929309e+00   3.7485500e+04   1.2000000e-02
   6.0361577e-02   4.2330987e+00   3.7485500e+04   1.2000000e-02
   6.1235124e-02   4.2757531e+00   3.7485500e+04   1.2000000e-02
   6.2279918e-02   4.3152478e+00   3.7485500e+04   1.2000000e-02
   6.3327748e-02   4.3598637e+00   3.7488500e+04   1.2000000e-02
   6.4194734e-02   4.3993664e+00   3.7488500e+04   1.2000000e-02
   6.5245352e-02   4.4455173e+00   3.7488500e+04   1.2000000e-02
   6.6297284e-02   4.4901086e+00   3.7488500e+04   1.2000000e-02
   6.7175178e-02   4.5297100e+00   3.7488500e+04   1.2000000e-02
   6.8223008e-02   4.5712728e+00   3.7488500e+04   1.2000000e-02
   6.9273871e-02   4.6144035e+00   3.7488500e+04   1.2000000e-02
   7.0308333e-02   4.6564752e+00   3.7491500e+04   1.2000000e-02
   7.1177614e-02   4.6913817e+00   3.7491500e+04   1.2000000e-02
   7.2218144e-02   4.7404463e+00   3.7491500e+04   1.2000000e-02
   7.3253999e-02   4.7862031e+00   3.7494500e+04   1.2000000e-02
   7.4117376e-02   4.8230712e+00   3.7497500e+04   1.2000000e-02
   7.5151920e-02   4.8677038e+00   3.7497500e+04   1.2000000e-02
   7.6199667e-02   4.9109163e+00   3.7497500e+04   1.2000000e-02
   7.7063536e-02   4.9531441e+00   3.7497500e+04   1.2000000e-02
   7.8108825e-02   4.9969147e+00   3.7497500e+04   1.2000000e-02
   7.9149682e-02   5.0412188e+00   3.7497500e+04   1.2000000e-02
   8.0191198e-02   5.0872629e+00   3.7497500e+04   1.2000000e-02
   8.1056706e-02   5.1173927e+00   3.7500400e+04   1.2000000e-02
   8.2112411e-02   5.1620088e+00   3.7500400e+04   1.2000000e-02
   8.3157779e-02   5.2089886e+00   3.7497500e+04   1.2000000e-02
   8.4016070e-02   5.2477774e+00   3.7497500e+04   1.2000000e-02
   8.5059144e-02   5.2939774e+00   3.7494500e+04   1.2000000e-02
   8.6100330e-02   5.3316663e+00   3.7491500e+04   1.2000000e-02
   8.6975023e-02   5.3728271e+00   3.7491500e+04   1.2000000e-02
   8.8020227e-02   5.4176482e+00   3.7491500e+04   1.2000000e-02
   8.9062152e-02   5.4547876e+00   3.7491500e+04   1.2000000e-02
   8.9929055e-02   5.4920168e+00   3.7491500e+04   1.2000000e-02
   9.0960645e-02   5.5323977e+00   3.7494500e+04   1.2000000e-02
   9.2006999e-02   5.5678789e+00   3.7494500e+04   1.2000000e-02
   9.3054171e-02   5.6114443e+00   3.7494500e+04   1.2000000e-02
   9.3937395e-02   5.6523669e+00   3.7494500e+04   1.2000000e-02
   9.4966774e-02   5.6932487e+00   3.7494500e+04   1.2000000e-02
   9.6008861e-02   5.7389973e+00   3.7491500e+04   1.2000000e-02
   9.6871992e-02   5.7716469e+00   3.7491500e+04   1.2000000e-02
