  -1.5061280e-01  -5.8009108e-01   3.7676300e+04   1.2000000e-02
  -1.5008824e-01  -5.7638307e-01   3.7679300e+04   1.2000000e-02
  -1.4973743e-01  -5.7370209e-01   3.7679300e+04   1.2000000e-02
  -1.4922025e-01  -5.6961869e-01   3.7679300e+04   1.2000000e-02
  -1.4869978e-01  -5.6553859e-01   3.7679300e+04   1.2000000e-02
  -1.4818260e-01  -5.6166175e-01   3.7679300e+04   1.2000000e-02
  -1.4766623e-01  -5.5788981e-01   3.7679300e+04   1.2000000e-02
  -1.4713921e-01  -5.5288599e-01   3.7679300e+04   1.2000000e-02
  -1.4678923e-01  -5.5083610e-01   3.7679300e+04   1.2000000e-02
  -1.4626958e-01  -5.4683139e-01   3.7679300e+04   1.2000000e-02
  -1.4575322e-01  -5.4226113e-01   3.7679300e+04   1.2000000e-02
  -1.4522538e-01  -5.3799332e-01   3.7682200e+04   1.2000000e-02
  -1.4470410e-01  -5.3482463e-01   3.7682200e+04   1.2000000e-02
  -1.4417954e-01  -5.3123468e-01   3.7682200e+04   1.2000000e-02
  -1.4366563e-01  -5.2715374e-01   3.7679300e+04   1.2000000e-02
  -1.4332384e-01  -5.2497435e-01   3.7679300e+04   1.2000000e-02
  -1.4279682e-01  -5.2145406e-01   3.7676300e+04   1.2000000e-02
  -1.4225914e-01  -5.1735017e-01   3.7676300e+04   1.2000000e-02
  -1.4174442e-01  -5.1377822e-01   3.7676300e+04   1.2000000e-02
  -1.4122395e-01  -5.1015138e-01   3.7679300e+04   1.2000000e-02
  -1.4070513e-01  -5.0643600e-01   3.7679300e+04   1.2000000e-02
  -1.4017319e-01  -5.0326649e-01   3.7682200e+04   1.2000000e-02
  -1.3983058e-01  -4.9995028e-01   3.7682200e+04   1.2000000e-02
  -1.3929618e-01  -4.9551117e-01   3.7682200e+04   1.2000000e-02
  -1.3878719e-01  -4.9185728e-01   3.7679300e+04   1.2000000e-02
  -1.3825771e-01  -4.8828943e-01   3.7679300e+04   1.2000000e-02
  -1.3775774e-01  -4.8441996e-01   3.7679300e+04   1.2000000e-02
  -1.3722006e-01  -4.8011857e-01   3.7679300e+04   1.2000000e-02
  -1.3688647e-01  -4.7749657e-01   3.7679300e+04   1.2000000e-02
  -1.3635125e-01  -4.7371152e-01   3.7679300e+04   1.2000000e-02
  -1.3583243e-01  -4.6931505e-01   3.7679300e+04   1.2000000e-02
  -1.3530375e-01  -4.6444727e-01   3.7679300e+04   1.2000000e-02
  -1.3478082e-01  -4.6029993e-01   3.7682200e+04   1.2000000e-02
  -1.3426282e-01  -4.5624686e-01   3.7682200e+04   1.2000000e-02
  -1.3374563e-01  -4.5194053e-01   3.7679300e+04   1.2000000e-02
  -1.3340303e-01  -4.4932511e-01   3.7679300e+04   1.2000000e-02
  -1.3288994e-01  -4.4434914e-01   3.7676300e+04   1.2000000e-02
  -1.3237439e-01  -4.4033869e-01   3.7676300e+04   1.2000000e-02
  -1.3184737e-01  -4.3631924e-01   3.7673300e+04   1.2000000e-02
  -1.3131297e-01  -4.3358823e-01   3.7673300e+04   1.2000000e-02
  -1.3079005e-01  -4.2957615e-01   3.7673300e+04   1.2000000e-02
  -1.3026958e-01  -4.2511656e-01   3.7673300e+04   1.2000000e-02
  -1.2992206e-01  -4.2246424e-01   3.7673300e+04   1.2000000e-02
  -1.2940815e-01  -4.1799725e-01   3.7670300e+04   1.2000000e-02
  -1.2888031e-01  -4.1403024e-01   3.7670300e+04   1.2000000e-02
  -1.2835329e-01  -4.0936655e-01   3.7670300e+04   1.2000000e-02
  -1.2784020e-01  -4.0458649e-01   3.7673300e+04   1.2000000e-02
  -1.2731891e-01  -4.0039654e-01   3.7673300e+04   1.2000000e-02
  -1.2695500e-01  -3.9793847e-01   3.7673300e+04   1.2000000e-02
  -1.2644109e-01  -3.9440670e-01   3.7673300e+04   1.2000000e-02
  -1.2592145e-01  -3.9039051e-01   3.7673300e+04   1.2000000e-02
  -1.2539688e-01  -3.8624237e-01   3.7673300e+04   1.2000000e-02
  -1.2487559e-01  -3.8081806e-01   3.7673300e+04   1.2000000e-02
  -1.2436086e-01  -3.7677566e-01   3.7676300e+04   1.2000000e-02
  -1.2384122e-01  -3.7259882e-01   3.7679300e+04   1.2000000e-02
  -1.2348714e-01  -3.6948587e-01   3.7679300e+04   1.2000000e-02
  -1.2296339e-01  -3.6543773e-01   3.7679300e+04   1.2000000e-02
  -1.2244949e-01  -3.6102894e-01   3.7679300e+04   1.2000000e-02
  -1.2191755e-01  -3.5658163e-01   3.7679300e+04   1.2000000e-02
  -1.2139708e-01  -3.5196301e-01   3.7679300e+04   1.2000000e-02
  -1.2087334e-01  -3.4742390e-01   3.7679300e+04   1.2000000e-02
  -1.2051762e-01  -3.4475439e-01   3.7682200e+04   1.2000000e-02
  -1.1998732e-01  -3.4004807e-01   3.7682200e+04   1.2000000e-02
  -1.1946357e-01  -3.3697118e-01   3.7682200e+04   1.2000000e-02
  -1.1894967e-01  -3.3237881e-01   3.7682200e+04   1.2000000e-02
  -1.1842674e-01  -3.2755939e-01   3.7682200e+04   1.2000000e-02
  -1.1790382e-01  -3.2327435e-01   3.7685200e+04   1.2000000e-02
  -1.1738254e-01  -3.1851886e-01   3.7685200e+04   1.2000000e-02
  -1.1702682e-01  -3.1558295e-01   3.7685200e+04   1.2000000e-02
  -1.1650389e-01  -3.1088976e-01   3.7685200e+04   1.2000000e-02
  -1.1599900e-01  -3.0631049e-01   3.7685200e+04   1.2000000e-02
  -1.1547936e-01  -3.0141157e-01   3.7685200e+04   1.2000000e-02
  -1.1496381e-01  -2.9687738e-01   3.7685200e+04   1.2000000e-02
  -1.1443515e-01  -2.9226040e-01   3.7685200e+04   1.2000000e-02
  -1.1391796e-01  -2.8723361e-01   3.7685200e+04   1.2000000e-02
  -1.1356224e-01  -2.8410344e-01   3.7682200e+04   1.2000000e-02
  -1.1304014e-01  -2.7951845e-01   3.7682200e+04   1.2000000e-02
  -1.1250984e-01  -2.7355810e-01   3.7682200e+04   1.2000000e-02
  -1.1199839e-01  -2.6878621e-01   3.7682200e+04   1.2000000e-02
  -1.1149596e-01  -2.6322830e-01   3.7682200e+04   1.2000000e-02
  -1.1098451e-01  -2.5934408e-01   3.7682200e+04   1.2000000e-02
  -1.1064026e-01  -2.5507873e-01   3.7685200e+04   1.2000000e-02
  -1.1010996e-01  -2.4781270e-01   3.7685200e+04   1.2000000e-02
  -1.0960507e-01  -2.4264494e-01   3.7688200e+04   1.2000000e-02
  -1.0907313e-01  -2.3695262e-01   3.7688200e+04   1.2000000e-02
  -1.0856086e-01  -2.3132832e-01   3.7685200e+04   1.2000000e-02
  -1.0803384e-01  -2.2699495e-01   3.7685200e+04   1.2000000e-02
  -1.0750682e-01  -2.2161572e-01   3.7685200e+04   1.2000000e-02
  -1.0717159e-01  -2.1810441e-01   3.7685200e+04   1.2000000e-02
  -1.0663883e-01  -2.1231291e-01   3.7685200e+04   1.2000000e-02
  -1.0611919e-01  -2.0469364e-01   3.7685200e+04   1.2000000e-02
  -1.0559134e-01  -1.9886935e-01   3.7685200e+04   1.2000000e-02
  -1.0508727e-01  -1.9242131e-01   3.7685200e+04   1.2000000e-02
  -1.0456763e-01  -1.8663063e-01   3.7685200e+04   1.2000000e-02
  -1.0404304e-01  -1.7925233e-01   3.7685200e+04   1.2000000e-02
  -1.0368241e-01  -1.7452304e-01   3.7685200e+04   1.2000000e-02
  -1.0316276e-01  -1.6783651e-01   3.7685200e+04   1.2000000e-02
  -1.0264967e-01  -1.6065082e-01   3.7685200e+04   1.2000000e-02
  -1.0212347e-01  -1.5369788e-01   3.7682200e+04   1.2000000e-02
  -1.0160710e-01  -1.4608108e-01   3.7682200e+04   1.2000000e-02
  -1.0107107e-01  -1.3733891e-01   3.7682200e+04   1.2000000e-02
  -1.0072600e-01  -1.3136461e-01   3.7682200e+04   1.2000000e-02
  -1.0021209e-01  -1.2308880e-01   3.7682200e+04   1.2000000e-02
  -9.9683634e-02  -1.1498430e-01   3.7682200e+04   1.2000000e-02
  -9.9159154e-02  -1.0567659e-01   3.7682200e+04   1.2000000e-02
  -9.8644016e-02  -9.5836483e-02   3.7682200e+04   1.2000000e-02
  -9.8127488e-02  -8.5114997e-02   3.7682200e+04   1.2000000e-02
  -9.7594225e-02  -7.3361013e-02   3.7682200e+04   1.2000000e-02
  -9.7246322e-02  -6.7584528e-02   3.7682200e+04   1.2000000e-02
  -9.6739139e-02  -5.7428349e-02   3.7682200e+04   1.2000000e-02
  -9.6215066e-02  -4.8888926e-02   3.7682200e+04   1.2000000e-02
  -9.5700256e-02  -3.8517934e-02   3.7682200e+04   1.2000000e-02
  -9.5181350e-02  -2.8986035e-02   3.7685200e+04   1.2000000e-02
  -9.4654155e-02  -2.0382382e-02   3.7685200e+04   1.2000000e-02
  -9.4144188e-02  -1.4124036e-02   3.7685200e+04   1.2000000e-02
  -9.3784879e-02  -1.0748118e-02   3.7685200e+04   1.2000000e-02
  -9.3289342e-02  -6.0896440e-03   3.7685200e+04   1.2000000e-02
  -9.2745914e-02  -3.9429730e-03   3.7685200e+04   1.2000000e-02
  -9.2226921e-02  -2.3817290e-03   3.7685200e+04   1.2000000e-02
  -9.1709573e-02  -1.4035300e-03   3.7685200e+04   1.2000000e-02
  -9.1192384e-02  -6.9885300e-04   3.7685200e+04   1.2000000e-02
  -9.0839560e-02  -4.2254300e-04   3.7685200e+04   1.2000000e-02
  -9.0310726e-02  -6.3562000e-05   3.7688200e+04   1.2000000e-02
  -8.9790918e-02   1.7116600e-04   3.7688200e+04   1.2000000e-02
  -8.9275451e-02   2.8746400e-04   3.7688200e+04   1.2000000e-02
  -8.8754988e-02   3.3437600e-04   3.7691200e+04   1.2000000e-02
  -8.8222544e-02   4.0564800e-04   3.7691200e+04   1.2000000e-02
  -8.7702898e-02   4.3697800e-04   3.7691200e+04   1.2000000e-02
  -8.7352775e-02   4.4969000e-04   3.7691200e+04   1.2000000e-02
  -8.6826980e-02   4.6994800e-04   3.7694200e+04   1.2000000e-02
  -8.6312498e-02   4.7855900e-04   3.7694200e+04   1.2000000e-02
  -8.5782930e-02   4.8339800e-04   3.7694200e+04   1.2000000e-02
  -8.5253357e-02   4.8741700e-04   3.7697100e+04   1.2000000e-02
  -8.4751180e-02   4.9488000e-04   3.7697100e+04   1.2000000e-02
  -8.4398760e-02   4.9611100e-04   3.7697100e+04   1.2000000e-02
  -8.3869187e-02   4.9742300e-04   3.7697100e+04   1.2000000e-02
  -8.3361353e-02   4.9586500e-04   3.7697100e+04   1.2000000e-02
  -8.2834733e-02   4.9045200e-04   3.7697100e+04   1.2000000e-02
  -8.2318205e-02   4.9701300e-04   3.7697100e+04   1.2000000e-02
  -8.1802165e-02   5.0308200e-04   3.7697100e+04   1.2000000e-02
  -8.1275465e-02   4.9840700e-04   3.7694200e+04   1.2000000e-02
  -8.0921979e-02   5.0373800e-04   3.7694200e+04   1.2000000e-02
  -8.0390935e-02   4.9160000e-04   3.7694200e+04   1.2000000e-02
  -7.9868908e-02   5.0447600e-04   3.7694200e+04   1.2000000e-02
  -7.9348359e-02   5.0250800e-04   3.7694200e+04   1.2000000e-02
  -7.8837404e-02   5.0480400e-04   3.7694200e+04   1.2000000e-02
  -7.8305129e-02   5.0259000e-04   3.7694200e+04   1.2000000e-02
  -7.7791877e-02   4.9791500e-04   3.7694200e+04   1.2000000e-02
  -7.7455044e-02   4.9594700e-04   3.7694200e+04   1.2000000e-02
  -7.6928095e-02   5.0045800e-04   3.7694200e+04   1.2000000e-02
  -7.6404921e-02   5.0767500e-04   3.7691200e+04   1.2000000e-02
  -7.5876579e-02   5.0201600e-04   3.7688200e+04   1.2000000e-02
  -7.5357509e-02   5.0414800e-04   3.7688200e+04   1.2000000e-02
  -7.4837121e-02   4.9898100e-04   3.7691200e+04   1.2000000e-02
  -7.4499136e-02   5.0095000e-04   3.7694200e+04   1.2000000e-02
  -7.3969238e-02   5.0218000e-04   3.7694200e+04   1.2000000e-02
  -7.3459349e-02   5.0808500e-04   3.7697100e+04   1.2000000e-02
  -7.2929040e-02   5.0357400e-04   3.7697100e+04   1.2000000e-02
  -7.2406110e-02   5.0316400e-04   3.7694200e+04   1.2000000e-02
  -7.1881955e-02   5.0480400e-04   3.7694200e+04   1.2000000e-02
  -7.1360994e-02   5.0185200e-04   3.7694200e+04   1.2000000e-02
  -7.1010052e-02   4.9701300e-04   3.7694200e+04   1.2000000e-02
  -7.0486630e-02   5.0111400e-04   3.7694200e+04   1.2000000e-02
  -6.9963294e-02   5.0578900e-04   3.7694200e+04   1.2000000e-02
  -6.9443399e-02   5.0332800e-04   3.7694200e+04   1.2000000e-02
  -6.8926460e-02   5.0496800e-04   3.7697100e+04   1.2000000e-02
  -6.8390408e-02   4.9857100e-04   3.7697100e+04   1.2000000e-02
  -6.7869942e-02   5.0095000e-04   3.7697100e+04   1.2000000e-02
  -6.7524985e-02   5.0168800e-04   3.7697100e+04   1.2000000e-02
  -6.7000007e-02   4.9693100e-04   3.7700100e+04   1.2000000e-02
  -6.6490692e-02   5.0423000e-04   3.7700100e+04   1.2000000e-02
  -6.5978837e-02   4.9980100e-04   3.7700100e+04   1.2000000e-02
  -6.5460746e-02   4.9791500e-04   3.7697100e+04   1.2000000e-02
  -6.4939377e-02   5.0464000e-04   3.7697100e+04   1.2000000e-02
  -6.4584579e-02   5.0029300e-04   3.7697100e+04   1.2000000e-02
  -6.4066570e-02   5.0546000e-04   3.7697100e+04   1.2000000e-02
  -6.3548973e-02   5.0414800e-04   3.7700100e+04   1.2000000e-02
  -6.3022435e-02   5.0341000e-04   3.7700100e+04   1.2000000e-02
  -6.2491142e-02   5.0628100e-04   3.7703100e+04   1.2000000e-02
  -6.1976577e-02   5.0185200e-04   3.7700100e+04   1.2000000e-02
  -6.1453899e-02   5.0677300e-04   3.7700100e+04   1.2000000e-02
  -6.1093851e-02   5.0628100e-04   3.7697100e+04   1.2000000e-02
  -6.0579863e-02   5.0127800e-04   3.7697100e+04   1.2000000e-02
  -6.0064479e-02   5.0103200e-04   3.7697100e+04   1.2000000e-02
  -5.9540567e-02   5.0160600e-04   3.7697100e+04   1.2000000e-02
  -5.9012635e-02   5.0660900e-04   3.7697100e+04   1.2000000e-02
  -5.8497498e-02   5.0054000e-04   3.7700100e+04   1.2000000e-02
  -5.7971534e-02   5.0669100e-04   3.7700100e+04   1.2000000e-02
  -5.7634533e-02   5.0455800e-04   3.7700100e+04   1.2000000e-02
  -5.7109719e-02   5.0677300e-04   3.7700100e+04   1.2000000e-02
  -5.6573831e-02   5.0283600e-04   3.7700100e+04   1.2000000e-02
  -5.6039339e-02   5.0193400e-04   3.7700100e+04   1.2000000e-02
  -5.5519280e-02   5.0414800e-04   3.7700100e+04   1.2000000e-02
  -5.5009475e-02   5.0488600e-04   3.7700100e+04   1.2000000e-02
  -5.4660335e-02   5.0464000e-04   3.7700100e+04   1.2000000e-02
  -5.4142409e-02   5.0726500e-04   3.7697100e+04   1.2000000e-02
  -5.3641049e-02   5.0078600e-04   3.7697100e+04   1.2000000e-02
  -5.3099094e-02   5.0119600e-04   3.7697100e+04   1.2000000e-02
  -5.2588794e-02   5.0226200e-04   3.7697100e+04   1.2000000e-02
  -5.2067835e-02   5.0464000e-04   3.7697100e+04   1.2000000e-02
  -5.1548432e-02   5.0939700e-04   3.7697100e+04   1.2000000e-02
  -5.1198392e-02   5.1284200e-04   3.7697100e+04   1.2000000e-02
  -5.0670460e-02   5.0259000e-04   3.7700100e+04   1.2000000e-02
  -5.0163032e-02   5.0792100e-04   3.7700100e+04   1.2000000e-02
  -4.9637478e-02   5.0382000e-04   3.7700100e+04   1.2000000e-02
  -4.9119963e-02   5.0160600e-04   3.7700100e+04   1.2000000e-02
  -4.8592359e-02   5.0554200e-04   3.7700100e+04   1.2000000e-02
  -4.8076566e-02   5.0595300e-04   3.7700100e+04   1.2000000e-02
  -4.7715125e-02   5.0701900e-04   3.7703100e+04   1.2000000e-02
  -4.7194901e-02   5.0685500e-04   3.7703100e+04   1.2000000e-02
  -4.6682062e-02   5.1005300e-04   3.7706100e+04   1.2000000e-02
  -4.6147650e-02   5.0546000e-04   3.7706100e+04   1.2000000e-02
  -4.5624063e-02   5.0644500e-04   3.7706100e+04   1.2000000e-02
  -4.5096950e-02   5.1013500e-04   3.7706100e+04   1.2000000e-02
  -4.4754702e-02   5.0619900e-04   3.7706100e+04   1.2000000e-02
  -4.4241615e-02   5.1210400e-04   3.7709100e+04   1.2000000e-02
  -4.3720736e-02   5.1390800e-04   3.7709100e+04   1.2000000e-02
  -4.3210683e-02   5.0824900e-04   3.7709100e+04   1.2000000e-02
  -4.2686689e-02   5.0923300e-04   3.7709100e+04   1.2000000e-02
  -4.2164744e-02   5.1456400e-04   3.7712000e+04   1.2000000e-02
  -4.1644191e-02   5.1103700e-04   3.7712000e+04   1.2000000e-02
  -4.1295298e-02   5.0857700e-04   3.7709100e+04   1.2000000e-02
  -4.0761790e-02   5.1325200e-04   3.7709100e+04   1.2000000e-02
  -4.0252311e-02   5.1070900e-04   3.7709100e+04   1.2000000e-02
  -3.9735862e-02   5.1054500e-04   3.7712000e+04   1.2000000e-02
  -3.9204648e-02   5.1095500e-04   3.7712000e+04   1.2000000e-02
  -3.8700500e-02   5.1005300e-04   3.7712000e+04   1.2000000e-02
  -3.8348408e-02   5.1251400e-04   3.7709100e+04   1.2000000e-02
  -3.7817769e-02   5.0882300e-04   3.7709100e+04   1.2000000e-02
  -3.7300008e-02   5.1431800e-04   3.7709100e+04   1.2000000e-02
  -3.6770189e-02   5.1243200e-04   3.7709100e+04   1.2000000e-02
  -3.6260792e-02   5.1251400e-04   3.7709100e+04   1.2000000e-02
  -3.5742866e-02   5.1317000e-04   3.7709100e+04   1.2000000e-02
  -3.5211569e-02   5.1874700e-04   3.7709100e+04   1.2000000e-02
  -3.4863988e-02   5.1062700e-04   3.7706100e+04   1.2000000e-02
  -3.4342291e-02   5.1112000e-04   3.7706100e+04   1.2000000e-02
  -3.3818951e-02   5.1374400e-04   3.7706100e+04   1.2000000e-02
  -3.3303240e-02   5.1390800e-04   3.7706100e+04   1.2000000e-02
  -3.2784985e-02   5.1284200e-04   3.7703100e+04   1.2000000e-02
  -3.2256559e-02   5.0964300e-04   3.7703100e+04   1.2000000e-02
  -3.1743881e-02   5.1358000e-04   3.7700100e+04   1.2000000e-02
  -3.1386788e-02   5.1103700e-04   3.7700100e+04   1.2000000e-02
  -3.0855410e-02   5.1021700e-04   3.7700100e+04   1.2000000e-02
  -3.0340355e-02   5.1021700e-04   3.7700100e+04   1.2000000e-02
  -2.9821526e-02   5.0603500e-04   3.7700100e+04   1.2000000e-02
  -2.9302205e-02   5.1267800e-04   3.7700100e+04   1.2000000e-02
  -2.8789854e-02   5.1366200e-04   3.7700100e+04   1.2000000e-02
  -2.8425542e-02   5.0874100e-04   3.7700100e+04   1.2000000e-02
  -2.7908601e-02   5.0857700e-04   3.7700100e+04   1.2000000e-02
  -2.7383293e-02   5.1120200e-04   3.7700100e+04   1.2000000e-02
  -2.6858394e-02   5.1210400e-04   3.7700100e+04   1.2000000e-02
  -2.6336202e-02   5.1226800e-04   3.7700100e+04   1.2000000e-02
  -2.5821885e-02   5.1325200e-04   3.7700100e+04   1.2000000e-02
  -2.5285177e-02   5.1481000e-04   3.7700100e+04   1.2000000e-02
  -2.4945222e-02   5.1841900e-04   3.7700100e+04   1.2000000e-02
  -2.4435989e-02   5.1382600e-04   3.7700100e+04   1.2000000e-02
  -2.3909944e-02   5.1333400e-04   3.7703100e+04   1.2000000e-02
  -2.3374055e-02   5.0964300e-04   3.7703100e+04   1.2000000e-02
  -2.2850717e-02   5.0783900e-04   3.7703100e+04   1.2000000e-02
  -2.2346158e-02   5.0726500e-04   3.7706100e+04   1.2000000e-02
  -2.1828476e-02   5.1579400e-04   3.7706100e+04   1.2000000e-02
  -2.1486882e-02   5.1366200e-04   3.7706100e+04   1.2000000e-02
  -2.0948615e-02   5.1464600e-04   3.7709100e+04   1.2000000e-02
  -2.0440859e-02   5.1153000e-04   3.7709100e+04   1.2000000e-02
  -1.9906284e-02   5.1817300e-04   3.7709100e+04   1.2000000e-02
  -1.9383106e-02   5.1415400e-04   3.7712000e+04   1.2000000e-02
  -1.8865753e-02   5.1768100e-04   3.7712000e+04   1.2000000e-02
  -1.8508167e-02   5.1431800e-04   3.7709100e+04   1.2000000e-02
  -1.8001723e-02   5.1743500e-04   3.7709100e+04   1.2000000e-02
  -1.7483056e-02   5.1833700e-04   3.7706100e+04   1.2000000e-02
  -1.6962176e-02   5.1497400e-04   3.7706100e+04   1.2000000e-02
  -1.6441790e-02   5.0841300e-04   3.7706100e+04   1.2000000e-02
  -1.5925012e-02   5.1374400e-04   3.7706100e+04   1.2000000e-02
  -1.5411512e-02   5.1358000e-04   3.7706100e+04   1.2000000e-02
  -1.5056713e-02   5.1276000e-04   3.7706100e+04   1.2000000e-02
  -1.4546743e-02   5.1341600e-04   3.7706100e+04   1.2000000e-02
  -1.4017744e-02   5.1571200e-04   3.7706100e+04   1.2000000e-02
  -1.3489482e-02   5.1497400e-04   3.7706100e+04   1.2000000e-02
  -1.2966716e-02   5.1645000e-04   3.7703100e+04   1.2000000e-02
  -1.2446000e-02   5.1505600e-04   3.7703100e+04   1.2000000e-02
  -1.1909209e-02   5.1185800e-04   3.7703100e+04   1.2000000e-02
  -1.1563679e-02   5.1604000e-04   3.7706100e+04   1.2000000e-02
  -1.1038206e-02   5.2087900e-04   3.7706100e+04   1.2000000e-02
  -1.0525529e-02   5.1759900e-04   3.7709100e+04   1.2000000e-02
  -9.9989880e-03   5.1563000e-04   3.7709100e+04   1.2000000e-02
  -9.4871310e-03   5.1686100e-04   3.7709100e+04   1.2000000e-02
  -8.9694510e-03   5.1481000e-04   3.7709100e+04   1.2000000e-02
  -8.6154730e-03   5.1440000e-04   3.7709100e+04   1.2000000e-02
  -8.0970520e-03   5.1259600e-04   3.7709100e+04   1.2000000e-02
  -7.5620660e-03   5.1415400e-04   3.7709100e+04   1.2000000e-02
  -7.0549650e-03   5.1374400e-04   3.7709100e+04   1.2000000e-02
  -6.5377770e-03   5.1956700e-04   3.7709100e+04   1.2000000e-02
  -5.9908970e-03   5.1768100e-04   3.7706100e+04   1.2000000e-02
  -5.4872410e-03   5.1727100e-04   3.7706100e+04   1.2000000e-02
  -5.1419570e-03   5.1653300e-04   3.7706100e+04   1.2000000e-02
  -4.6048380e-03   5.2120700e-04   3.7706100e+04   1.2000000e-02
  -4.0942910e-03   5.2055100e-04   3.7706100e+04   1.2000000e-02
  -3.5773480e-03   5.2309400e-04   3.7703100e+04   1.2000000e-02
  -3.0473650e-03   5.2301200e-04   3.7703100e+04   1.2000000e-02
  -2.5337850e-03   5.2514400e-04   3.7706100e+04   1.2000000e-02
  -2.0135600e-03   5.2817900e-04   3.7709100e+04   1.2000000e-02
  -1.6558910e-03   5.3318200e-04   3.7709100e+04   1.2000000e-02
  -1.1337820e-03   5.4884700e-04   3.7709100e+04   1.2000000e-02
  -6.1257200e-04   5.5934500e-04   3.7712000e+04   1.2000000e-02
  -9.9731000e-05   5.8058600e-04   3.7712000e+04   1.2000000e-02
   4.0917400e-04   6.0978400e-04   3.7712000e+04   1.2000000e-02
   9.3727100e-04   6.9483400e-04   3.7712000e+04   1.2000000e-02
   1.2697610e-03   7.5765800e-04   3.7712000e+04   1.2000000e-02
   1.7989240e-03   9.2324700e-04   3.7712000e+04   1.2000000e-02
   2.3276790e-03   1.1385370e-03   3.7712000e+04   1.2000000e-02
   2.8293670e-03   1.5153970e-03   3.7712000e+04   1.2000000e-02
   3.3573810e-03   2.0994300e-03   3.7712000e+04   1.2000000e-02
   3.8808030e-03   3.1114990e-03   3.7712000e+04   1.2000000e-02
   4.4004540e-03   4.2409340e-03   3.7712000e+04   1.2000000e-02
   4.7583690e-03   5.4638650e-03   3.7712000e+04   1.2000000e-02
   5.2829390e-03   8.3889460e-03   3.7712000e+04   1.2000000e-02
   5.8010300e-03   1.2282299e-02   3.7712000e+04   1.2000000e-02
   6.3262590e-03   1.8346277e-02   3.7712000e+04   1.2000000e-02
   6.8437760e-03   2.6649194e-02   3.7712000e+04   1.2000000e-02
   7.3652290e-03   3.6266247e-02   3.7715000e+04   1.2000000e-02
   7.7253580e-03   4.3963154e-02   3.7715000e+04   1.2000000e-02
   8.2425470e-03   5.2004853e-02   3.7715000e+04   1.2000000e-02
   8.7653150e-03   6.2875759e-02   3.7715000e+04   1.2000000e-02
   9.2850460e-03   7.3281802e-02   3.7715000e+04   1.2000000e-02
   9.8201970e-03   8.0692557e-02   3.7715000e+04   1.2000000e-02
   1.0335581e-02   9.2424540e-02   3.7715000e+04   1.2000000e-02
   1.0866058e-02   1.0169073e-01   3.7715000e+04   1.2000000e-02
   1.1205766e-02   1.0645935e-01   3.7718000e+04   1.2000000e-02
   1.1719674e-02   1.1603672e-01   3.7718000e+04   1.2000000e-02
   1.2234566e-02   1.2404860e-01   3.7718000e+04   1.2000000e-02
   1.2747247e-02   1.3480873e-01   3.7715000e+04   1.2000000e-02
   1.3287892e-02   1.4555000e-01   3.7715000e+04   1.2000000e-02
   1.3804754e-02   1.5091612e-01   3.7715000e+04   1.2000000e-02
   1.4329324e-02   1.5824691e-01   3.7712000e+04   1.2000000e-02
   1.4670016e-02   1.6293273e-01   3.7712000e+04   1.2000000e-02
   1.5183105e-02   1.7015778e-01   3.7709100e+04   1.2000000e-02
   1.5713744e-02   1.7811392e-01   3.7709100e+04   1.2000000e-02
   1.6244467e-02   1.8381938e-01   3.7709100e+04   1.2000000e-02
   1.6751486e-02   1.9077477e-01   3.7709100e+04   1.2000000e-02
   1.7266543e-02   1.9711542e-01   3.7709100e+04   1.2000000e-02
   1.7626344e-02   2.0074068e-01   3.7712000e+04   1.2000000e-02
   1.8154361e-02   2.0706822e-01   3.7712000e+04   1.2000000e-02
   1.8678849e-02   2.1360805e-01   3.7715000e+04   1.2000000e-02
   1.9187427e-02   2.2000280e-01   3.7715000e+04   1.2000000e-02
   1.9708717e-02   2.2698935e-01   3.7715000e+04   1.2000000e-02
   2.0234192e-02   2.3187026e-01   3.7715000e+04   1.2000000e-02
   2.0758024e-02   2.3668804e-01   3.7715000e+04   1.2000000e-02
   2.1104867e-02   2.4189680e-01   3.7712000e+04   1.2000000e-02
   2.1638623e-02   2.4855875e-01   3.7712000e+04   1.2000000e-02
   2.2152698e-02   2.5381834e-01   3.7712000e+04   1.2000000e-02
   2.2671773e-02   2.5920495e-01   3.7709100e+04   1.2000000e-02
   2.3195278e-02   2.6465139e-01   3.7712000e+04   1.2000000e-02
   2.3715747e-02   2.7005193e-01   3.7712000e+04   1.2000000e-02
   2.4227278e-02   2.7563610e-01   3.7712000e+04   1.2000000e-02
   2.4585849e-02   2.7901134e-01   3.7709100e+04   1.2000000e-02
   2.5102463e-02   2.8377257e-01   3.7709100e+04   1.2000000e-02
   2.5622608e-02   2.8899935e-01   3.7712000e+04   1.2000000e-02
   2.6153247e-02   2.9396224e-01   3.7712000e+04   1.2000000e-02
   2.6680934e-02   2.9897264e-01   3.7712000e+04   1.2000000e-02
   2.7199845e-02   3.0276342e-01   3.7712000e+04   1.2000000e-02
   2.7547511e-02   3.0615014e-01   3.7715000e+04   1.2000000e-02
   2.8062568e-02   3.1038845e-01   3.7715000e+04   1.2000000e-02
   2.8583694e-02   3.1617668e-01   3.7715000e+04   1.2000000e-02
   2.9096208e-02   3.2113626e-01   3.7715000e+04   1.2000000e-02
   2.9615614e-02   3.2667289e-01   3.7715000e+04   1.2000000e-02
   3.0136657e-02   3.3046613e-01   3.7715000e+04   1.2000000e-02
   3.0656061e-02   3.3522080e-01   3.7715000e+04   1.2000000e-02
   3.1005036e-02   3.3816574e-01   3.7715000e+04   1.2000000e-02
   3.1531658e-02   3.4195817e-01   3.7715000e+04   1.2000000e-02
   3.2058442e-02   3.4659320e-01   3.7712000e+04   1.2000000e-02
   3.2574157e-02   3.5096592e-01   3.7712000e+04   1.2000000e-02
   3.3097743e-02   3.5505587e-01   3.7715000e+04   1.2000000e-02
   3.3617475e-02   3.5997614e-01   3.7715000e+04   1.2000000e-02
   3.4148033e-02   3.6418658e-01   3.7715000e+04   1.2000000e-02
   3.4490693e-02   3.6758149e-01   3.7718000e+04   1.2000000e-02
   3.5000748e-02   3.7201405e-01   3.7718000e+04   1.2000000e-02
   3.5536718e-02   3.7644742e-01   3.7718000e+04   1.2000000e-02
   3.6046446e-02   3.8108900e-01   3.7718000e+04   1.2000000e-02
   3.6580120e-02   3.8508879e-01   3.7715000e+04   1.2000000e-02
   3.7099606e-02   3.8819031e-01   3.7715000e+04   1.2000000e-02
   3.7433572e-02   3.9126228e-01   3.7715000e+04   1.2000000e-02
   3.7966017e-02   3.9609646e-01   3.7718000e+04   1.2000000e-02
   3.8498542e-02   4.0043231e-01   3.7718000e+04   1.2000000e-02
   3.9002285e-02   4.0437718e-01   3.7718000e+04   1.2000000e-02
   3.9527593e-02   4.0859090e-01   3.7718000e+04   1.2000000e-02
   4.0036171e-02   4.1296856e-01   3.7715000e+04   1.2000000e-02
   4.0556394e-02   4.1687655e-01   3.7715000e+04   1.2000000e-02
   4.0915541e-02   4.1974037e-01   3.7715000e+04   1.2000000e-02
   4.1434452e-02   4.2390491e-01   3.7715000e+04   1.2000000e-02
   4.1960173e-02   4.2826452e-01   3.7718000e+04   1.2000000e-02
   4.2476624e-02   4.3235777e-01   3.7718000e+04   1.2000000e-02
   4.2988563e-02   4.3669607e-01   3.7718000e+04   1.2000000e-02
   4.3535280e-02   4.4084586e-01   3.7718000e+04   1.2000000e-02
   4.3880810e-02   4.4359982e-01   3.7718000e+04   1.2000000e-02
   4.4393817e-02   4.4764305e-01   3.7718000e+04   1.2000000e-02
   4.4904772e-02   4.5141501e-01   3.7718000e+04   1.2000000e-02
   4.5429262e-02   4.5564675e-01   3.7715000e+04   1.2000000e-02
   4.5951536e-02   4.5986293e-01   3.7718000e+04   1.2000000e-02
   4.6473075e-02   4.6411110e-01   3.7718000e+04   1.2000000e-02
   4.6989443e-02   4.6832891e-01   3.7721000e+04   1.2000000e-02
   4.7341783e-02   4.7073535e-01   3.7721000e+04   1.2000000e-02
   4.7854297e-02   4.7444173e-01   3.7721000e+04   1.2000000e-02
   4.8384036e-02   4.7869315e-01   3.7721000e+04   1.2000000e-02
   4.8902454e-02   4.8262821e-01   3.7721000e+04   1.2000000e-02
   4.9427601e-02   4.8680340e-01   3.7721000e+04   1.2000000e-02
   4.9942247e-02   4.9068271e-01   3.7721000e+04   1.2000000e-02
   5.0464357e-02   4.9454892e-01   3.7721000e+04   1.2000000e-02
   5.0814071e-02   4.9709797e-01   3.7718000e+04   1.2000000e-02
   5.1326912e-02   5.0191658e-01   3.7721000e+04   1.2000000e-02
   5.1853781e-02   5.0578524e-01   3.7721000e+04   1.2000000e-02
   5.2388275e-02   5.0952685e-01   3.7721000e+04   1.2000000e-02
   5.2904071e-02   5.1446022e-01   3.7724000e+04   1.2000000e-02
   5.3429379e-02   5.1745186e-01   3.7724000e+04   1.2000000e-02
   5.3771467e-02   5.2063858e-01   3.7724000e+04   1.2000000e-02
   5.4292593e-02   5.2512280e-01   3.7724000e+04   1.2000000e-02
   5.4813230e-02   5.2789888e-01   3.7724000e+04   1.2000000e-02
   5.5342311e-02   5.3167000e-01   3.7726900e+04   1.2000000e-02
   5.5858107e-02   5.3595340e-01   3.7726900e+04   1.2000000e-02
   5.6374230e-02   5.3943273e-01   3.7724000e+04   1.2000000e-02
   5.6886499e-02   5.4396938e-01   3.7724000e+04   1.2000000e-02
   5.7242610e-02   5.4618160e-01   3.7724000e+04   1.2000000e-02
