  -7.2439408e-02  -9.3940400e-04   3.6815000e+04   1.2000000e-02
  -7.1911891e-02  -1.0813740e-03   3.6818000e+04   1.2000000e-02
  -7.1386337e-02  -9.8008300e-04   3.6821000e+04   1.2000000e-02
  -7.1037527e-02  -6.6391400e-04   3.6823900e+04   1.2000000e-02
  -7.0510907e-02  -2.6162900e-04   3.6823900e+04   1.2000000e-02
  -6.9986832e-02  -2.3062700e-04   3.6826900e+04   1.2000000e-02
  -6.9472432e-02  -2.0233200e-04   3.6826900e+04   1.2000000e-02
  -6.8956560e-02  -2.1320000e-06   3.6826900e+04   1.2000000e-02
  -6.8422394e-02  -4.2393700e-04   3.6826900e+04   1.2000000e-02
  -6.7901681e-02  -2.9386100e-04   3.6829900e+04   1.2000000e-02
  -6.7543521e-02   1.6804900e-04   3.6829900e+04   1.2000000e-02
  -6.7027318e-02  -1.5172800e-04   3.6829900e+04   1.2000000e-02
  -6.6529321e-02   9.8418000e-05   3.6832900e+04   1.2000000e-02
  -6.6009098e-02  -3.3724700e-04   3.6835900e+04   1.2000000e-02
  -6.5491010e-02   3.4528000e-05   3.6835900e+04   1.2000000e-02
  -6.4962749e-02  -3.3630000e-06   3.6838800e+04   1.2000000e-02
  -6.4621896e-02  -1.5580000e-06   3.6838800e+04   1.2000000e-02
  -6.4104789e-02   1.4500300e-04   3.6841800e+04   1.2000000e-02
  -6.3591293e-02   8.0380000e-06   3.6844800e+04   1.2000000e-02
  -6.3061392e-02  -8.9315000e-05   3.6844800e+04   1.2000000e-02
  -6.2534036e-02  -1.1785600e-04   3.6847800e+04   1.2000000e-02
  -6.2016273e-02   2.1463400e-04   3.6847800e+04   1.2000000e-02
  -6.1483588e-02  -1.7887500e-04   3.6847800e+04   1.2000000e-02
  -6.1137894e-02   2.4547200e-04   3.6847800e+04   1.2000000e-02
  -6.0631533e-02   5.8641000e-05   3.6847800e+04   1.2000000e-02
  -6.0106881e-02   2.3784000e-05   3.6850800e+04   1.2000000e-02
  -5.9582395e-02   1.5632100e-04   3.6850800e+04   1.2000000e-02
  -5.9056103e-02  -1.9930000e-05   3.6850800e+04   1.2000000e-02
  -5.8541787e-02   1.3614500e-04   3.6853700e+04   1.2000000e-02
  -5.8028289e-02   3.2305800e-04   3.6856700e+04   1.2000000e-02
  -5.7670374e-02   8.7760000e-06   3.6856700e+04   1.2000000e-02
  -5.7156304e-02   4.3681400e-04   3.6856700e+04   1.2000000e-02
  -5.6620005e-02  -1.9110000e-05   3.6859700e+04   1.2000000e-02
  -5.6097570e-02   3.7144700e-04   3.6862700e+04   1.2000000e-02
  -5.5580955e-02   3.6751100e-04   3.6862700e+04   1.2000000e-02
  -5.5067869e-02   2.7590000e-04   3.6865700e+04   1.2000000e-02
  -5.4723569e-02   1.4262500e-04   3.6865700e+04   1.2000000e-02
  -5.4209497e-02   2.5301700e-04   3.6868600e+04   1.2000000e-02
  -5.3681318e-02   2.0799100e-04   3.6868600e+04   1.2000000e-02
  -5.3161835e-02   7.5126000e-05   3.6868600e+04   1.2000000e-02
  -5.2628244e-02   3.9474000e-04   3.6868600e+04   1.2000000e-02
  -5.2114748e-02   2.1242000e-04   3.6871600e+04   1.2000000e-02
  -5.1586651e-02   4.7757500e-04   3.6871600e+04   1.2000000e-02
  -5.1233249e-02   1.7100200e-04   3.6874600e+04   1.2000000e-02
  -5.0706301e-02   4.4083200e-04   3.6877600e+04   1.2000000e-02
  -5.0194116e-02  -6.8565000e-05   3.6877600e+04   1.2000000e-02
  -4.9668316e-02  -2.1709500e-04   3.6877600e+04   1.2000000e-02
  -4.9157116e-02   3.4380800e-04   3.6877600e+04   1.2000000e-02
  -4.8635745e-02   4.0285900e-04   3.6877600e+04   1.2000000e-02
  -4.8110356e-02   2.8008200e-04   3.6877600e+04   1.2000000e-02
  -4.7753508e-02   4.8036400e-04   3.6877600e+04   1.2000000e-02
  -4.7239846e-02   3.3380000e-05   3.6877600e+04   1.2000000e-02
  -4.6724381e-02   5.1989500e-04   3.6877600e+04   1.2000000e-02
  -4.6182506e-02   1.5041600e-04   3.6877600e+04   1.2000000e-02
  -4.5675404e-02   2.2800300e-04   3.6877600e+04   1.2000000e-02
  -4.5152393e-02   5.3203300e-04   3.6880600e+04   1.2000000e-02
  -4.4806536e-02   2.3997700e-04   3.6880600e+04   1.2000000e-02
  -4.4299763e-02   5.2038700e-04   3.6883500e+04   1.2000000e-02
  -4.3773062e-02   3.5553600e-04   3.6883500e+04   1.2000000e-02
  -4.3250870e-02  -1.1564000e-05   3.6886500e+04   1.2000000e-02
  -4.2732536e-02   4.3566500e-04   3.6886500e+04   1.2000000e-02
  -4.2213461e-02   4.5625100e-04   3.6889500e+04   1.2000000e-02
  -4.1689382e-02   4.8061000e-04   3.6892500e+04   1.2000000e-02
  -4.1340899e-02   5.4794400e-04   3.6892500e+04   1.2000000e-02
  -4.0822564e-02   4.0507400e-04   3.6892500e+04   1.2000000e-02
  -4.0306605e-02   5.5754000e-04   3.6895500e+04   1.2000000e-02
  -3.9773917e-02   3.1420100e-04   3.6895500e+04   1.2000000e-02
  -3.9250495e-02   4.2885800e-04   3.6898400e+04   1.2000000e-02
  -3.8734947e-02   5.0209800e-04   3.6898400e+04   1.2000000e-02
  -3.8397044e-02   3.5119000e-04   3.6898400e+04   1.2000000e-02
  -3.7875016e-02   5.0546000e-04   3.6901400e+04   1.2000000e-02
  -3.7353482e-02   6.2626900e-04   3.6901400e+04   1.2000000e-02
  -3.6824729e-02   6.6219200e-04   3.6901400e+04   1.2000000e-02
  -3.6318285e-02   5.8025800e-04   3.6901400e+04   1.2000000e-02
  -3.5788466e-02   8.3918100e-04   3.6898400e+04   1.2000000e-02
  -3.5262583e-02   5.3080300e-04   3.6898400e+04   1.2000000e-02
  -3.4922465e-02   7.2411300e-04   3.6895500e+04   1.2000000e-02
  -3.4393961e-02   8.7026500e-04   3.6895500e+04   1.2000000e-02
  -3.3856596e-02   8.6985500e-04   3.6895500e+04   1.2000000e-02
  -3.3338834e-02   7.5544300e-04   3.6898400e+04   1.2000000e-02
  -3.2826075e-02   1.0169900e-03   3.6898400e+04   1.2000000e-02
  -3.2303554e-02   8.8223900e-04   3.6901400e+04   1.2000000e-02
  -3.1784971e-02   7.7734100e-04   3.6904400e+04   1.2000000e-02
  -3.1438784e-02   1.0932640e-03   3.6904400e+04   1.2000000e-02
  -3.0912001e-02   9.5875900e-04   3.6907400e+04   1.2000000e-02
  -3.0397847e-02   8.6518000e-04   3.6907400e+04   1.2000000e-02
  -2.9871391e-02   1.2394160e-03   3.6907400e+04   1.2000000e-02
  -2.9359698e-02   1.1705230e-03   3.6910400e+04   1.2000000e-02
  -2.8824055e-02   1.0045240e-03   3.6910400e+04   1.2000000e-02
  -2.8474752e-02   8.9618100e-04   3.6910400e+04   1.2000000e-02
  -2.7962567e-02   1.3087190e-03   3.6913300e+04   1.2000000e-02
  -2.7444148e-02   1.0994970e-03   3.6913300e+04   1.2000000e-02
  -2.6919085e-02   9.4563700e-04   3.6913300e+04   1.2000000e-02
  -2.6401076e-02   1.1530530e-03   3.6913300e+04   1.2000000e-02
  -2.5874211e-02   1.1407510e-03   3.6916300e+04   1.2000000e-02
  -2.5328891e-02   9.8270800e-04   3.6916300e+04   1.2000000e-02
  -2.5000254e-02   1.4502770e-03   3.6919300e+04   1.2000000e-02
  -2.4473306e-02   1.1978340e-03   3.6919300e+04   1.2000000e-02
  -2.3945948e-02   1.1295150e-03   3.6919300e+04   1.2000000e-02
  -2.3426873e-02   1.5341790e-03   3.6919300e+04   1.2000000e-02
  -2.2893693e-02   1.2345770e-03   3.6922300e+04   1.2000000e-02
  -2.2395860e-02   1.4611030e-03   3.6922300e+04   1.2000000e-02
  -2.1870960e-02   1.3726080e-03   3.6922300e+04   1.2000000e-02
  -2.1530678e-02   1.2121040e-03   3.6922300e+04   1.2000000e-02
  -2.1017262e-02   1.2469610e-03   3.6922300e+04   1.2000000e-02
  -2.0487690e-02   1.1239380e-03   3.6922300e+04   1.2000000e-02
  -1.9952950e-02   1.5357370e-03   3.6922300e+04   1.2000000e-02
  -1.9437318e-02   1.2995330e-03   3.6922300e+04   1.2000000e-02
  -1.8916767e-02   1.2259650e-03   3.6925300e+04   1.2000000e-02
  -1.8558197e-02   1.2340030e-03   3.6925300e+04   1.2000000e-02
  -1.8045027e-02   1.3756430e-03   3.6925300e+04   1.2000000e-02
  -1.7516600e-02   1.1276290e-03   3.6928200e+04   1.2000000e-02
  -1.7000067e-02   1.3503000e-03   3.6928200e+04   1.2000000e-02
  -1.6481814e-02   1.3926200e-03   3.6928200e+04   1.2000000e-02
  -1.5970448e-02   1.4287070e-03   3.6931200e+04   1.2000000e-02
  -1.5454160e-02   1.4146820e-03   3.6931200e+04   1.2000000e-02
  -1.5112976e-02   1.3857310e-03   3.6931200e+04   1.2000000e-02
  -1.4585864e-02   1.5488590e-03   3.6934200e+04   1.2000000e-02
  -1.4075483e-02   1.4789000e-03   3.6934200e+04   1.2000000e-02
  -1.3531637e-02   1.3411150e-03   3.6937200e+04   1.2000000e-02
  -1.3011004e-02   1.3659650e-03   3.6937200e+04   1.2000000e-02
  -1.2491272e-02   1.4223920e-03   3.6940200e+04   1.2000000e-02
  -1.1969491e-02   1.3746590e-03   3.6940200e+04   1.2000000e-02
  -1.1616333e-02   1.3761350e-03   3.6940200e+04   1.2000000e-02
  -1.1088892e-02   1.4775060e-03   3.6937200e+04   1.2000000e-02
  -1.0570637e-02   1.3748230e-03   3.6937200e+04   1.2000000e-02
  -1.0055169e-02   1.5923280e-03   3.6937200e+04   1.2000000e-02
  -9.5342070e-03   1.3513670e-03   3.6934200e+04   1.2000000e-02
  -9.0134930e-03   1.6558890e-03   3.6934200e+04   1.2000000e-02
  -8.6595970e-03   1.6466220e-03   3.6934200e+04   1.2000000e-02
  -8.1501980e-03   1.6280860e-03   3.6934200e+04   1.2000000e-02
  -7.6239060e-03   1.5158070e-03   3.6934200e+04   1.2000000e-02
  -7.1053230e-03   1.3616180e-03   3.6937200e+04   1.2000000e-02
  -6.5733710e-03   1.5523860e-03   3.6940200e+04   1.2000000e-02
  -6.0473240e-03   1.6740150e-03   3.6943100e+04   1.2000000e-02
  -5.5298890e-03   1.4510970e-03   3.6943100e+04   1.2000000e-02
  -5.1758290e-03   1.5263050e-03   3.6949100e+04   1.2000000e-02
  -4.6592150e-03   1.7081330e-03   3.6949100e+04   1.2000000e-02
  -4.1340700e-03   1.4611030e-03   3.6949100e+04   1.2000000e-02
  -3.6150750e-03   1.4896440e-03   3.6949100e+04   1.2000000e-02
  -3.0806640e-03   1.6726210e-03   3.6952100e+04   1.2000000e-02
  -2.5659350e-03   1.6535930e-03   3.6952100e+04   1.2000000e-02
  -2.0493210e-03   1.6619590e-03   3.6952100e+04   1.2000000e-02
  -1.7065770e-03   1.9117770e-03   3.6952100e+04   1.2000000e-02
  -1.1815150e-03   1.7783380e-03   3.6955100e+04   1.2000000e-02
  -6.5390800e-04   1.6376820e-03   3.6955100e+04   1.2000000e-02
  -1.5172800e-04   1.6444890e-03   3.6955100e+04   1.2000000e-02
   3.8424200e-04   1.6922220e-03   3.6955100e+04   1.2000000e-02
