  -7.2451383e-02  -5.9933419e-02   3.1748600e+04   1.2000000e-02
  -7.1928376e-02  -8.3419530e-02   3.1760500e+04   1.2000000e-02
  -7.1404708e-02  -5.7598710e-02   3.1769500e+04   1.2000000e-02
  -7.1050896e-02  -8.2865981e-02   3.1778400e+04   1.2000000e-02
  -7.0529196e-02  -1.0094320e-01   3.1787300e+04   1.2000000e-02
  -7.0009058e-02  -6.9282813e-02   3.1799300e+04   1.2000000e-02
  -6.9485308e-02  -8.3900517e-02   3.1808200e+04   1.2000000e-02
  -6.8957544e-02  -9.1769772e-02   3.1817100e+04   1.2000000e-02
  -6.8443718e-02  -1.0838426e-01   3.1829100e+04   1.2000000e-02
  -6.7919971e-02  -6.3829958e-02   3.1841000e+04   1.2000000e-02
  -6.7576491e-02  -6.5076915e-02   3.1852900e+04   1.2000000e-02
  -6.7061681e-02  -5.0707367e-02   3.1861800e+04   1.2000000e-02
  -6.6543018e-02  -5.3107951e-02   3.1873800e+04   1.2000000e-02
  -6.6027715e-02  -8.4453464e-02   3.1885700e+04   1.2000000e-02
  -6.5507905e-02  -4.5201356e-02   3.1897600e+04   1.2000000e-02
  -6.4978578e-02  -2.9228850e-02   3.1909500e+04   1.2000000e-02
  -6.4629359e-02  -5.1088656e-02   3.1918500e+04   1.2000000e-02
  -6.4111514e-02  -6.8634210e-02   3.1927400e+04   1.2000000e-02
  -6.3594492e-02  -6.2061463e-02   3.1939300e+04   1.2000000e-02
  -6.3077385e-02  -5.7017124e-02   3.1951300e+04   1.2000000e-02
  -6.2549864e-02  -8.2706220e-02   3.1960200e+04   1.2000000e-02
  -6.2021112e-02  -5.4321530e-02   3.1972100e+04   1.2000000e-02
  -6.1505568e-02  -6.4138661e-02   3.1990000e+04   1.2000000e-02
  -6.1167665e-02  -3.9954842e-02   3.2001900e+04   1.2000000e-02
  -6.0645722e-02  -5.7481658e-02   3.2013800e+04   1.2000000e-02
  -6.0117215e-02  -5.6398156e-02   3.2025800e+04   1.2000000e-02
  -5.9599126e-02  -6.2888422e-02   3.2037700e+04   1.2000000e-02
  -5.9075212e-02  -6.7612331e-02   3.2049600e+04   1.2000000e-02
  -5.8549250e-02  -3.5656257e-02   3.2064500e+04   1.2000000e-02
  -5.8037064e-02  -2.8646984e-02   3.2076400e+04   1.2000000e-02
  -5.7680544e-02  -6.9029307e-02   3.2088300e+04   1.2000000e-02
  -5.7161717e-02  -3.5238224e-02   3.2100300e+04   1.2000000e-02
  -5.6633456e-02  -7.2347059e-02   3.2112200e+04   1.2000000e-02
  -5.6106838e-02  -2.5309453e-02   3.2127100e+04   1.2000000e-02
  -5.5584810e-02  -1.9681313e-02   3.2139000e+04   1.2000000e-02
  -5.5063359e-02  -6.8312493e-02   3.2150900e+04   1.2000000e-02
  -5.4712989e-02  -3.8647600e-02   3.2165800e+04   1.2000000e-02
  -5.4200229e-02  -8.2850152e-02   3.2177800e+04   1.2000000e-02
  -5.3681975e-02  -2.0080074e-02   3.2189700e+04   1.2000000e-02
  -5.3157653e-02  -6.9417400e-02   3.2204600e+04   1.2000000e-02
  -5.2631852e-02  -5.4863487e-02   3.2213500e+04   1.2000000e-02
  -5.2109991e-02  -3.5288992e-02   3.2228400e+04   1.2000000e-02
  -5.1585995e-02  -4.9455404e-02   3.2240300e+04   1.2000000e-02
  -5.1239810e-02  -5.2911525e-02   3.2252300e+04   1.2000000e-02
  -5.0714256e-02  -6.3220256e-02   3.2264200e+04   1.2000000e-02
  -5.0203712e-02  -2.2005385e-02   3.2276100e+04   1.2000000e-02
  -4.9673811e-02  -3.5783873e-02   3.2288000e+04   1.2000000e-02
  -4.9152195e-02  -1.8756264e-02   3.2299900e+04   1.2000000e-02
  -4.8628691e-02  -5.0254725e-02   3.2311900e+04   1.2000000e-02
  -4.8115605e-02  -3.7589932e-02   3.2323800e+04   1.2000000e-02
  -4.7752442e-02  -4.2578757e-02   3.2335700e+04   1.2000000e-02
  -4.7236647e-02  -4.9107087e-02   3.2347600e+04   1.2000000e-02
  -4.6708635e-02  -3.2790726e-02   3.2359500e+04   1.2000000e-02
  -4.6189888e-02  -1.0711047e-02   3.2371500e+04   1.2000000e-02
  -4.5659822e-02  -1.6978497e-02   3.2386400e+04   1.2000000e-02
  -4.5144191e-02  -2.9400788e-02   3.2395300e+04   1.2000000e-02
  -4.4801779e-02  -4.9772639e-02   3.2407200e+04   1.2000000e-02
  -4.4287297e-02  -1.7775524e-02   3.2419200e+04   1.2000000e-02
  -4.3752968e-02  -4.3819647e-02   3.2431100e+04   1.2000000e-02
  -4.3248328e-02  -1.2263679e-02   3.2446000e+04   1.2000000e-02
  -4.2724170e-02  -2.2485502e-02   3.2457900e+04   1.2000000e-02
  -4.2201814e-02  -1.1625764e-02   3.2469800e+04   1.2000000e-02
  -4.1689546e-02  -7.1016039e-02   3.2481700e+04   1.2000000e-02
  -4.1349264e-02  -2.5364567e-02   3.2493700e+04   1.2000000e-02
  -4.0819693e-02   6.2240650e-03   3.2508600e+04   1.2000000e-02
  -4.0298650e-02  -1.7124977e-02   3.2523500e+04   1.2000000e-02
  -3.9773425e-02   2.4116310e-02   3.2538400e+04   1.2000000e-02
  -3.9255170e-02   5.1095590e-03   3.2556200e+04   1.2000000e-02
  -3.8734455e-02   1.3298636e-02   3.2568200e+04   1.2000000e-02
  -3.8386628e-02   1.9869795e-02   3.2580100e+04   1.2000000e-02
  -3.7858285e-02  -4.3423890e-03   3.2595000e+04   1.2000000e-02
  -3.7334946e-02   2.0669529e-02   3.2606900e+04   1.2000000e-02
  -3.6813165e-02   2.9936376e-02   3.2618800e+04   1.2000000e-02
  -3.6292778e-02   3.7222383e-02   3.2630700e+04   1.2000000e-02
  -3.5770259e-02   1.8590355e-02   3.2645700e+04   1.2000000e-02
  -3.5247082e-02   3.3986626e-02   3.2657600e+04   1.2000000e-02
  -3.4899501e-02   3.0389980e-03   3.2669500e+04   1.2000000e-02
  -3.4373703e-02   3.4548185e-02   3.2681400e+04   1.2000000e-02
  -3.3847820e-02   1.5641653e-02   3.2693300e+04   1.2000000e-02
  -3.3330059e-02   2.1403157e-02   3.2702300e+04   1.2000000e-02
  -3.2810738e-02   7.5277240e-02   3.2714200e+04   1.2000000e-02
  -3.2282230e-02   6.7354770e-02   3.2726100e+04   1.2000000e-02
  -3.1770700e-02   1.0808238e-02   3.2732100e+04   1.2000000e-02
  -3.1419347e-02   4.2995455e-02   3.2744000e+04   1.2000000e-02
  -3.0891743e-02   7.7102248e-02   3.2752900e+04   1.2000000e-02
  -3.0376195e-02   3.8848178e-02   3.2764900e+04   1.2000000e-02
  -2.9852118e-02   6.0846781e-02   3.2773800e+04   1.2000000e-02
  -2.9344689e-02   4.2259939e-02   3.2788700e+04   1.2000000e-02
  -2.8816837e-02   5.4693816e-02   3.2800600e+04   1.2000000e-02
  -2.8467124e-02   7.0180632e-02   3.2812500e+04   1.2000000e-02
  -2.7952725e-02   4.4226096e-02   3.2824500e+04   1.2000000e-02
  -2.7423070e-02   5.3117639e-02   3.2836400e+04   1.2000000e-02
  -2.6901123e-02   6.1461568e-02   3.2851300e+04   1.2000000e-02
  -2.6391644e-02   7.0223608e-02   3.2863200e+04   1.2000000e-02
  -2.5864533e-02   2.1669707e-02   3.2875100e+04   1.2000000e-02
  -2.5341275e-02   1.0447646e-01   3.2887000e+04   1.2000000e-02
  -2.4995908e-02   4.5703768e-02   3.2902000e+04   1.2000000e-02
  -2.4476094e-02   7.6176375e-02   3.2913900e+04   1.2000000e-02
  -2.3953576e-02   4.7069408e-02   3.2925800e+04   1.2000000e-02
  -2.3422034e-02   8.7616793e-02   3.2937700e+04   1.2000000e-02
  -2.2900008e-02   4.7685017e-02   3.2949600e+04   1.2000000e-02
  -2.2399960e-02   6.6757260e-02   3.2961600e+04   1.2000000e-02
  -2.1874404e-02   6.2149842e-02   3.2970500e+04   1.2000000e-02
  -2.1531252e-02   5.4202376e-02   3.2982400e+04   1.2000000e-02
  -2.1023659e-02   7.4545991e-02   3.2994300e+04   1.2000000e-02
  -2.0488264e-02   8.6987080e-02   3.3006300e+04   1.2000000e-02
  -1.9967303e-02   8.1862182e-02   3.3015200e+04   1.2000000e-02
  -1.9443141e-02   7.9491440e-02   3.3027100e+04   1.2000000e-02
  -1.8923574e-02   9.2641470e-02   3.3039000e+04   1.2000000e-02
  -1.8572221e-02   7.2330587e-02   3.3051000e+04   1.2000000e-02
  -1.8054294e-02   7.1705630e-02   3.3059900e+04   1.2000000e-02
  -1.7529804e-02   7.8950959e-02   3.3071800e+04   1.2000000e-02
  -1.7012206e-02   9.6373583e-02   3.3083700e+04   1.2000000e-02
  -1.6497068e-02   7.0302920e-02   3.3095700e+04   1.2000000e-02
  -1.5969710e-02   5.7664825e-02   3.3107600e+04   1.2000000e-02
  -1.5451371e-02   9.1476031e-02   3.3119500e+04   1.2000000e-02
  -1.5101740e-02   6.9299952e-02   3.3131400e+04   1.2000000e-02
  -1.4586931e-02   6.6404150e-02   3.3143300e+04   1.2000000e-02
  -1.4063181e-02   6.9676566e-02   3.3155300e+04   1.2000000e-02
  -1.3543530e-02   7.4183562e-02   3.3164200e+04   1.2000000e-02
  -1.3018385e-02   9.0069958e-02   3.3176100e+04   1.2000000e-02
  -1.2499720e-02   8.8282023e-02   3.3185100e+04   1.2000000e-02
  -1.1976134e-02   8.2378580e-02   3.3197000e+04   1.2000000e-02
  -1.1623304e-02   8.7563155e-02   3.3208900e+04   1.2000000e-02
  -1.1106033e-02   8.9945868e-02   3.3217900e+04   1.2000000e-02
  -1.0588845e-02   1.0340460e-01   3.3229800e+04   1.2000000e-02
  -1.0062140e-02   8.5461265e-02   3.3238700e+04   1.2000000e-02
  -9.5377340e-03   5.7558123e-02   3.3250600e+04   1.2000000e-02
  -9.0164460e-03   8.5005520e-02   3.3262600e+04   1.2000000e-02
  -8.6700950e-03   9.4583106e-02   3.3274500e+04   1.2000000e-02
  -8.1518380e-03   1.0263166e-01   3.3286400e+04   1.2000000e-02
  -7.6275140e-03   1.0959689e-01   3.3295300e+04   1.2000000e-02
  -7.1131960e-03   9.3479176e-02   3.3307300e+04   1.2000000e-02
  -6.5875600e-03   1.0690359e-01   3.3319200e+04   1.2000000e-02
  -6.0590520e-03   1.1086322e-01   3.3331100e+04   1.2000000e-02
  -5.5456360e-03   1.1034358e-01   3.3340000e+04   1.2000000e-02
  -5.2017460e-03   8.8158589e-02   3.3349000e+04   1.2000000e-02
  -4.6732390e-03   1.2264458e-01   3.3360900e+04   1.2000000e-02
  -4.1528520e-03   1.1376471e-01   3.3372800e+04   1.2000000e-02
  -3.6329550e-03   1.0252757e-01   3.3381800e+04   1.2000000e-02
  -3.1097790e-03   1.2676079e-01   3.3390700e+04   1.2000000e-02
  -2.5881620e-03   9.3511982e-02   3.3402600e+04   1.2000000e-02
  -2.0626070e-03   9.7399970e-02   3.3411600e+04   1.2000000e-02
  -1.7140400e-03   1.2821399e-01   3.3420500e+04   1.2000000e-02
  -1.1895520e-03   1.5586095e-01   3.3432400e+04   1.2000000e-02
  -6.6801500e-04   1.0314593e-01   3.3441400e+04   1.2000000e-02
  -1.5960200e-04   9.9371990e-02   3.3450300e+04   1.2000000e-02
   3.7235000e-04   1.7184703e-01   3.3462200e+04   1.2000000e-02
