  -7.1407004e-02  -7.6943186e-02   3.7977300e+04   1.2000000e-02
  -7.1406348e-02  -4.7230414e-02   3.7977300e+04   1.2000000e-02
  -7.1240349e-02  -3.2890867e-02   3.7980300e+04   1.2000000e-02
  -7.1226901e-02  -6.7604480e-03   3.7980300e+04   1.2000000e-02
  -7.1072138e-02  -4.9267261e-02   3.7983200e+04   1.2000000e-02
  -7.1052208e-02  -4.0535838e-02   3.7983200e+04   1.2000000e-02
  -7.0877680e-02  -2.2488783e-02   3.7983200e+04   1.2000000e-02
  -7.0705775e-02  -8.6029240e-03   3.7983200e+04   1.2000000e-02
  -7.0704627e-02  -1.0009170e-03   3.7983200e+04   1.2000000e-02
  -7.0529032e-02  -4.0109030e-02   3.7983200e+04   1.2000000e-02
  -7.0527392e-02  -5.0518567e-02   3.7986200e+04   1.2000000e-02
  -7.0376648e-02  -6.6381858e-02   3.7986200e+04   1.2000000e-02
  -7.0378124e-02  -3.5793469e-02   3.7989200e+04   1.2000000e-02
  -7.0193508e-02  -4.6081791e-02   3.7989200e+04   1.2000000e-02
  -7.0015209e-02  -3.6445983e-02   3.7989200e+04   1.2000000e-02
  -7.0019146e-02  -1.8958922e-02   3.7989200e+04   1.2000000e-02
  -6.9841337e-02  -2.3328127e-02   3.7989200e+04   1.2000000e-02
  -6.9833956e-02  -3.8071607e-02   3.7989200e+04   1.2000000e-02
  -6.9663938e-02  -2.5989770e-02   3.7989200e+04   1.2000000e-02
  -6.9669105e-02  -5.6682337e-02   3.7989200e+04   1.2000000e-02
  -6.9485718e-02  -4.4758721e-02   3.7989200e+04   1.2000000e-02
  -6.9310862e-02  -3.2495225e-02   3.7986200e+04   1.2000000e-02
  -6.9314552e-02  -4.1496072e-02   3.7986200e+04   1.2000000e-02
  -6.9141746e-02  -4.4980737e-02   3.7986200e+04   1.2000000e-02
  -6.9141090e-02  -4.8406266e-02   3.7983200e+04   1.2000000e-02
  -6.8979114e-02  -5.4145443e-02   3.7983200e+04   1.2000000e-02
  -6.8985921e-02  -7.6872210e-03   3.7980300e+04   1.2000000e-02
  -6.8801223e-02  -7.6955870e-03   3.7980300e+04   1.2000000e-02
  -6.8625710e-02  -5.4643590e-03   3.7980300e+04   1.2000000e-02
  -6.8622593e-02  -2.9822346e-02   3.7977300e+04   1.2000000e-02
  -6.8454708e-02  -3.5442032e-02   3.7977300e+04   1.2000000e-02
  -6.8450443e-02  -5.4372544e-02   3.7977300e+04   1.2000000e-02
  -6.8275914e-02  -3.6276457e-02   3.7980300e+04   1.2000000e-02
  -6.8287561e-02  -2.2879422e-02   3.7983200e+04   1.2000000e-02
  -6.8116477e-02  -6.4272100e-02   3.7986200e+04   1.2000000e-02
  -6.7938588e-02  -7.7135594e-02   3.7986200e+04   1.2000000e-02
  -6.7923252e-02  -4.1803465e-02   3.7989200e+04   1.2000000e-02
  -6.7757663e-02  -1.3812132e-02   3.7989200e+04   1.2000000e-02
  -6.7752250e-02  -2.8468764e-02   3.7986200e+04   1.2000000e-02
  -6.7571324e-02  -2.4877887e-02   3.7986200e+04   1.2000000e-02
  -6.7564188e-02   3.7860750e-03   3.7986200e+04   1.2000000e-02
  -6.7396549e-02  -3.2374087e-02   3.7983200e+04   1.2000000e-02
  -6.7227351e-02  -4.6417450e-03   3.7980300e+04   1.2000000e-02
  -6.7222185e-02  -1.2396954e-02   3.7980300e+04   1.2000000e-02
  -6.7060778e-02  -4.1166862e-02   3.7977300e+04   1.2000000e-02
  -6.7064961e-02  -1.0485341e-02   3.7977300e+04   1.2000000e-02
  -6.6896258e-02  -1.8435502e-02   3.7977300e+04   1.2000000e-02
  -6.6897242e-02  -1.3383846e-02   3.7977300e+04   1.2000000e-02
  -6.6724600e-02   1.1055596e-02   3.7977300e+04   1.2000000e-02
  -6.6553023e-02  -1.7911998e-02   3.7980300e+04   1.2000000e-02
  -6.6556878e-02  -1.2350206e-02   3.7977300e+04   1.2000000e-02
  -6.6379397e-02  -3.2954429e-02   3.7974300e+04   1.2000000e-02
  -6.6380627e-02  -3.5641741e-02   3.7974300e+04   1.2000000e-02
  -6.6201916e-02  -2.5432968e-02   3.7974300e+04   1.2000000e-02
  -6.6205689e-02  -3.3555436e-02   3.7977300e+04   1.2000000e-02
  -6.6021810e-02  -1.1835806e-02   3.7977300e+04   1.2000000e-02
  -6.6016233e-02  -2.6003221e-02   3.7980300e+04   1.2000000e-02
  -6.5858029e-02  -4.4186828e-02   3.7980300e+04   1.2000000e-02
  -6.5681942e-02  -3.8169943e-02   3.7980300e+04   1.2000000e-02
  -6.5673412e-02  -3.5060415e-02   3.7977300e+04   1.2000000e-02
  -6.5520372e-02  -1.8500376e-02   3.7977300e+04   1.2000000e-02
  -6.5513810e-02   7.8140990e-03   3.7977300e+04   1.2000000e-02
  -6.5339774e-02  -2.7727019e-02   3.7977300e+04   1.2000000e-02
  -6.5334279e-02  -3.5483942e-02   3.7977300e+04   1.2000000e-02
  -6.5172052e-02  -2.0861598e-02   3.7974300e+04   1.2000000e-02
  -6.5000968e-02  -7.5172860e-03   3.7974300e+04   1.2000000e-02
  -6.5005151e-02  -2.2831361e-02   3.7977300e+04   1.2000000e-02
  -6.4828902e-02  -4.2000631e-02   3.7977300e+04   1.2000000e-02
  -6.4816108e-02  -4.3381275e-02   3.7977300e+04   1.2000000e-02
  -6.4641415e-02  -4.0137572e-02   3.7977300e+04   1.2000000e-02
  -6.4630507e-02  -4.1011771e-02   3.7977300e+04   1.2000000e-02
  -6.4445153e-02  -3.0307795e-02   3.7977300e+04   1.2000000e-02
  -6.4284649e-02  -2.5562634e-02   3.7977300e+04   1.2000000e-02
  -6.4281942e-02  -3.9198661e-02   3.7980300e+04   1.2000000e-02
  -6.4129476e-02  -9.4115130e-03   3.7980300e+04   1.2000000e-02
  -6.4119060e-02  -1.4070070e-02   3.7980300e+04   1.2000000e-02
  -6.3940020e-02   6.5572140e-03   3.7980300e+04   1.2000000e-02
  -6.3946663e-02  -1.0516097e-02   3.7980300e+04   1.2000000e-02
  -6.3759096e-02  -2.2323790e-03   3.7980300e+04   1.2000000e-02
  -6.3595722e-02  -7.0813740e-03   3.7980300e+04   1.2000000e-02
  -6.3590637e-02   8.7417760e-03   3.7980300e+04   1.2000000e-02
  -6.3430461e-02  -1.8022473e-02   3.7980300e+04   1.2000000e-02
  -6.3431527e-02  -1.7866725e-02   3.7980300e+04   1.2000000e-02
  -6.3255030e-02  -1.5819704e-02   3.7980300e+04   1.2000000e-02
  -6.3249617e-02  -1.7431796e-02   3.7980300e+04   1.2000000e-02
  -6.3090179e-02   6.5647600e-03   3.7983200e+04   1.2000000e-02
  -6.2914749e-02  -3.4570948e-02   3.7983200e+04   1.2000000e-02
  -6.2915815e-02  -5.3461681e-02   3.7983200e+04   1.2000000e-02
  -6.2740386e-02  -3.8762996e-02   3.7983200e+04   1.2000000e-02
  -6.2742190e-02  -2.8058033e-02   3.7983200e+04   1.2000000e-02
  -6.2562085e-02  -2.8429725e-02   3.7983200e+04   1.2000000e-02
  -6.2569302e-02  -8.4154370e-03   3.7980300e+04   1.2000000e-02
  -6.2391165e-02  -3.1411900e-04   3.7980300e+04   1.2000000e-02
  -6.2217210e-02  -1.0311467e-02   3.7980300e+04   1.2000000e-02
  -6.2212043e-02  -1.6697514e-02   3.7977300e+04   1.2000000e-02
  -6.2038089e-02  -3.2317004e-02   3.7977300e+04   1.2000000e-02
  -6.2048013e-02  -1.4181365e-02   3.7977300e+04   1.2000000e-02
  -6.1858065e-02  -2.2071079e-02   3.7977300e+04   1.2000000e-02
  -6.1861428e-02  -3.2759642e-02   3.7980300e+04   1.2000000e-02
  -6.1673864e-02  -1.5488442e-02   3.7980300e+04   1.2000000e-02
  -6.1507537e-02  -1.2201840e-02   3.7977300e+04   1.2000000e-02
  -6.1506881e-02  -2.5074560e-02   3.7977300e+04   1.2000000e-02
  -6.1345474e-02  -3.0387540e-03   3.7977300e+04   1.2000000e-02
  -6.1335715e-02  -9.7462990e-03   3.7977300e+04   1.2000000e-02
  -6.1165861e-02  -1.7971787e-02   3.7977300e+04   1.2000000e-02
  -6.1166353e-02  -5.1678740e-03   3.7980300e+04   1.2000000e-02
  -6.0993711e-02  -8.8096850e-03   3.7977300e+04   1.2000000e-02
  -6.0815409e-02  -5.3024610e-03   3.7974300e+04   1.2000000e-02
  -6.0812949e-02  -1.1747639e-02   3.7974300e+04   1.2000000e-02
  -6.0645148e-02  -1.3312738e-02   3.7974300e+04   1.2000000e-02
  -6.0651873e-02  -3.0277449e-02   3.7977300e+04   1.2000000e-02
  -6.0473079e-02  -1.4520334e-02   3.7977300e+04   1.2000000e-02
  -6.0466108e-02   6.9221000e-05   3.7974300e+04   1.2000000e-02
  -6.0298633e-02  -6.0790640e-03   3.7974300e+04   1.2000000e-02
  -6.0126319e-02  -3.6091841e-02   3.7971300e+04   1.2000000e-02
  -6.0134602e-02  -3.3789015e-02   3.7968300e+04   1.2000000e-02
  -5.9954579e-02  -1.6128328e-02   3.7968300e+04   1.2000000e-02
  -5.9966717e-02  -2.2639937e-02   3.7974300e+04   1.2000000e-02
  -5.9775129e-02  -2.9146703e-02   3.7974300e+04   1.2000000e-02
  -5.9779476e-02  -3.2810902e-02   3.7977300e+04   1.2000000e-02
  -5.9617005e-02  -3.3491382e-02   3.7977300e+04   1.2000000e-02
  -5.9439606e-02  -4.3738534e-02   3.7980300e+04   1.2000000e-02
  -5.9436900e-02  -3.4823700e-04   3.7980300e+04   1.2000000e-02
  -5.9245394e-02  -1.9585356e-02   3.7980300e+04   1.2000000e-02
  -5.9261469e-02  -2.9807584e-02   3.7983200e+04   1.2000000e-02
  -5.9077837e-02  -1.2808016e-02   3.7980300e+04   1.2000000e-02
  -5.9079559e-02  -3.8772592e-02   3.7980300e+04   1.2000000e-02
  -5.8895107e-02  -2.1071638e-02   3.7980300e+04   1.2000000e-02
  -5.8719840e-02   1.1714343e-02   3.7980300e+04   1.2000000e-02
  -5.8717789e-02  -5.9255310e-03   3.7977300e+04   1.2000000e-02
  -5.8555975e-02  -1.3774733e-02   3.7977300e+04   1.2000000e-02
  -5.8546543e-02   7.7461080e-03   3.7977300e+04   1.2000000e-02
  -5.8378248e-02  -1.2320270e-02   3.7980300e+04   1.2000000e-02
  -5.8383005e-02  -4.6203390e-03   3.7980300e+04   1.2000000e-02
  -5.8211265e-02  -3.4656572e-02   3.7983200e+04   1.2000000e-02
  -5.8022137e-02  -5.4045794e-02   3.7983200e+04   1.2000000e-02
  -5.8028289e-02   3.9466610e-03   3.7983200e+04   1.2000000e-02
  -5.7860813e-02  -1.2845169e-02   3.7983200e+04   1.2000000e-02
  -5.7857533e-02   6.5052990e-03   3.7983200e+04   1.2000000e-02
  -5.7677263e-02  -5.9489060e-03   3.7983200e+04   1.2000000e-02
  -5.7680872e-02  -2.3851385e-02   3.7983200e+04   1.2000000e-02
  -5.7503885e-02  -1.3439534e-02   3.7986200e+04   1.2000000e-02
  -5.7336819e-02  -1.5669616e-02   3.7986200e+04   1.2000000e-02
  -5.7323697e-02  -1.2882486e-02   3.7989200e+04   1.2000000e-02
  -5.7161635e-02   1.6528486e-02   3.7986200e+04   1.2000000e-02
  -5.7161389e-02  -1.4130761e-02   3.7983200e+04   1.2000000e-02
  -5.6982513e-02  -4.8787309e-02   3.7983200e+04   1.2000000e-02
  -5.6984318e-02  -1.6476975e-02   3.7980300e+04   1.2000000e-02
  -5.6807493e-02  -3.1321667e-02   3.7980300e+04   1.2000000e-02
  -5.6801013e-02  -1.2528918e-02   3.7980300e+04   1.2000000e-02
  -5.6638951e-02   3.8201940e-03   3.7977300e+04   1.2000000e-02
  -5.6457617e-02  -2.3055344e-02   3.7974300e+04   1.2000000e-02
  -5.6453516e-02  -2.8712678e-02   3.7974300e+04   1.2000000e-02
  -5.6283827e-02  -2.9317870e-02   3.7974300e+04   1.2000000e-02
  -5.6286123e-02  -2.4051911e-02   3.7974300e+04   1.2000000e-02
  -5.6103967e-02   8.8521690e-03   3.7974300e+04   1.2000000e-02
  -5.6106756e-02   9.6517370e-03   3.7971300e+04   1.2000000e-02
  -5.5940593e-02  -3.4372883e-02   3.7971300e+04   1.2000000e-02
  -5.5782877e-02  -1.2871742e-02   3.7974300e+04   1.2000000e-02
  -5.5780417e-02  -3.0363154e-02   3.7977300e+04   1.2000000e-02
  -5.5610399e-02  -3.1269424e-02   3.7977300e+04   1.2000000e-02
  -5.5595472e-02  -8.5792220e-03   3.7977300e+04   1.2000000e-02
  -5.5422750e-02  -2.2535450e-02   3.7977300e+04   1.2000000e-02
  -5.5422340e-02   1.3440604e-02   3.7977300e+04   1.2000000e-02
  -5.5241168e-02  -8.5932470e-03   3.7977300e+04   1.2000000e-02
  -5.5085421e-02  -2.1140941e-02   3.7977300e+04   1.2000000e-02
  -5.5063769e-02  -2.4945468e-02   3.7977300e+04   1.2000000e-02
  -5.4893095e-02   3.7207910e-03   3.7977300e+04   1.2000000e-02
  -5.4893423e-02  -4.6530630e-03   3.7977300e+04   1.2000000e-02
  -5.4728490e-02   3.1764500e-04   3.7977300e+04   1.2000000e-02
  -5.4724553e-02  -1.9084652e-02   3.7977300e+04   1.2000000e-02
  -5.4556422e-02  -1.3730691e-02   3.7977300e+04   1.2000000e-02
  -5.4391899e-02  -2.5642130e-03   3.7977300e+04   1.2000000e-02
  -5.4380827e-02  -4.0794460e-03   3.7977300e+04   1.2000000e-02
  -5.4201870e-02  -1.4207528e-02   3.7977300e+04   1.2000000e-02
  -5.4204330e-02  -9.3202200e-04   3.7980300e+04   1.2000000e-02
  -5.4032016e-02  -2.6635804e-02   3.7977300e+04   1.2000000e-02
  -5.4031934e-02  -1.1906503e-02   3.7974300e+04   1.2000000e-02
  -5.3856749e-02   7.3065060e-03   3.7974300e+04   1.2000000e-02
  -5.3677792e-02  -8.2542750e-03   3.7974300e+04   1.2000000e-02
  -5.3680662e-02  -5.0528163e-02   3.7974300e+04   1.2000000e-02
  -5.3516140e-02   9.1288890e-03   3.7977300e+04   1.2000000e-02
  -5.3506708e-02   1.4255675e-02   3.7977300e+04   1.2000000e-02
  -5.3335544e-02  -1.1801195e-02   3.7977300e+04   1.2000000e-02
  -5.3342269e-02  -1.3472668e-02   3.7974300e+04   1.2000000e-02
  -5.3155766e-02  -3.2880615e-02   3.7974300e+04   1.2000000e-02
  -5.2994360e-02  -1.4918764e-02   3.7974300e+04   1.2000000e-02
  -5.2981402e-02  -1.1836954e-02   3.7977300e+04   1.2000000e-02
  -5.2820652e-02   1.5665191e-02   3.7977300e+04   1.2000000e-02
  -5.2816633e-02  -1.3822060e-03   3.7977300e+04   1.2000000e-02
  -5.2652274e-02  -5.8666440e-03   3.7974300e+04   1.2000000e-02
  -5.2656867e-02  -2.7513779e-02   3.7974300e+04   1.2000000e-02
  -5.2478238e-02  -1.7003266e-02   3.7977300e+04   1.2000000e-02
  -5.2313799e-02  -3.6592000e-03   3.7983200e+04   1.2000000e-02
  -5.2318392e-02   1.5278653e-02   3.7983200e+04   1.2000000e-02
  -5.2131725e-02   7.0307710e-03   3.7983200e+04   1.2000000e-02
  -5.2124918e-02   2.3126795e-02   3.7980300e+04   1.2000000e-02
  -5.1944402e-02   5.8223540e-03   3.7980300e+04   1.2000000e-02
  -5.1954162e-02  -1.1165248e-02   3.7977300e+04   1.2000000e-02
  -5.1776188e-02  -4.7309313e-02   3.7977300e+04   1.2000000e-02
  -5.1602152e-02  -3.1168627e-02   3.7977300e+04   1.2000000e-02
  -5.1594360e-02   1.2676960e-02   3.7977300e+04   1.2000000e-02
  -5.1411056e-02   7.3164300e-03   3.7977300e+04   1.2000000e-02
  -5.1416633e-02  -2.6876273e-02   3.7977300e+04   1.2000000e-02
  -5.1234725e-02   2.3742484e-02   3.7977300e+04   1.2000000e-02
  -5.1229558e-02  -1.2105554e-02   3.7974300e+04   1.2000000e-02
  -5.1071843e-02   1.2985337e-02   3.7974300e+04   1.2000000e-02
  -5.0897396e-02   7.8993950e-03   3.7974300e+04   1.2000000e-02
  -5.0890343e-02   1.6603180e-03   3.7977300e+04   1.2000000e-02
  -5.0713928e-02  -1.6788304e-02   3.7974300e+04   1.2000000e-02
  -5.0706957e-02   2.1853000e-03   3.7974300e+04   1.2000000e-02
  -5.0544812e-02  -1.2181828e-02   3.7974300e+04   1.2000000e-02
  -5.0536037e-02   3.6169141e-02   3.7974300e+04   1.2000000e-02
  -5.0383570e-02  -1.0938968e-02   3.7974300e+04   1.2000000e-02
  -5.0210027e-02   3.7663297e-02   3.7974300e+04   1.2000000e-02
  -5.0205352e-02  -1.2790465e-02   3.7974300e+04   1.2000000e-02
  -5.0035580e-02   2.1320322e-02   3.7971300e+04   1.2000000e-02
  -5.0043536e-02   6.9302200e-03   3.7971300e+04   1.2000000e-02
  -4.9877209e-02   2.2967356e-02   3.7974300e+04   1.2000000e-02
  -4.9870565e-02  -2.5105563e-02   3.7977300e+04   1.2000000e-02
  -4.9692018e-02  -4.0667227e-02   3.7977300e+04   1.2000000e-02
  -4.9532662e-02  -1.4198342e-02   3.7977300e+04   1.2000000e-02
  -4.9522410e-02  -1.1673251e-02   3.7977300e+04   1.2000000e-02
  -4.9343289e-02  -6.9214440e-03   3.7974300e+04   1.2000000e-02
  -4.9355099e-02   3.2117200e-04   3.7977300e+04   1.2000000e-02
  -4.9171059e-02   1.0192546e-02   3.7977300e+04   1.2000000e-02
  -4.9167450e-02   2.2860408e-02   3.7977300e+04   1.2000000e-02
  -4.8999155e-02  -1.3772030e-03   3.7974300e+04   1.2000000e-02
  -4.8844884e-02  -1.8323223e-02   3.7974300e+04   1.2000000e-02
  -4.8839635e-02  -2.4382843e-02   3.7974300e+04   1.2000000e-02
  -4.8659611e-02  -3.6942200e-03   3.7977300e+04   1.2000000e-02
  -4.8660021e-02   4.3111400e-03   3.7977300e+04   1.2000000e-02
  -4.8483688e-02   1.5252982e-02   3.7977300e+04   1.2000000e-02
  -4.8483360e-02   1.6615259e-02   3.7977300e+04   1.2000000e-02
  -4.8305715e-02   2.5952063e-02   3.7977300e+04   1.2000000e-02
  -4.8137504e-02   4.2472113e-02   3.7977300e+04   1.2000000e-02
  -4.8131844e-02  -5.9706400e-03   3.7977300e+04   1.2000000e-02
  -4.7953297e-02   7.9217030e-03   3.7977300e+04   1.2000000e-02
  -4.7947556e-02  -1.0191724e-02   3.7977300e+04   1.2000000e-02
  -4.7782705e-02   1.0286360e-03   3.7980300e+04   1.2000000e-02
  -4.7782951e-02  -2.5845259e-02   3.7980300e+04   1.2000000e-02
  -4.7604076e-02  -3.6688255e-02   3.7977300e+04   1.2000000e-02
  -4.7597597e-02   8.9069000e-05   3.7977300e+04   1.2000000e-02
  -4.7429383e-02   1.5220340e-02   3.7974300e+04   1.2000000e-02
  -4.7253870e-02   8.4037090e-03   3.7974300e+04   1.2000000e-02
  -4.7262072e-02   1.9929751e-02   3.7974300e+04   1.2000000e-02
  -4.7070650e-02  -2.5072940e-03   3.7977300e+04   1.2000000e-02
  -4.7078442e-02  -1.1089794e-02   3.7977300e+04   1.2000000e-02
  -4.6904651e-02  -1.7589594e-02   3.7977300e+04   1.2000000e-02
  -4.6908014e-02   7.5265530e-03   3.7980300e+04   1.2000000e-02
  -4.6736520e-02   4.1352150e-03   3.7983200e+04   1.2000000e-02
  -4.6553626e-02  -3.0067680e-03   3.7983200e+04   1.2000000e-02
  -4.6552149e-02   4.2786610e-03   3.7983200e+04   1.2000000e-02
  -4.6372618e-02   6.3643900e-04   3.7983200e+04   1.2000000e-02
  -4.6370895e-02   1.6515430e-03   3.7983200e+04   1.2000000e-02
  -4.6195383e-02   8.7242250e-03   3.7983200e+04   1.2000000e-02
  -4.6195055e-02   3.3235910e-03   3.7983200e+04   1.2000000e-02
  -4.6024216e-02   1.0442190e-03   3.7986200e+04   1.2000000e-02
  -4.5856494e-02  -1.2997226e-02   3.7986200e+04   1.2000000e-02
  -4.5857396e-02   1.6141866e-02   3.7983200e+04   1.2000000e-02
  -4.5679423e-02  -2.2850881e-02   3.7983200e+04   1.2000000e-02
  -4.5677619e-02  -1.1388330e-02   3.7983200e+04   1.2000000e-02
  -4.5503664e-02  -3.0638726e-02   3.7983200e+04   1.2000000e-02
  -4.5496857e-02  -1.2794238e-02   3.7980300e+04   1.2000000e-02
  -4.5330858e-02   1.9444135e-02   3.7980300e+04   1.2000000e-02
  -4.5157724e-02   7.7676780e-03   3.7980300e+04   1.2000000e-02
  -4.5146078e-02   1.0587780e-02   3.7977300e+04   1.2000000e-02
  -4.4972945e-02   3.2904187e-02   3.7977300e+04   1.2000000e-02
  -4.4968270e-02  -1.2070533e-02   3.7977300e+04   1.2000000e-02
  -4.4803584e-02  -3.6516540e-03   3.7980300e+04   1.2000000e-02
  -4.4802927e-02   1.3183650e-02   3.7977300e+04   1.2000000e-02
  -4.4638651e-02  -4.2094430e-03   3.7977300e+04   1.2000000e-02
  -4.4464368e-02  -3.2744660e-03   3.7977300e+04   1.2000000e-02
  -4.4453050e-02   3.4830238e-02   3.7977300e+04   1.2000000e-02
  -4.4278768e-02   1.2321830e-02   3.7977300e+04   1.2000000e-02
  -4.4296155e-02   2.1412999e-02   3.7977300e+04   1.2000000e-02
  -4.4112933e-02   1.9757680e-02   3.7977300e+04   1.2000000e-02
  -4.4120396e-02   1.2435340e-02   3.7977300e+04   1.2000000e-02
  -4.3952430e-02   1.2815710e-03   3.7977300e+04   1.2000000e-02
  -4.3763548e-02  -4.0685380e-03   3.7977300e+04   1.2000000e-02
  -4.3769371e-02  -5.3405160e-03   3.7980300e+04   1.2000000e-02
  -4.3597221e-02   4.3627270e-03   3.7980300e+04   1.2000000e-02
  -4.3601650e-02   2.6264296e-02   3.7983200e+04   1.2000000e-02
  -4.3428434e-02  -1.2316415e-02   3.7983200e+04   1.2000000e-02
  -4.3423759e-02   1.2798998e-02   3.7986200e+04   1.2000000e-02
  -4.3264567e-02   1.9897844e-02   3.7986200e+04   1.2000000e-02
  -4.3090284e-02   5.5372690e-03   3.7983200e+04   1.2000000e-02
  -4.3087086e-02   2.5415847e-02   3.7983200e+04   1.2000000e-02
  -4.2910263e-02   2.8175667e-02   3.7980300e+04   1.2000000e-02
  -4.2896238e-02   7.8772510e-03   3.7977300e+04   1.2000000e-02
  -4.2731797e-02  -1.2752328e-02   3.7974300e+04   1.2000000e-02
  -4.2729501e-02  -1.0161297e-02   3.7974300e+04   1.2000000e-02
  -4.2573508e-02   8.3315340e-03   3.7974300e+04   1.2000000e-02
  -4.2385447e-02   2.9697875e-02   3.7974300e+04   1.2000000e-02
  -4.2382822e-02   3.1652220e-02   3.7974300e+04   1.2000000e-02
  -4.2208458e-02   3.9453287e-02   3.7974300e+04   1.2000000e-02
  -4.2198370e-02   2.6919599e-02   3.7977300e+04   1.2000000e-02
  -4.2026794e-02   2.5975438e-02   3.7977300e+04   1.2000000e-02
  -4.2035651e-02   2.7589503e-02   3.7974300e+04   1.2000000e-02
  -4.1864484e-02   1.9652208e-02   3.7974300e+04   1.2000000e-02
  -4.1689464e-02   2.9435016e-02   3.7977300e+04   1.2000000e-02
  -4.1702340e-02   3.4105631e-02   3.7980300e+04   1.2000000e-02
  -4.1523711e-02   2.9370142e-02   3.7983200e+04   1.2000000e-02
  -4.1519200e-02   1.1354788e-02   3.7986200e+04   1.2000000e-02
  -4.1343769e-02   6.9939460e-03   3.7983200e+04   1.2000000e-02
  -4.1345081e-02  -3.7687720e-03   3.7983200e+04   1.2000000e-02
  -4.1185069e-02   3.0162800e-03   3.7983200e+04   1.2000000e-02
  -4.1002913e-02  -3.6155680e-03   3.7980300e+04   1.2000000e-02
  -4.1000289e-02   6.7748010e-03   3.7980300e+04   1.2000000e-02
  -4.0831337e-02   3.7879819e-02   3.7977300e+04   1.2000000e-02
  -4.0827157e-02  -4.2555350e-03   3.7974300e+04   1.2000000e-02
  -4.0657303e-02   4.3972011e-02   3.7974300e+04   1.2000000e-02
  -4.0657467e-02   3.5860928e-02   3.7977300e+04   1.2000000e-02
  -4.0487941e-02   2.1899268e-02   3.7974300e+04   1.2000000e-02
  -4.0308410e-02  -1.3747750e-02   3.7974300e+04   1.2000000e-02
  -4.0312756e-02   1.9720773e-02   3.7974300e+04   1.2000000e-02
  -4.0135357e-02  -6.5576240e-03   3.7974300e+04   1.2000000e-02
  -4.0126008e-02  -3.0166811e-02   3.7974300e+04   1.2000000e-02
  -3.9965996e-02   4.2746430e-03   3.7974300e+04   1.2000000e-02
  -3.9965996e-02   4.6377691e-02   3.7974300e+04   1.2000000e-02
  -3.9793353e-02   3.6066130e-02   3.7974300e+04   1.2000000e-02
  -3.9602341e-02   9.9681530e-03   3.7974300e+04   1.2000000e-02
  -3.9605703e-02   1.0837025e-02   3.7977300e+04   1.2000000e-02
  -3.9425680e-02   8.0817900e-04   3.7977300e+04   1.2000000e-02
  -3.9433061e-02   2.9042160e-02   3.7977300e+04   1.2000000e-02
  -3.9254842e-02   3.8562760e-02   3.7977300e+04   1.2000000e-02
  -3.9262141e-02   3.5008211e-02   3.7974300e+04   1.2000000e-02
  -3.9096716e-02   2.9625456e-02   3.7974300e+04   1.2000000e-02
  -3.8913412e-02   2.1363052e-02   3.7974300e+04   1.2000000e-02
  -3.8908081e-02   2.1402255e-02   3.7974300e+04   1.2000000e-02
  -3.8725269e-02   2.1506907e-02   3.7974300e+04   1.2000000e-02
  -3.8720020e-02   3.0403920e-03   3.7977300e+04   1.2000000e-02
  -3.8566651e-02   2.1677334e-02   3.7977300e+04   1.2000000e-02
  -3.8560664e-02   4.1928184e-02   3.7977300e+04   1.2000000e-02
  -3.8384741e-02   3.9258254e-02   3.7977300e+04   1.2000000e-02
  -3.8393353e-02   2.6976272e-02   3.7980300e+04   1.2000000e-02
  -3.8228994e-02   4.3960611e-02   3.7980300e+04   1.2000000e-02
  -3.8054876e-02   2.0581527e-02   3.7980300e+04   1.2000000e-02
  -3.8049217e-02   3.8070504e-02   3.7980300e+04   1.2000000e-02
  -3.7873458e-02   1.4898020e-02   3.7977300e+04   1.2000000e-02
  -3.7876328e-02   1.4354913e-02   3.7977300e+04   1.2000000e-02
  -3.7702292e-02   4.6292067e-02   3.7974300e+04   1.2000000e-02
  -3.7703686e-02   2.3230217e-02   3.7974300e+04   1.2000000e-02
  -3.7542117e-02   4.0696000e-04   3.7977300e+04   1.2000000e-02
  -3.7366440e-02   2.7197385e-02   3.7974300e+04   1.2000000e-02
  -3.7365292e-02   2.8535715e-02   3.7974300e+04   1.2000000e-02
  -3.7190271e-02   3.1363279e-02   3.7971300e+04   1.2000000e-02
  -3.7198144e-02   2.6338930e-02   3.7971300e+04   1.2000000e-02
  -3.7026158e-02   4.5018774e-02   3.7971300e+04   1.2000000e-02
  -3.7017055e-02   2.9338071e-02   3.7968300e+04   1.2000000e-02
  -3.6840804e-02   3.0390084e-02   3.7968300e+04   1.2000000e-02
  -3.6667505e-02   1.6197719e-02   3.7968300e+04   1.2000000e-02
  -3.6650938e-02   7.6916500e-03   3.7968300e+04   1.2000000e-02
  -3.6480675e-02   2.4998714e-02   3.7971300e+04   1.2000000e-02
  -3.6466897e-02   4.4710150e-02   3.7974300e+04   1.2000000e-02
  -3.6303850e-02   5.6614863e-02   3.7974300e+04   1.2000000e-02
  -3.6302046e-02   4.5351512e-02   3.7974300e+04   1.2000000e-02
  -3.6119644e-02   1.7987542e-02   3.7977300e+04   1.2000000e-02
  -3.5939210e-02   2.6699060e-02   3.7980300e+04   1.2000000e-02
  -3.5950856e-02   2.3725753e-02   3.7980300e+04   1.2000000e-02
  -3.5781249e-02   2.3370627e-02   3.7980300e+04   1.2000000e-02
  -3.5793141e-02   3.5773499e-02   3.7980300e+04   1.2000000e-02
  -3.5624107e-02   4.5710739e-02   3.7977300e+04   1.2000000e-02
  -3.5621975e-02  -1.0173200e-03   3.7977300e+04   1.2000000e-02
  -3.5428664e-02   9.6154050e-03   3.7974300e+04   1.2000000e-02
  -3.5256104e-02   2.8411872e-02   3.7974300e+04   1.2000000e-02
  -3.5245278e-02   4.4728111e-02   3.7977300e+04   1.2000000e-02
  -3.5083297e-02   4.9843090e-02   3.7977300e+04   1.2000000e-02
  -3.5083297e-02   4.0291156e-02   3.7977300e+04   1.2000000e-02
  -3.4919103e-02   3.6980684e-02   3.7977300e+04   1.2000000e-02
  -3.4921235e-02   3.3253244e-02   3.7974300e+04   1.2000000e-02
  -3.4743590e-02   4.6250731e-02   3.7974300e+04   1.2000000e-02
  -3.4580297e-02   6.4853563e-02   3.7974300e+04   1.2000000e-02
  -3.4576689e-02   3.7956995e-02   3.7974300e+04   1.2000000e-02
  -3.4402326e-02   8.5112310e-03   3.7977300e+04   1.2000000e-02
  -3.4406263e-02   2.5520088e-02   3.7977300e+04   1.2000000e-02
  -3.4236491e-02   2.0796735e-02   3.7977300e+04   1.2000000e-02
  -3.4230914e-02   2.9448795e-02   3.7977300e+04   1.2000000e-02
  -3.4045231e-02   4.7609317e-02   3.7977300e+04   1.2000000e-02
  -3.3876034e-02   3.7373865e-02   3.7974300e+04   1.2000000e-02
  -3.3871523e-02   6.5857432e-02   3.7974300e+04   1.2000000e-02
  -3.3703966e-02   4.8453421e-02   3.7971300e+04   1.2000000e-02
  -3.3701587e-02   5.1494964e-02   3.7974300e+04   1.2000000e-02
  -3.3517463e-02   3.6348263e-02   3.7974300e+04   1.2000000e-02
  -3.3526074e-02   5.8035536e-02   3.7971300e+04   1.2000000e-02
  -3.3348102e-02   4.5605513e-02   3.7968300e+04   1.2000000e-02
  -3.3181283e-02   1.7687938e-02   3.7968300e+04   1.2000000e-02
  -3.3177100e-02  -1.4225580e-03   3.7971300e+04   1.2000000e-02
  -3.3008887e-02   2.4944584e-02   3.7974300e+04   1.2000000e-02
  -3.3003146e-02   3.6411414e-02   3.7974300e+04   1.2000000e-02
  -3.2834768e-02   4.1332179e-02   3.7977300e+04   1.2000000e-02
  -3.2826895e-02   5.8782780e-02   3.7977300e+04   1.2000000e-02
  -3.2644165e-02   5.2280097e-02   3.7980300e+04   1.2000000e-02
  -3.2469718e-02   5.3043087e-02   3.7980300e+04   1.2000000e-02
  -3.2473327e-02   7.0883097e-02   3.7977300e+04   1.2000000e-02
  -3.2306014e-02   5.5702852e-02   3.7974300e+04   1.2000000e-02
  -3.2301996e-02   3.8974317e-02   3.7968300e+04   1.2000000e-02
  -3.2132634e-02   5.8426749e-02   3.7968300e+04   1.2000000e-02
  -3.2133126e-02   2.4734953e-02   3.7968300e+04   1.2000000e-02
  -3.1964093e-02   2.0830443e-02   3.7971300e+04   1.2000000e-02
  -3.1782429e-02   4.1454792e-02   3.7974300e+04   1.2000000e-02
  -3.1791860e-02   5.6699996e-02   3.7974300e+04   1.2000000e-02
  -3.1622663e-02   5.7716496e-02   3.7977300e+04   1.2000000e-02
  -3.1607162e-02   6.8130246e-02   3.7977300e+04   1.2000000e-02
  -3.1441409e-02   4.9759107e-02   3.7977300e+04   1.2000000e-02
  -3.1451005e-02   7.3166242e-02   3.7977300e+04   1.2000000e-02
  -3.1269916e-02   8.1854840e-02   3.7974300e+04   1.2000000e-02
  -3.1094403e-02   2.9982550e-02   3.7974300e+04   1.2000000e-02
  -3.1106705e-02   5.5426951e-02   3.7974300e+04   1.2000000e-02
  -3.0920449e-02   6.9829230e-02   3.7974300e+04   1.2000000e-02
  -3.0929388e-02   5.3004622e-02   3.7977300e+04   1.2000000e-02
  -3.0751333e-02   5.7048726e-02   3.7977300e+04   1.2000000e-02
  -3.0741737e-02   4.8482208e-02   3.7977300e+04   1.2000000e-02
  -3.0576230e-02   3.3131370e-02   3.7977300e+04   1.2000000e-02
  -3.0392762e-02   8.0245910e-02   3.7977300e+04   1.2000000e-02
  -3.0395222e-02   7.0329083e-02   3.7974300e+04   1.2000000e-02
  -3.0223647e-02   5.3264611e-02   3.7974300e+04   1.2000000e-02
  -3.0222171e-02   2.5170539e-02   3.7974300e+04   1.2000000e-02
  -3.0052973e-02   2.7048281e-02   3.7974300e+04   1.2000000e-02
  -3.0045756e-02   3.7057778e-02   3.7974300e+04   1.2000000e-02
  -2.9874508e-02   3.3482313e-02   3.7974300e+04   1.2000000e-02
  -2.9699569e-02   3.7180555e-02   3.7974300e+04   1.2000000e-02
  -2.9702440e-02   5.8656010e-02   3.7974300e+04   1.2000000e-02
  -2.9522498e-02   4.3028917e-02   3.7977300e+04   1.2000000e-02
  -2.9527501e-02   7.8261537e-02   3.7980300e+04   1.2000000e-02
  -2.9352070e-02   3.7529612e-02   3.7980300e+04   1.2000000e-02
  -2.9359042e-02   1.3998557e-02   3.7980300e+04   1.2000000e-02
  -2.9175901e-02   1.9424287e-02   3.7980300e+04   1.2000000e-02
  -2.9172784e-02   3.4168290e-02   3.7977300e+04   1.2000000e-02
  -2.9001864e-02   1.0165794e-01   3.7974300e+04   1.2000000e-02
  -2.8816755e-02   6.9463982e-02   3.7971300e+04   1.2000000e-02
  -2.8828730e-02   5.1916277e-02   3.7971300e+04   1.2000000e-02
  -2.8663633e-02   5.0673086e-02   3.7974300e+04   1.2000000e-02
  -2.8649280e-02   6.1487813e-02   3.7974300e+04   1.2000000e-02
  -2.8487546e-02   5.8280926e-02   3.7971300e+04   1.2000000e-02
  -2.8484347e-02   5.6147457e-02   3.7971300e+04   1.2000000e-02
  -2.8310393e-02   5.5094378e-02   3.7971300e+04   1.2000000e-02
  -2.8132421e-02   2.7524055e-02   3.7974300e+04   1.2000000e-02
  -2.8138900e-02   3.2398396e-02   3.7974300e+04   1.2000000e-02
  -2.7969210e-02   9.2307600e-02   3.7974300e+04   1.2000000e-02
  -2.7961747e-02   6.8566981e-02   3.7971300e+04   1.2000000e-02
  -2.7789432e-02   4.0022310e-02   3.7974300e+04   1.2000000e-02
  -2.7790827e-02   6.7719513e-02   3.7974300e+04   1.2000000e-02
  -2.7622941e-02   7.6472532e-02   3.7974300e+04   1.2000000e-02
  -2.7449725e-02   6.0098061e-02   3.7971300e+04   1.2000000e-02
  -2.7436603e-02   5.0986467e-02   3.7968300e+04   1.2000000e-02
  -2.7269127e-02   3.8856707e-02   3.7968300e+04   1.2000000e-02
  -2.7268635e-02   6.5377725e-02   3.7968300e+04   1.2000000e-02
  -2.7094844e-02   4.2017830e-02   3.7971300e+04   1.2000000e-02
  -2.7075734e-02   5.2094496e-02   3.7974300e+04   1.2000000e-02
  -2.6909161e-02   6.0170071e-02   3.7974300e+04   1.2000000e-02
  -2.6728727e-02   4.6480702e-02   3.7974300e+04   1.2000000e-02
  -2.6736191e-02   4.2427415e-02   3.7971300e+04   1.2000000e-02
  -2.6560924e-02   7.6552089e-02   3.7974300e+04   1.2000000e-02
  -2.6575933e-02   9.6049951e-02   3.7974300e+04   1.2000000e-02
  -2.6397303e-02   6.5221158e-02   3.7977300e+04   1.2000000e-02
  -2.6384755e-02   5.2664996e-02   3.7977300e+04   1.2000000e-02
  -2.6206782e-02   7.4826073e-02   3.7980300e+04   1.2000000e-02
  -2.6053578e-02   4.2083524e-02   3.7980300e+04   1.2000000e-02
  -2.6054398e-02   5.8803447e-02   3.7977300e+04   1.2000000e-02
  -2.5865189e-02   1.0035355e-01   3.7977300e+04   1.2000000e-02
  -2.5877409e-02   6.4872672e-02   3.7977300e+04   1.2000000e-02
  -2.5697960e-02   9.0639883e-02   3.7977300e+04   1.2000000e-02
  -2.5703947e-02   8.1843811e-02   3.7980300e+04   1.2000000e-02
  -2.5534831e-02   7.9948022e-02   3.7980300e+04   1.2000000e-02
  -2.5356366e-02   7.7321885e-02   3.7977300e+04   1.2000000e-02
  -2.5352839e-02   6.2712139e-02   3.7974300e+04   1.2000000e-02
  -2.5173636e-02   7.8373870e-02   3.7974300e+04   1.2000000e-02
  -2.5177654e-02   9.4855830e-02   3.7977300e+04   1.2000000e-02
  -2.4992381e-02   1.1188940e-01   3.7977300e+04   1.2000000e-02
  -2.4992545e-02   6.9062599e-02   3.7980300e+04   1.2000000e-02
  -2.4817770e-02   4.2100994e-02   3.7980300e+04   1.2000000e-02
  -2.4642093e-02   5.5694733e-02   3.7983200e+04   1.2000000e-02
  -2.4639633e-02   4.9286944e-02   3.7980300e+04   1.2000000e-02
  -2.4466253e-02   4.3401267e-02   3.7980300e+04   1.2000000e-02
  -2.4466253e-02   8.7104279e-02   3.7977300e+04   1.2000000e-02
  -2.4295005e-02   6.7609531e-02   3.7977300e+04   1.2000000e-02
  -2.4300664e-02   4.6642108e-02   3.7977300e+04   1.2000000e-02
  -2.4128267e-02   5.2433139e-02   3.7977300e+04   1.2000000e-02
  -2.3939305e-02   6.0419971e-02   3.7977300e+04   1.2000000e-02
  -2.3947835e-02   6.2786281e-02   3.7977300e+04   1.2000000e-02
  -2.3784050e-02   6.1382833e-02   3.7977300e+04   1.2000000e-02
  -2.3784296e-02   7.2288841e-02   3.7977300e+04   1.2000000e-02
  -2.3615098e-02   6.1287368e-02   3.7977300e+04   1.2000000e-02
  -2.3608455e-02   6.1372992e-02   3.7977300e+04   1.2000000e-02
  -2.3425561e-02   6.9610390e-02   3.7977300e+04   1.2000000e-02
  -2.3257922e-02   8.1169630e-02   3.7974300e+04   1.2000000e-02
  -2.3261858e-02   4.5251617e-02   3.7974300e+04   1.2000000e-02
  -2.3094957e-02   5.2107372e-02   3.7971300e+04   1.2000000e-02
  -2.3086838e-02   5.2408943e-02   3.7968300e+04   1.2000000e-02
  -2.2909604e-02   7.9261141e-02   3.7974300e+04   1.2000000e-02
  -2.2903042e-02   6.6799546e-02   3.7977300e+04   1.2000000e-02
  -2.2710799e-02   7.7479928e-02   3.7977300e+04   1.2000000e-02
  -2.2556774e-02   6.2350205e-02   3.7977300e+04   1.2000000e-02
  -2.2552509e-02   5.9853164e-02   3.7977300e+04   1.2000000e-02
  -2.2383147e-02   7.3538266e-02   3.7977300e+04   1.2000000e-02
  -2.2378718e-02   5.8005764e-02   3.7977300e+04   1.2000000e-02
  -2.2203452e-02   4.1758085e-02   3.7977300e+04   1.2000000e-02
  -2.2205420e-02   4.5220287e-02   3.7977300e+04   1.2000000e-02
  -2.2044014e-02   6.1164345e-02   3.7977300e+04   1.2000000e-02
  -2.1860954e-02   7.5574218e-02   3.7980300e+04   1.2000000e-02
  -2.1868991e-02   8.0292979e-02   3.7977300e+04   1.2000000e-02
  -2.1692822e-02   8.0266734e-02   3.7977300e+04   1.2000000e-02
  -2.1707503e-02   6.5541263e-02   3.7977300e+04   1.2000000e-02
  -2.1526249e-02   4.7988884e-02   3.7977300e+04   1.2000000e-02
  -2.1511897e-02   4.9458602e-02   3.7974300e+04   1.2000000e-02
  -2.1340238e-02   5.6764953e-02   3.7974300e+04   1.2000000e-02
  -2.1181375e-02   4.7328988e-02   3.7974300e+04   1.2000000e-02
  -2.1181703e-02   5.4915667e-02   3.7977300e+04   1.2000000e-02
  -2.1021937e-02   8.0631950e-02   3.7974300e+04   1.2000000e-02
  -2.1020625e-02   9.3217390e-02   3.7974300e+04   1.2000000e-02
  -2.0842652e-02   7.3283196e-02   3.7977300e+04   1.2000000e-02
  -2.0838962e-02   5.3222373e-02   3.7977300e+04   1.2000000e-02
  -2.0655658e-02   5.0126453e-02   3.7977300e+04   1.2000000e-02
  -2.0498598e-02   6.9446267e-02   3.7977300e+04   1.2000000e-02
  -2.0496466e-02   4.0525556e-02   3.7980300e+04   1.2000000e-02
  -2.0327596e-02   4.2255921e-02   3.7977300e+04   1.2000000e-02
  -2.0323413e-02   5.6264247e-02   3.7977300e+04   1.2000000e-02
  -2.0152576e-02   5.5730409e-02   3.7977300e+04   1.2000000e-02
  -2.0138961e-02   7.0969131e-02   3.7977300e+04   1.2000000e-02
  -1.9963612e-02   8.3621140e-02   3.7977300e+04   1.2000000e-02
  -1.9964022e-02   7.4191518e-02   3.7977300e+04   1.2000000e-02
  -1.9787851e-02   5.0287531e-02   3.7977300e+04   1.2000000e-02
  -1.9617177e-02   5.6511031e-02   3.7977300e+04   1.2000000e-02
  -1.9608812e-02   6.2890030e-02   3.7974300e+04   1.2000000e-02
  -1.9436580e-02   9.5354132e-02   3.7974300e+04   1.2000000e-02
  -1.9433053e-02   8.8181800e-02   3.7974300e+04   1.2000000e-02
  -1.9258524e-02   8.0555592e-02   3.7977300e+04   1.2000000e-02
  -1.9271401e-02   6.7018526e-02   3.7977300e+04   1.2000000e-02
  -1.9104254e-02   6.2808261e-02   3.7974300e+04   1.2000000e-02
  -1.8931365e-02   4.6296742e-02   3.7968300e+04   1.2000000e-02
  -1.8942847e-02   8.9115140e-02   3.7968300e+04   1.2000000e-02
  -1.8765531e-02   6.1380291e-02   3.7965400e+04   1.2000000e-02
  -1.8744453e-02   6.4425443e-02   3.7962400e+04   1.2000000e-02
  -1.8566316e-02   7.9036911e-02   3.7965400e+04   1.2000000e-02
  -1.8574190e-02   7.2813986e-02   3.7968300e+04   1.2000000e-02
  -1.8394740e-02   4.7137153e-02   3.7968300e+04   1.2000000e-02
  -1.8210698e-02   7.8210934e-02   3.7971300e+04   1.2000000e-02
  -1.8226937e-02   5.5279241e-02   3.7971300e+04   1.2000000e-02
  -1.8030346e-02   2.0034648e-02   3.7971300e+04   1.2000000e-02
  -1.8039532e-02   8.1954020e-02   3.7974300e+04   1.2000000e-02
  -1.7855735e-02   9.0337210e-02   3.7974300e+04   1.2000000e-02
  -1.7861066e-02   5.2394836e-02   3.7977300e+04   1.2000000e-02
  -1.7686372e-02   7.4522207e-02   3.7977300e+04   1.2000000e-02
  -1.7524145e-02   9.3519830e-02   3.7980300e+04   1.2000000e-02
  -1.7535381e-02   7.3471751e-02   3.7980300e+04   1.2000000e-02
  -1.7347074e-02   7.3300173e-02   3.7980300e+04   1.2000000e-02
  -1.7352815e-02   9.7083590e-02   3.7980300e+04   1.2000000e-02
  -1.7168035e-02   1.2489446e-01   3.7980300e+04   1.2000000e-02
  -1.7169593e-02   8.7344010e-02   3.7980300e+04   1.2000000e-02
  -1.6998509e-02   4.1179384e-02   3.7977300e+04   1.2000000e-02
  -1.6819634e-02   3.0010682e-02   3.7974300e+04   1.2000000e-02
  -1.6839892e-02   5.8315372e-02   3.7974300e+04   1.2000000e-02
  -1.6646910e-02   3.2880977e-02   3.7971300e+04   1.2000000e-02
  -1.6665282e-02   5.2481528e-02   3.7974300e+04   1.2000000e-02
  -1.6492968e-02   4.7941233e-02   3.7974300e+04   1.2000000e-02
  -1.6494854e-02   4.6899062e-02   3.7974300e+04   1.2000000e-02
  -1.6316389e-02   4.5853282e-02   3.7977300e+04   1.2000000e-02
  -1.6145305e-02   8.7254580e-02   3.7977300e+04   1.2000000e-02
  -1.6153670e-02   6.8657198e-02   3.7977300e+04   1.2000000e-02
  -1.5982504e-02   6.9265833e-02   3.7974300e+04   1.2000000e-02
  -1.5977419e-02   5.9322522e-02   3.7974300e+04   1.2000000e-02
  -1.5789358e-02   5.7801546e-02   3.7974300e+04   1.2000000e-02
  -1.5793213e-02   7.5441270e-02   3.7974300e+04   1.2000000e-02
  -1.5624177e-02   7.4625792e-02   3.7974300e+04   1.2000000e-02
  -1.5455636e-02   7.0831755e-02   3.7974300e+04   1.2000000e-02
  -1.5468430e-02   5.8690674e-02   3.7974300e+04   1.2000000e-02
  -1.5290211e-02   6.2474212e-02   3.7974300e+04   1.2000000e-02
  -1.5294722e-02   7.5964037e-02   3.7977300e+04   1.2000000e-02
  -1.5117979e-02   1.0741967e-01   3.7977300e+04   1.2000000e-02
  -1.5107317e-02   9.2338752e-02   3.7977300e+04   1.2000000e-02
  -1.4931640e-02   8.7466049e-02   3.7974300e+04   1.2000000e-02
  -1.4751534e-02   7.1402009e-02   3.7974300e+04   1.2000000e-02
  -1.4745875e-02   7.4006081e-02   3.7977300e+04   1.2000000e-02
  -1.4566591e-02   7.5816819e-02   3.7977300e+04   1.2000000e-02
  -1.4568067e-02   1.2233886e-01   3.7974300e+04   1.2000000e-02
  -1.4380826e-02   1.0212267e-01   3.7971300e+04   1.2000000e-02
  -1.4395097e-02   6.7611827e-02   3.7968300e+04   1.2000000e-02
  -1.4224505e-02   7.9852803e-02   3.7968300e+04   1.2000000e-02
  -1.4052273e-02   4.3910746e-02   3.7968300e+04   1.2000000e-02
  -1.4053421e-02   4.8605641e-02   3.7968300e+04   1.2000000e-02
  -1.3882501e-02   1.0449550e-01   3.7968300e+04   1.2000000e-02
  -1.3880205e-02   9.2913761e-02   3.7968300e+04   1.2000000e-02
  -1.3704446e-02   1.0265789e-01   3.7968300e+04   1.2000000e-02
  -1.3708054e-02   1.0451608e-01   3.7968300e+04   1.2000000e-02
  -1.3532950e-02   6.6918058e-02   3.7968300e+04   1.2000000e-02
  -1.3364982e-02   6.0832950e-02   3.7968300e+04   1.2000000e-02
  -1.3366869e-02   9.6147570e-02   3.7965400e+04   1.2000000e-02
  -1.3189716e-02   1.2178643e-01   3.7965400e+04   1.2000000e-02
  -1.3191438e-02   9.5297705e-02   3.7965400e+04   1.2000000e-02
  -1.3005919e-02   6.0777804e-02   3.7965400e+04   1.2000000e-02
  -1.3015269e-02   4.5432051e-02   3.7965400e+04   1.2000000e-02
  -1.2848532e-02   9.9435110e-02   3.7965400e+04   1.2000000e-02
  -1.2673757e-02   7.6029403e-02   3.7965400e+04   1.2000000e-02
  -1.2663341e-02   5.0149253e-02   3.7965400e+04   1.2000000e-02
  -1.2486269e-02   9.5759890e-02   3.7965400e+04   1.2000000e-02
  -1.2492174e-02   6.3549025e-02   3.7968300e+04   1.2000000e-02
  -1.2315103e-02   4.9282267e-02   3.7965400e+04   1.2000000e-02
  -1.2312889e-02   6.2986150e-02   3.7965400e+04   1.2000000e-02
  -1.2143691e-02   1.2103810e-01   3.7962400e+04   1.2000000e-02
  -1.1965472e-02   5.9919842e-02   3.7962400e+04   1.2000000e-02
  -1.1976380e-02   9.3365740e-02   3.7962400e+04   1.2000000e-02
  -1.1797176e-02   5.1010169e-02   3.7962400e+04   1.2000000e-02
  -1.1802671e-02   8.8721379e-02   3.7962400e+04   1.2000000e-02
  -1.1616497e-02   6.6996300e-02   3.7965400e+04   1.2000000e-02
  -1.1611576e-02   3.3565150e-02   3.7968300e+04   1.2000000e-02
  -1.1429912e-02   7.9527910e-02   3.7968300e+04   1.2000000e-02
  -1.1274247e-02   1.3933393e-01   3.7971300e+04   1.2000000e-02
  -1.1272032e-02   9.8185797e-02   3.7974300e+04   1.2000000e-02
  -1.1096273e-02   5.4410285e-02   3.7974300e+04   1.2000000e-02
  -1.1090696e-02   7.4581422e-02   3.7974300e+04   1.2000000e-02
  -1.0913461e-02   9.9584280e-02   3.7977300e+04   1.2000000e-02
  -1.0926666e-02   7.9426566e-02   3.7974300e+04   1.2000000e-02
  -1.0754680e-02   7.7544146e-02   3.7974300e+04   1.2000000e-02
  -1.0745166e-02   8.6490477e-02   3.7974300e+04   1.2000000e-02
  -1.0571457e-02   6.8514081e-02   3.7974300e+04   1.2000000e-02
  -1.0387167e-02   6.3743566e-02   3.7971300e+04   1.2000000e-02
  -1.0402012e-02   4.6701323e-02   3.7968300e+04   1.2000000e-02
  -1.0217477e-02   7.7818980e-02   3.7968300e+04   1.2000000e-02
  -1.0221906e-02   1.1747353e-01   3.7968300e+04   1.2000000e-02
  -1.0050248e-02   1.0078979e-01   3.7968300e+04   1.2000000e-02
  -1.0056317e-02   9.1274930e-02   3.7968300e+04   1.2000000e-02
  -9.8812140e-03   1.0498307e-01   3.7968300e+04   1.2000000e-02
  -9.7189060e-03   9.4086089e-02   3.7965400e+04   1.2000000e-02
  -9.7102940e-03   9.1530490e-02   3.7962400e+04   1.2000000e-02
  -9.5377340e-03   1.0161122e-01   3.7962400e+04   1.2000000e-02
  -9.5244480e-03   7.0017996e-02   3.7962400e+04   1.2000000e-02
  -9.3600080e-03   8.2841670e-02   3.7962400e+04   1.2000000e-02
  -9.3585320e-03   1.3152202e-01   3.7965400e+04   1.2000000e-02
  -9.1758020e-03   1.2247901e-01   3.7968300e+04   1.2000000e-02
  -9.0089820e-03   1.2348306e-01   3.7968300e+04   1.2000000e-02
  -9.0102950e-03   6.6295889e-02   3.7968300e+04   1.2000000e-02
  -8.8388010e-03   9.8432700e-02   3.7968300e+04   1.2000000e-02
  -8.8274820e-03   6.5463759e-02   3.7968300e+04   1.2000000e-02
  -8.6588590e-03   7.1992240e-02   3.7968300e+04   1.2000000e-02
  -8.6475410e-03   1.2493216e-01   3.7968300e+04   1.2000000e-02
  -8.4982730e-03   1.0087192e-01   3.7968300e+04   1.2000000e-02
  -8.3102100e-03   9.4204220e-02   3.7971300e+04   1.2000000e-02
  -8.3069290e-03   6.0352719e-02   3.7974300e+04   1.2000000e-02
  -8.1434730e-03   9.0095300e-02   3.7974300e+04   1.2000000e-02
  -8.1431450e-03   9.8507379e-02   3.7974300e+04   1.2000000e-02
  -7.9591840e-03   8.3409680e-02   3.7974300e+04   1.2000000e-02
  -7.9719790e-03   8.9232745e-02   3.7974300e+04   1.2000000e-02
  -7.7885100e-03   1.0712079e-01   3.7974300e+04   1.2000000e-02
  -7.6239060e-03   1.0291853e-01   3.7974300e+04   1.2000000e-02
  -7.6143100e-03   1.0280296e-01   3.7974300e+04   1.2000000e-02
  -7.4350240e-03   1.0431108e-01   3.7974300e+04   1.2000000e-02
  -7.4312520e-03   7.4579699e-02   3.7974300e+04   1.2000000e-02
  -7.2595930e-03   7.0313828e-02   3.7977300e+04   1.2000000e-02
  -7.2636940e-03   7.0399944e-02   3.7977300e+04   1.2000000e-02
  -7.0896580e-03   9.5879441e-02   3.7977300e+04   1.2000000e-02
  -6.9101260e-03   6.5261591e-02   3.7977300e+04   1.2000000e-02
  -6.9161130e-03   1.0308000e-01   3.7974300e+04   1.2000000e-02
  -6.7413390e-03   8.8980629e-02   3.7971300e+04   1.2000000e-02
  -6.7464240e-03   1.0344700e-01   3.7968300e+04   1.2000000e-02
  -6.5644320e-03   8.8025558e-02   3.7965400e+04   1.2000000e-02
  -6.5745190e-03   7.9221035e-02   3.7965400e+04   1.2000000e-02
  -6.3955620e-03   7.8155850e-02   3.7965400e+04   1.2000000e-02
  -6.2275130e-03   9.2665173e-02   3.7965400e+04   1.2000000e-02
  -6.2338280e-03   7.5286179e-02   3.7965400e+04   1.2000000e-02
  -6.0474880e-03   9.7594220e-02   3.7962400e+04   1.2000000e-02
  -6.0539670e-03   9.9694930e-02   3.7965400e+04   1.2000000e-02
  -5.8765680e-03   1.1514661e-01   3.7965400e+04   1.2000000e-02
  -5.8743540e-03   1.4799250e-01   3.7965400e+04   1.2000000e-02
  -5.7166380e-03   1.1894805e-01   3.7968300e+04   1.2000000e-02
  -5.5338260e-03   9.3514852e-02   3.7971300e+04   1.2000000e-02
  -5.5320220e-03   9.5602311e-02   3.7971300e+04   1.2000000e-02
  -5.3676630e-03   9.3236819e-02   3.7971300e+04   1.2000000e-02
  -5.3604460e-03   1.1477449e-01   3.7974300e+04   1.2000000e-02
  -5.1978910e-03   8.9694327e-02   3.7974300e+04   1.2000000e-02
  -5.1939540e-03   1.0880841e-01   3.7974300e+04   1.2000000e-02
  -5.0227060e-03   8.8525526e-02   3.7974300e+04   1.2000000e-02
  -4.8453070e-03   1.0653640e-01   3.7977300e+04   1.2000000e-02
  -4.8439950e-03   1.0669213e-01   3.7977300e+04   1.2000000e-02
  -4.6779140e-03   1.4106416e-01   3.7974300e+04   1.2000000e-02
  -4.6710250e-03   8.1989716e-02   3.7974300e+04   1.2000000e-02
  -4.4878030e-03   1.0817238e-01   3.7974300e+04   1.2000000e-02
  -4.4963320e-03   8.5523843e-02   3.7974300e+04   1.2000000e-02
  -4.3253300e-03   1.0357790e-01   3.7974300e+04   1.2000000e-02
  -4.1526060e-03   1.0234545e-01   3.7974300e+04   1.2000000e-02
  -4.1454710e-03   7.5184690e-02   3.7974300e+04   1.2000000e-02
  -3.9788950e-03   1.1963244e-01   3.7974300e+04   1.2000000e-02
  -3.9652810e-03   1.4166331e-01   3.7974300e+04   1.2000000e-02
  -3.8007580e-03   9.7954760e-02   3.7971300e+04   1.2000000e-02
  -3.8151930e-03   6.7537439e-02   3.7971300e+04   1.2000000e-02
  -3.6370560e-03   6.4653364e-02   3.7971300e+04   1.2000000e-02
  -3.4579340e-03   7.4664230e-02   3.7971300e+04   1.2000000e-02
  -3.4612970e-03   1.2236672e-01   3.7968300e+04   1.2000000e-02
  -3.2804530e-03   1.1083044e-01   3.7968300e+04   1.2000000e-02
  -3.2804530e-03   1.0330704e-01   3.7968300e+04   1.2000000e-02
  -3.1028080e-03   1.0498566e-01   3.7971300e+04   1.2000000e-02
  -3.1019060e-03   1.3246951e-01   3.7974300e+04   1.2000000e-02
  -2.9302480e-03   1.1853250e-01   3.7977300e+04   1.2000000e-02
  -2.7553910e-03   1.0224638e-01   3.7977300e+04   1.2000000e-02
  -2.7539150e-03   8.5018875e-02   3.7974300e+04   1.2000000e-02
  -2.5975930e-03   1.0748881e-01   3.7974300e+04   1.2000000e-02
  -2.5993160e-03   5.8964936e-02   3.7977300e+04   1.2000000e-02
  -2.4258530e-03   8.8727776e-02   3.7977300e+04   1.2000000e-02
  -2.4191280e-03   7.0033087e-02   3.7977300e+04   1.2000000e-02
  -2.2444350e-03   1.1519169e-01   3.7977300e+04   1.2000000e-02
  -2.0726950e-03   1.0705850e-01   3.7974300e+04   1.2000000e-02
  -2.0630170e-03   8.6052269e-02   3.7971300e+04   1.2000000e-02
  -1.8836480e-03   8.3322302e-02   3.7974300e+04   1.2000000e-02
  -1.8930800e-03   9.6151896e-02   3.7974300e+04   1.2000000e-02
  -1.7204370e-03   9.4647898e-02   3.7977300e+04   1.2000000e-02
  -1.7146960e-03   7.5193092e-02   3.7977300e+04   1.2000000e-02
  -1.5459910e-03   8.8427190e-02   3.7977300e+04   1.2000000e-02
  -1.5372970e-03   6.1087906e-02   3.7977300e+04   1.2000000e-02
  -1.3631790e-03   9.1801880e-02   3.7977300e+04   1.2000000e-02
  -1.1838110e-03   1.0749864e-01   3.7977300e+04   1.2000000e-02
  -1.1847950e-03   1.1778171e-01   3.7977300e+04   1.2000000e-02
  -1.0087080e-03   1.0043007e-01   3.7977300e+04   1.2000000e-02
  -1.0039520e-03   1.2185118e-01   3.7977300e+04   1.2000000e-02
  -8.4853100e-04   9.2643640e-02   3.7974300e+04   1.2000000e-02
  -8.5099100e-04   7.3897060e-02   3.7971300e+04   1.2000000e-02
  -6.7646200e-04   1.1496957e-01   3.7974300e+04   1.2000000e-02
  -4.9217400e-04   1.4801463e-01   3.7974300e+04   1.2000000e-02
  -4.8823700e-04   1.2899264e-01   3.7977300e+04   1.2000000e-02
  -3.2633900e-04   1.1392792e-01   3.7980300e+04   1.2000000e-02
  -3.2519100e-04   1.0421410e-01   3.7980300e+04   1.2000000e-02
  -1.5205600e-04   1.2965736e-01   3.7980300e+04   1.2000000e-02
  -1.4688900e-04   1.4520329e-01   3.7977300e+04   1.2000000e-02
   3.1002000e-05   1.3046223e-01   3.7974300e+04   1.2000000e-02
   1.9691900e-04   1.4552213e-01   3.7974300e+04   1.2000000e-02
   2.1258400e-04   1.6040090e-01   3.7971300e+04   1.2000000e-02
   3.7817300e-04   1.0940674e-01   3.7971300e+04   1.2000000e-02
   3.7571200e-04   1.0134648e-01   3.7974300e+04   1.2000000e-02
   5.4335200e-04   1.0613478e-01   3.7974300e+04   1.2000000e-02
   5.4466400e-04   6.6142540e-02   3.7977300e+04   1.2000000e-02
   7.1771600e-04   1.1698913e-01   3.7977300e+04   1.2000000e-02
   8.8814400e-04   1.3971505e-01   3.7977300e+04   1.2000000e-02
   8.8059900e-04   1.3090647e-01   3.7977300e+04   1.2000000e-02
   1.0541430e-03   1.4961373e-01   3.7977300e+04   1.2000000e-02
   1.0566030e-03   1.5233818e-01   3.7977300e+04   1.2000000e-02
   1.2200600e-03   1.8507751e-01   3.7977300e+04   1.2000000e-02
   1.2183380e-03   1.4139202e-01   3.7977300e+04   1.2000000e-02
   1.3957370e-03   1.8046792e-01   3.7980300e+04   1.2000000e-02
   1.5822400e-03   1.4302882e-01   3.7980300e+04   1.2000000e-02
   1.5778110e-03   1.3622341e-01   3.7977300e+04   1.2000000e-02
   1.7635760e-03   1.5977142e-01   3.7974300e+04   1.2000000e-02
   1.7721050e-03   1.4069861e-01   3.7974300e+04   1.2000000e-02
   1.9349060e-03   1.5486592e-01   3.7971300e+04   1.2000000e-02
   1.9385960e-03   1.8898716e-01   3.7974300e+04   1.2000000e-02
   2.1069760e-03   2.1459489e-01   3.7974300e+04   1.2000000e-02
   2.2915920e-03   2.2578204e-01   3.7974300e+04   1.2000000e-02
   2.2839650e-03   2.4318771e-01   3.7974300e+04   1.2000000e-02
   2.4556230e-03   2.1133522e-01   3.7974300e+04   1.2000000e-02
   2.4597240e-03   2.0621416e-01   3.7974300e+04   1.2000000e-02
   2.6294950e-03   2.2049625e-01   3.7977300e+04   1.2000000e-02
   2.6367130e-03   2.2900400e-01   3.7974300e+04   1.2000000e-02
   2.8167360e-03   2.5780502e-01   3.7974300e+04   1.2000000e-02
   2.9792090e-03   3.2398939e-01   3.7974300e+04   1.2000000e-02
   2.9892150e-03   2.6272608e-01   3.7974300e+04   1.2000000e-02
   3.1609550e-03   3.1341944e-01   3.7977300e+04   1.2000000e-02
   3.1626770e-03   3.1764956e-01   3.7977300e+04   1.2000000e-02
   3.3322850e-03   3.8994841e-01   3.7977300e+04   1.2000000e-02
   3.3251490e-03   3.4704891e-01   3.7977300e+04   1.2000000e-02
   3.5080430e-03   3.9820290e-01   3.7977300e+04   1.2000000e-02
   3.6874110e-03   4.1873547e-01   3.7977300e+04   1.2000000e-02
   3.6797840e-03   4.3349705e-01   3.7980300e+04   1.2000000e-02
   3.8539840e-03   4.4118847e-01   3.7977300e+04   1.2000000e-02
