  -7.1370180e-02  -2.7207698e-02   3.7953400e+04   1.2000000e-02
  -7.1363290e-02  -2.0650409e-02   3.7953400e+04   1.2000000e-02
  -7.1185319e-02  -3.2404269e-02   3.7956400e+04   1.2000000e-02
  -7.1184663e-02  -3.8047658e-02   3.7953400e+04   1.2000000e-02
  -7.1008494e-02  -2.0113946e-02   3.7953400e+04   1.2000000e-02
  -7.1015055e-02  -5.3768091e-02   3.7953400e+04   1.2000000e-02
  -7.0847006e-02  -3.7118590e-02   3.7950500e+04   1.2000000e-02
  -7.0677152e-02  -6.1329645e-02   3.7950500e+04   1.2000000e-02
  -7.0671575e-02  -5.8920777e-02   3.7953400e+04   1.2000000e-02
  -7.0498113e-02  -5.4384420e-03   3.7953400e+04   1.2000000e-02
  -7.0495078e-02   1.1430488e-02   3.7953400e+04   1.2000000e-02
  -7.0328341e-02  -2.2133575e-02   3.7953400e+04   1.2000000e-02
  -7.0313250e-02  -4.3561462e-02   3.7953400e+04   1.2000000e-02
  -7.0127078e-02  -5.7705476e-02   3.7953400e+04   1.2000000e-02
  -6.9967969e-02  -4.0255838e-02   3.7953400e+04   1.2000000e-02
  -6.9971331e-02  -5.6023674e-02   3.7953400e+04   1.2000000e-02
  -6.9793850e-02  -4.3430238e-02   3.7956400e+04   1.2000000e-02
  -6.9798279e-02  -4.1641813e-02   3.7956400e+04   1.2000000e-02
  -6.9628015e-02  -4.0965268e-02   3.7956400e+04   1.2000000e-02
  -6.9627769e-02  -2.7151106e-02   3.7956400e+04   1.2000000e-02
  -6.9448648e-02  -6.4663410e-03   3.7953400e+04   1.2000000e-02
  -6.9290030e-02  -8.3263690e-03   3.7953400e+04   1.2000000e-02
  -6.9287651e-02  -1.3883485e-02   3.7953400e+04   1.2000000e-02
  -6.9109846e-02  -3.7640289e-02   3.7950500e+04   1.2000000e-02
  -6.9133713e-02  -8.1037375e-02   3.7950500e+04   1.2000000e-02
  -6.8940321e-02  -2.4264577e-02   3.7950500e+04   1.2000000e-02
  -6.8935154e-02  -4.0254362e-02   3.7947500e+04   1.2000000e-02
  -6.8756114e-02  -3.5810282e-02   3.7950500e+04   1.2000000e-02
  -6.8585604e-02  -4.3704333e-02   3.7953400e+04   1.2000000e-02
  -6.8590115e-02  -3.9054806e-02   3.7953400e+04   1.2000000e-02
  -6.8425264e-02  -1.1765682e-02   3.7953400e+04   1.2000000e-02
  -6.8414766e-02   8.0096200e-04   3.7953400e+04   1.2000000e-02
  -6.8247701e-02   6.8063770e-03   3.7950500e+04   1.2000000e-02
  -6.8241386e-02  -2.4377430e-02   3.7950500e+04   1.2000000e-02
  -6.8063252e-02  -4.6316847e-02   3.7947500e+04   1.2000000e-02
  -6.7889871e-02  -4.4547122e-02   3.7944500e+04   1.2000000e-02
  -6.7898483e-02  -1.4169473e-02   3.7944500e+04   1.2000000e-02
  -6.7718787e-02  -3.4838154e-02   3.7944500e+04   1.2000000e-02
  -6.7712308e-02  -5.2937523e-02   3.7944500e+04   1.2000000e-02
  -6.7531956e-02  -4.3540385e-02   3.7941500e+04   1.2000000e-02
  -6.7528840e-02  -3.2364245e-02   3.7941500e+04   1.2000000e-02
  -6.7343403e-02  -1.2084394e-02   3.7944500e+04   1.2000000e-02
  -6.7160427e-02  -7.5916740e-03   3.7941500e+04   1.2000000e-02
  -6.7157228e-02  -3.5899351e-02   3.7941500e+04   1.2000000e-02
  -6.6998531e-02  -4.9049266e-02   3.7941500e+04   1.2000000e-02
  -6.6998941e-02  -2.1170139e-02   3.7941500e+04   1.2000000e-02
  -6.6823018e-02  -2.0630315e-02   3.7947500e+04   1.2000000e-02
  -6.6822198e-02  -3.6055262e-02   3.7947500e+04   1.2000000e-02
  -6.6656363e-02  -6.3800268e-02   3.7947500e+04   1.2000000e-02
  -6.6486427e-02  -5.0537080e-03   3.7950500e+04   1.2000000e-02
  -6.6492988e-02  -3.6229709e-02   3.7950500e+04   1.2000000e-02
  -6.6310258e-02  -1.6949956e-02   3.7950500e+04   1.2000000e-02
  -6.6314851e-02  -1.1018605e-02   3.7950500e+04   1.2000000e-02
  -6.6153773e-02  -1.4582748e-02   3.7950500e+04   1.2000000e-02
  -6.6150164e-02  -4.9317618e-02   3.7950500e+04   1.2000000e-02
  -6.5991304e-02  -1.6431292e-02   3.7953400e+04   1.2000000e-02
  -6.5986301e-02  -3.8871338e-02   3.7950500e+04   1.2000000e-02
  -6.5808819e-02  -5.3724212e-02   3.7950500e+04   1.2000000e-02
  -6.5643313e-02  -3.0958340e-02   3.7950500e+04   1.2000000e-02
  -6.5644461e-02  -3.2495553e-02   3.7950500e+04   1.2000000e-02
  -6.5469686e-02  -2.6364743e-02   3.7950500e+04   1.2000000e-02
  -6.5468702e-02  -2.8872034e-02   3.7953400e+04   1.2000000e-02
  -6.5294255e-02  -7.1078650e-03   3.7950500e+04   1.2000000e-02
  -6.5298438e-02  -3.8117945e-02   3.7950500e+04   1.2000000e-02
  -6.5126206e-02  -4.2741393e-02   3.7950500e+04   1.2000000e-02
  -6.4943232e-02  -2.1023905e-02   3.7950500e+04   1.2000000e-02
  -6.4940279e-02  -1.0675043e-02   3.7950500e+04   1.2000000e-02
  -6.4765340e-02  -3.6820820e-03   3.7950500e+04   1.2000000e-02
  -6.4770753e-02  -1.3773670e-03   3.7950500e+04   1.2000000e-02
  -6.4589992e-02  -1.2239485e-02   3.7950500e+04   1.2000000e-02
  -6.4582938e-02  -4.4611422e-02   3.7950500e+04   1.2000000e-02
  -6.4403653e-02  -3.6291712e-02   3.7950500e+04   1.2000000e-02
  -6.4234947e-02  -4.0374432e-02   3.7950500e+04   1.2000000e-02
  -6.4231093e-02  -2.4725913e-02   3.7950500e+04   1.2000000e-02
  -6.4067636e-02  -1.0299000e-02   3.7950500e+04   1.2000000e-02
  -6.4069194e-02  -2.3896411e-02   3.7950500e+04   1.2000000e-02
  -6.3891879e-02  -1.3747586e-02   3.7950500e+04   1.2000000e-02
  -6.3898110e-02  -8.1022190e-03   3.7950500e+04   1.2000000e-02
  -6.3719729e-02  -1.2497095e-02   3.7947500e+04   1.2000000e-02
  -6.3560045e-02  -1.8451495e-02   3.7944500e+04   1.2000000e-02
  -6.3556355e-02  -4.0845608e-02   3.7941500e+04   1.2000000e-02
  -6.3390356e-02  -1.6957502e-02   3.7941500e+04   1.2000000e-02
  -6.3383138e-02  -1.6290472e-02   3.7941500e+04   1.2000000e-02
  -6.3204509e-02   2.1714405e-02   3.7944500e+04   1.2000000e-02
  -6.3213613e-02  -3.5159490e-02   3.7944500e+04   1.2000000e-02
  -6.3029980e-02  -2.1758107e-02   3.7944500e+04   1.2000000e-02
  -6.2850203e-02  -2.4188139e-02   3.7947500e+04   1.2000000e-02
  -6.2854877e-02  -4.6096062e-02   3.7947500e+04   1.2000000e-02
  -6.2685682e-02  -4.2782319e-02   3.7947500e+04   1.2000000e-02
  -6.2685600e-02  -5.1311656e-02   3.7947500e+04   1.2000000e-02
  -6.2503608e-02  -3.4746650e-03   3.7947500e+04   1.2000000e-02
  -6.2516238e-02  -1.4274698e-02   3.7947500e+04   1.2000000e-02
  -6.2333098e-02   1.9100901e-02   3.7950500e+04   1.2000000e-02
  -6.2157339e-02  -3.7974090e-02   3.7950500e+04   1.2000000e-02
  -6.2158323e-02  -2.7154059e-02   3.7950500e+04   1.2000000e-02
  -6.1989618e-02  -3.2915471e-02   3.7950500e+04   1.2000000e-02
  -6.1999460e-02  -2.8511904e-02   3.7950500e+04   1.2000000e-02
  -6.1823701e-02  -4.6018557e-02   3.7950500e+04   1.2000000e-02
  -6.1820420e-02  -3.0607888e-02   3.7950500e+04   1.2000000e-02
  -6.1637203e-02  -5.2535976e-02   3.7950500e+04   1.2000000e-02
  -6.1454965e-02  -5.1206102e-02   3.7953400e+04   1.2000000e-02
  -6.1453899e-02  -4.5840993e-02   3.7953400e+04   1.2000000e-02
  -6.1292739e-02  -3.0449270e-02   3.7953400e+04   1.2000000e-02
  -6.1277320e-02  -2.8440469e-02   3.7953400e+04   1.2000000e-02
  -6.1115421e-02  -4.2036554e-02   3.7953400e+04   1.2000000e-02
  -6.1112715e-02  -3.4771721e-02   3.7953400e+04   1.2000000e-02
  -6.0950325e-02  -5.0739927e-02   3.7953400e+04   1.2000000e-02
  -6.0775058e-02  -4.5235638e-02   3.7953400e+04   1.2000000e-02
  -6.0781865e-02   2.5646210e-03   3.7950500e+04   1.2000000e-02
  -6.0598891e-02  -2.3963500e-02   3.7947500e+04   1.2000000e-02
  -6.0602418e-02  -2.6164708e-02   3.7944500e+04   1.2000000e-02
  -6.0427233e-02   3.5356830e-03   3.7944500e+04   1.2000000e-02
  -6.0416817e-02   9.2415780e-03   3.7941500e+04   1.2000000e-02
  -6.0248357e-02  -3.5864084e-02   3.7941500e+04   1.2000000e-02
  -6.0080800e-02  -3.3145524e-02   3.7941500e+04   1.2000000e-02
  -6.0088017e-02   1.1454436e-02   3.7938500e+04   1.2000000e-02
  -5.9908158e-02  -6.6635060e-03   3.7938500e+04   1.2000000e-02
  -5.9903729e-02  -1.6549394e-02   3.7935600e+04   1.2000000e-02
  -5.9739862e-02   1.8584778e-02   3.7935600e+04   1.2000000e-02
  -5.9733301e-02  -1.5885570e-03   3.7935600e+04   1.2000000e-02
  -5.9554838e-02  -6.6900194e-02   3.7938500e+04   1.2000000e-02
  -5.9384902e-02  -2.4264331e-02   3.7938500e+04   1.2000000e-02
  -5.9395318e-02  -3.1386050e-02   3.7938500e+04   1.2000000e-02
  -5.9215704e-02  -2.7289820e-03   3.7935600e+04   1.2000000e-02
  -5.9220379e-02  -2.1655423e-02   3.7935600e+04   1.2000000e-02
  -5.9033630e-02  -3.0575164e-02   3.7938500e+04   1.2000000e-02
  -5.9034861e-02  -2.7968226e-02   3.7941500e+04   1.2000000e-02
  -5.8847538e-02   1.1721888e-02   3.7944500e+04   1.2000000e-02
  -5.8669646e-02   1.7199619e-02   3.7947500e+04   1.2000000e-02
  -5.8665956e-02   2.1536022e-02   3.7947500e+04   1.2000000e-02
  -5.8508406e-02   1.2572223e-02   3.7947500e+04   1.2000000e-02
  -5.8493316e-02   1.6085850e-02   3.7947500e+04   1.2000000e-02
  -5.8320591e-02  -5.6032778e-02   3.7947500e+04   1.2000000e-02
  -5.8333386e-02  -3.3412566e-02   3.7947500e+04   1.2000000e-02
  -5.8153362e-02  -4.3521490e-03   3.7947500e+04   1.2000000e-02
  -5.7986297e-02  -1.5424142e-02   3.7944500e+04   1.2000000e-02
  -5.7994498e-02  -3.3001833e-02   3.7941500e+04   1.2000000e-02
  -5.7811030e-02  -3.2490386e-02   3.7941500e+04   1.2000000e-02
  -5.7820544e-02  -1.0881229e-02   3.7938500e+04   1.2000000e-02
  -5.7642653e-02  -1.7429336e-02   3.7938500e+04   1.2000000e-02
  -5.7641586e-02   1.2819420e-02   3.7938500e+04   1.2000000e-02
  -5.7472555e-02  -2.7804523e-02   3.7941500e+04   1.2000000e-02
  -5.7304095e-02  -1.0348456e-02   3.7941500e+04   1.2000000e-02
  -5.7299338e-02   3.6490280e-03   3.7941500e+04   1.2000000e-02
  -5.7125220e-02  -2.7403140e-02   3.7941500e+04   1.2000000e-02
  -5.7127516e-02   9.1472600e-03   3.7941500e+04   1.2000000e-02
  -5.6947411e-02  -2.5296659e-02   3.7941500e+04   1.2000000e-02
  -5.6952168e-02   2.1271277e-02   3.7941500e+04   1.2000000e-02
  -5.6778377e-02  -3.4724644e-02   3.7941500e+04   1.2000000e-02
  -5.6775999e-02  -1.9674342e-02   3.7941500e+04   1.2000000e-02
  -5.6602864e-02  -3.9318190e-03   3.7941500e+04   1.2000000e-02
  -5.6430880e-02  -3.9592991e-02   3.7941500e+04   1.2000000e-02
  -5.6422843e-02  -3.4016034e-02   3.7941500e+04   1.2000000e-02
  -5.6249872e-02  -3.3568476e-02   3.7944500e+04   1.2000000e-02
  -5.6257418e-02  -1.2052990e-03   3.7941500e+04   1.2000000e-02
  -5.6080675e-02  -2.8055840e-03   3.7941500e+04   1.2000000e-02
  -5.6079116e-02   1.4185470e-02   3.7941500e+04   1.2000000e-02
  -5.5902783e-02  -2.1714392e-02   3.7941500e+04   1.2000000e-02
  -5.5739573e-02   1.1430488e-02   3.7941500e+04   1.2000000e-02
  -5.5730715e-02  -1.0256188e-02   3.7938500e+04   1.2000000e-02
  -5.5542818e-02  -8.5913600e-03   3.7941500e+04   1.2000000e-02
  -5.5539866e-02  -3.5242850e-03   3.7941500e+04   1.2000000e-02
  -5.5367225e-02  -3.2418621e-02   3.7944500e+04   1.2000000e-02
  -5.5370342e-02   3.7878800e-03   3.7941500e+04   1.2000000e-02
  -5.5184413e-02   2.2645364e-02   3.7941500e+04   1.2000000e-02
  -5.5028912e-02   8.3380950e-03   3.7941500e+04   1.2000000e-02
  -5.5035227e-02   1.1790535e-02   3.7941500e+04   1.2000000e-02
  -5.4858402e-02  -1.2028049e-02   3.7938500e+04   1.2000000e-02
  -5.4867424e-02  -8.2865890e-03   3.7938500e+04   1.2000000e-02
  -5.4687154e-02  -3.6657253e-02   3.7938500e+04   1.2000000e-02
  -5.4683382e-02   3.6130230e-03   3.7935600e+04   1.2000000e-02
  -5.4517547e-02  -3.3212613e-02   3.7938500e+04   1.2000000e-02
  -5.4341788e-02  -2.1441310e-03   3.7938500e+04   1.2000000e-02
  -5.4344576e-02  -4.6063150e-03   3.7938500e+04   1.2000000e-02
  -5.4167177e-02  -1.5285220e-03   3.7938500e+04   1.2000000e-02
  -5.4160370e-02  -2.6803443e-02   3.7938500e+04   1.2000000e-02
  -5.3989204e-02   1.3887672e-02   3.7938500e+04   1.2000000e-02
  -5.3991582e-02   1.7297000e-04   3.7935600e+04   1.2000000e-02
  -5.3810493e-02   1.3011172e-02   3.7935600e+04   1.2000000e-02
  -5.3649825e-02   5.6469230e-03   3.7938500e+04   1.2000000e-02
  -5.3645150e-02  -1.6121438e-02   3.7941500e+04   1.2000000e-02
  -5.3469227e-02  -3.5973821e-02   3.7938500e+04   1.2000000e-02
  -5.3464798e-02  -1.4444880e-02   3.7938500e+04   1.2000000e-02
  -5.3285678e-02   1.4041943e-02   3.7935600e+04   1.2000000e-02
  -5.3285350e-02   2.1376490e-03   3.7935600e+04   1.2000000e-02
  -5.3116071e-02  -5.6694790e-03   3.7935600e+04   1.2000000e-02
  -5.2948021e-02  -4.5863548e-02   3.7938500e+04   1.2000000e-02
  -5.2937359e-02  -4.1706441e-02   3.7938500e+04   1.2000000e-02
  -5.2773165e-02   2.0422640e-03   3.7935600e+04   1.2000000e-02
  -5.2758074e-02  -2.2216492e-02   3.7935600e+04   1.2000000e-02
  -5.2597488e-02  -2.1518704e-02   3.7935600e+04   1.2000000e-02
  -5.2602655e-02  -1.2852879e-02   3.7935600e+04   1.2000000e-02
  -5.2421565e-02   1.3614313e-02   3.7935600e+04   1.2000000e-02
  -5.2254338e-02  -2.8346972e-02   3.7935600e+04   1.2000000e-02
  -5.2250483e-02  -4.9531570e-03   3.7935600e+04   1.2000000e-02
  -5.2070787e-02  -1.4755061e-02   3.7932600e+04   1.2000000e-02
  -5.2074232e-02  -8.3713950e-03   3.7929600e+04   1.2000000e-02
  -5.1892814e-02   1.4140033e-02   3.7932600e+04   1.2000000e-02
  -5.1891174e-02   7.0393800e-04   3.7932600e+04   1.2000000e-02
  -5.1715743e-02   2.3509971e-02   3.7935600e+04   1.2000000e-02
  -5.1536540e-02  -1.2789071e-02   3.7938500e+04   1.2000000e-02
  -5.1554009e-02  -2.6570848e-02   3.7941500e+04   1.2000000e-02
  -5.1376938e-02  -1.4356632e-02   3.7941500e+04   1.2000000e-02
  -5.1379644e-02  -9.5547110e-03   3.7941500e+04   1.2000000e-02
  -5.1207660e-02   1.4172019e-02   3.7941500e+04   1.2000000e-02
  -5.1216190e-02   1.3911948e-02   3.7941500e+04   1.2000000e-02
  -5.1034854e-02   2.4609633e-02   3.7941500e+04   1.2000000e-02
  -5.0858521e-02   3.0849289e-02   3.7941500e+04   1.2000000e-02
  -5.0857701e-02  -1.6198050e-03   3.7944500e+04   1.2000000e-02
  -5.0678169e-02  -1.2515795e-02   3.7941500e+04   1.2000000e-02
  -5.0691374e-02  -1.9516217e-02   3.7941500e+04   1.2000000e-02
  -5.0510202e-02  -3.4715459e-02   3.7941500e+04   1.2000000e-02
  -5.0521766e-02  -3.1889240e-03   3.7941500e+04   1.2000000e-02
  -5.0334607e-02   1.5729720e-03   3.7941500e+04   1.2000000e-02
  -5.0163032e-02   1.8861415e-02   3.7941500e+04   1.2000000e-02
  -5.0152206e-02   1.2274425e-02   3.7941500e+04   1.2000000e-02
  -4.9970214e-02  -2.8604418e-02   3.7944500e+04   1.2000000e-02
  -4.9985305e-02  -9.2115600e-03   3.7944500e+04   1.2000000e-02
  -4.9805527e-02  -3.6708595e-02   3.7944500e+04   1.2000000e-02
  -4.9806675e-02  -3.4498940e-02   3.7944500e+04   1.2000000e-02
  -4.9630260e-02  -6.6075720e-03   3.7944500e+04   1.2000000e-02
  -4.9463441e-02  -5.8861640e-03   3.7944500e+04   1.2000000e-02
  -4.9452697e-02  -1.6541357e-02   3.7944500e+04   1.2000000e-02
  -4.9283500e-02  -1.0656261e-02   3.7941500e+04   1.2000000e-02
  -4.9285222e-02   1.6435153e-02   3.7941500e+04   1.2000000e-02
  -4.9115288e-02   5.7752091e-02   3.7941500e+04   1.2000000e-02
  -4.9111105e-02   2.8119076e-02   3.7941500e+04   1.2000000e-02
  -4.8937889e-02  -1.9641208e-02   3.7938500e+04   1.2000000e-02
  -4.8772300e-02  -3.2174462e-02   3.7941500e+04   1.2000000e-02
  -4.8771480e-02  -2.8306374e-02   3.7944500e+04   1.2000000e-02
  -4.8597361e-02  -3.2806000e-05   3.7944500e+04   1.2000000e-02
  -4.8600150e-02  -1.7818172e-02   3.7947500e+04   1.2000000e-02
  -4.8415780e-02  -9.2786490e-03   3.7947500e+04   1.2000000e-02
  -4.8413319e-02   9.0504000e-03   3.7947500e+04   1.2000000e-02
  -4.8225094e-02   4.6801382e-02   3.7947500e+04   1.2000000e-02
  -4.8069185e-02   2.8943823e-02   3.7944500e+04   1.2000000e-02
  -4.8069103e-02  -1.6727285e-02   3.7941500e+04   1.2000000e-02
  -4.7895640e-02   1.2230130e-03   3.7941500e+04   1.2000000e-02
  -4.7898265e-02  -4.1559690e-03   3.7938500e+04   1.2000000e-02
  -4.7722834e-02  -2.0159711e-02   3.7938500e+04   1.2000000e-02
  -4.7722670e-02  -2.3556622e-02   3.7938500e+04   1.2000000e-02
  -4.7548880e-02  -2.5891270e-02   3.7938500e+04   1.2000000e-02
  -4.7554703e-02  -1.3199967e-02   3.7938500e+04   1.2000000e-02
  -4.7375827e-02  -2.6634574e-02   3.7941500e+04   1.2000000e-02
  -4.7194737e-02  -1.4601119e-02   3.7941500e+04   1.2000000e-02
  -4.7188996e-02   4.3106914e-02   3.7944500e+04   1.2000000e-02
  -4.7028166e-02   1.3808609e-02   3.7941500e+04   1.2000000e-02
  -4.7026854e-02   9.4197150e-03   3.7941500e+04   1.2000000e-02
  -4.6862085e-02   5.7336900e-04   3.7941500e+04   1.2000000e-02
  -4.6854704e-02   2.3278430e-03   3.7941500e+04   1.2000000e-02
  -4.6682226e-02  -1.6028597e-02   3.7938500e+04   1.2000000e-02
  -4.6501054e-02  -3.0307795e-02   3.7938500e+04   1.2000000e-02
  -4.6502120e-02   1.5766400e-02   3.7941500e+04   1.2000000e-02
  -4.6328165e-02   2.4638913e-02   3.7941500e+04   1.2000000e-02
  -4.6320292e-02  -2.2277101e-02   3.7941500e+04   1.2000000e-02
  -4.6158640e-02  -1.5099689e-02   3.7941500e+04   1.2000000e-02
  -4.6159624e-02  -2.3611490e-02   3.7941500e+04   1.2000000e-02
  -4.5990097e-02  -2.4516938e-02   3.7944500e+04   1.2000000e-02
  -4.5809336e-02   1.0348690e-03   3.7944500e+04   1.2000000e-02
  -4.5820654e-02   2.8152128e-02   3.7944500e+04   1.2000000e-02
  -4.5644403e-02  -7.1207420e-03   3.7941500e+04   1.2000000e-02
  -4.5635135e-02  -1.5765820e-02   3.7941500e+04   1.2000000e-02
  -4.5464215e-02  -4.5893893e-02   3.7944500e+04   1.2000000e-02
  -4.5454701e-02   1.1950219e-02   3.7947500e+04   1.2000000e-02
  -4.5286324e-02  -3.0115223e-02   3.7947500e+04   1.2000000e-02
  -4.5105480e-02   1.3046357e-02   3.7947500e+04   1.2000000e-02
  -4.5112615e-02   2.6650507e-02   3.7944500e+04   1.2000000e-02
  -4.4925294e-02   3.2842676e-02   3.7941500e+04   1.2000000e-02
  -4.4937925e-02  -1.7986800e-03   3.7941500e+04   1.2000000e-02
  -4.4780127e-02  -1.0426864e-02   3.7941500e+04   1.2000000e-02
  -4.4780537e-02  -2.1249283e-02   3.7941500e+04   1.2000000e-02
  -4.4607403e-02   1.5034329e-02   3.7941500e+04   1.2000000e-02
  -4.4426149e-02   1.8707555e-02   3.7941500e+04   1.2000000e-02
  -4.4422212e-02   4.5963510e-02   3.7941500e+04   1.2000000e-02
  -4.4250718e-02   6.7805420e-03   3.7944500e+04   1.2000000e-02
  -4.4265235e-02   5.5799170e-03   3.7947500e+04   1.2000000e-02
  -4.4087590e-02   2.4623904e-02   3.7947500e+04   1.2000000e-02
  -4.4098908e-02  -2.3354208e-02   3.7947500e+04   1.2000000e-02
  -4.3927251e-02  -4.2214990e-03   3.7947500e+04   1.2000000e-02
  -4.3740584e-02  -4.4452000e-05   3.7944500e+04   1.2000000e-02
  -4.3732136e-02   7.1811050e-03   3.7941500e+04   1.2000000e-02
  -4.3564497e-02   1.4153566e-02   3.7941500e+04   1.2000000e-02
  -4.3556706e-02   2.0659523e-02   3.7938500e+04   1.2000000e-02
  -4.3393085e-02   4.7408180e-03   3.7938500e+04   1.2000000e-02
  -4.3392347e-02   1.7452964e-02   3.7938500e+04   1.2000000e-02
  -4.3214374e-02  -1.0686279e-02   3.7938500e+04   1.2000000e-02
  -4.3047472e-02  -9.8072360e-03   3.7938500e+04   1.2000000e-02
  -4.3045422e-02   1.1333700e-03   3.7941500e+04   1.2000000e-02
  -4.2864334e-02   2.2214690e-03   3.7944500e+04   1.2000000e-02
  -4.2862694e-02   2.4822780e-03   3.7947500e+04   1.2000000e-02
  -4.2689232e-02   2.0428650e-02   3.7947500e+04   1.2000000e-02
  -4.2689067e-02   3.1986000e-04   3.7944500e+04   1.2000000e-02
  -4.2521428e-02   1.4465142e-02   3.7941500e+04   1.2000000e-02
  -4.2334597e-02   5.0591190e-03   3.7941500e+04   1.2000000e-02
  -4.2338862e-02  -2.1328182e-02   3.7941500e+04   1.2000000e-02
  -4.2159413e-02  -8.7071660e-03   3.7941500e+04   1.2000000e-02
  -4.2167532e-02  -1.2772996e-02   3.7941500e+04   1.2000000e-02
  -4.1999729e-02   1.6885582e-02   3.7944500e+04   1.2000000e-02
  -4.1985950e-02   1.8278204e-02   3.7944500e+04   1.2000000e-02
  -4.1818146e-02   2.4342919e-02   3.7944500e+04   1.2000000e-02
  -4.1645668e-02  -1.6777150e-02   3.7944500e+04   1.2000000e-02
  -4.1638614e-02  -2.0994298e-02   3.7941500e+04   1.2000000e-02
  -4.1462199e-02   1.2686473e-02   3.7941500e+04   1.2000000e-02
  -4.1459329e-02   2.6496646e-02   3.7941500e+04   1.2000000e-02
  -4.1290131e-02   2.7006207e-02   3.7941500e+04   1.2000000e-02
  -4.1295380e-02   3.6947140e-02   3.7941500e+04   1.2000000e-02
  -4.1116177e-02   4.3317283e-02   3.7941500e+04   1.2000000e-02
  -4.0937465e-02  -5.4728890e-03   3.7941500e+04   1.2000000e-02
  -4.0943616e-02   8.7163520e-03   3.7941500e+04   1.2000000e-02
  -4.0767121e-02   2.7031714e-02   3.7941500e+04   1.2000000e-02
  -4.0772042e-02   2.8758715e-02   3.7941500e+04   1.2000000e-02
  -4.0606535e-02   3.2851533e-02   3.7941500e+04   1.2000000e-02
  -4.0595791e-02  -1.3869789e-02   3.7941500e+04   1.2000000e-02
  -4.0428234e-02  -1.7810627e-02   3.7941500e+04   1.2000000e-02
  -4.0249195e-02  -2.9476300e-04   3.7941500e+04   1.2000000e-02
  -4.0253869e-02  -5.7960290e-03   3.7941500e+04   1.2000000e-02
  -4.0072124e-02   4.1228348e-02   3.7941500e+04   1.2000000e-02
  -4.0075240e-02   2.1233057e-02   3.7941500e+04   1.2000000e-02
  -3.9908913e-02   3.5865767e-02   3.7938500e+04   1.2000000e-02
  -3.9921461e-02  -7.7716970e-03   3.7938500e+04   1.2000000e-02
  -3.9727250e-02   6.0264900e-03   3.7935600e+04   1.2000000e-02
  -3.9555018e-02   1.5099121e-02   3.7935600e+04   1.2000000e-02
  -3.9560759e-02   9.1680100e-03   3.7935600e+04   1.2000000e-02
  -3.9371796e-02   2.0289142e-02   3.7938500e+04   1.2000000e-02
  -3.9369663e-02   1.0809796e-02   3.7938500e+04   1.2000000e-02
  -3.9202598e-02  -1.5056390e-03   3.7941500e+04   1.2000000e-02
  -3.9189968e-02   2.5522713e-02   3.7944500e+04   1.2000000e-02
  -3.9027905e-02   3.3114146e-02   3.7944500e+04   1.2000000e-02
  -3.8859528e-02   2.3823843e-02   3.7941500e+04   1.2000000e-02
  -3.8868796e-02   2.3262613e-02   3.7944500e+04   1.2000000e-02
  -3.8696235e-02   2.1281446e-02   3.7944500e+04   1.2000000e-02
  -3.8702141e-02   3.0176927e-02   3.7947500e+04   1.2000000e-02
  -3.8523511e-02   3.6872588e-02   3.7947500e+04   1.2000000e-02
  -3.8517934e-02   1.6198047e-02   3.7947500e+04   1.2000000e-02
  -3.8349803e-02   5.3375600e-04   3.7947500e+04   1.2000000e-02
  -3.8352673e-02   1.1319111e-02   3.7947500e+04   1.2000000e-02
  -3.8175520e-02   2.7878853e-02   3.7947500e+04   1.2000000e-02
  -3.8000663e-02   4.4860812e-02   3.7947500e+04   1.2000000e-02
  -3.7988033e-02   1.7766160e-03   3.7944500e+04   1.2000000e-02
  -3.7836879e-02  -3.1742897e-02   3.7944500e+04   1.2000000e-02
  -3.7825889e-02   2.1055740e-02   3.7944500e+04   1.2000000e-02
  -3.7653330e-02   2.6233377e-02   3.7941500e+04   1.2000000e-02
  -3.7654478e-02   5.5157120e-02   3.7941500e+04   1.2000000e-02
  -3.7471994e-02   2.4823529e-02   3.7941500e+04   1.2000000e-02
  -3.7293364e-02   3.3157122e-02   3.7941500e+04   1.2000000e-02
  -3.7292626e-02  -2.9464870e-03   3.7941500e+04   1.2000000e-02
  -3.7125479e-02   9.6819190e-03   3.7941500e+04   1.2000000e-02
  -3.7116047e-02   1.5323925e-02   3.7944500e+04   1.2000000e-02
  -3.6938156e-02   2.3092267e-02   3.7947500e+04   1.2000000e-02
  -3.6946193e-02   1.0793393e-02   3.7947500e+04   1.2000000e-02
  -3.6772649e-02   4.3679463e-02   3.7947500e+04   1.2000000e-02
  -3.6611982e-02   5.9025217e-02   3.7947500e+04   1.2000000e-02
  -3.6611818e-02   4.9299821e-02   3.7947500e+04   1.2000000e-02
  -3.6434337e-02   3.5717729e-02   3.7947500e+04   1.2000000e-02
  -3.6436961e-02  -8.2102330e-03   3.7944500e+04   1.2000000e-02
  -3.6264237e-02   2.2483138e-02   3.7941500e+04   1.2000000e-02
  -3.6265303e-02   7.0115020e-02   3.7941500e+04   1.2000000e-02
  -3.6091349e-02   6.9973790e-02   3.7941500e+04   1.2000000e-02
  -3.5916902e-02   4.7171763e-02   3.7941500e+04   1.2000000e-02
  -3.5912801e-02  -1.2447804e-02   3.7941500e+04   1.2000000e-02
  -3.5735238e-02   4.2537315e-02   3.7941500e+04   1.2000000e-02
  -3.5734254e-02   5.7403196e-02   3.7941500e+04   1.2000000e-02
  -3.5556690e-02   2.6995791e-02   3.7944500e+04   1.2000000e-02
  -3.5564891e-02  -9.6106460e-03   3.7947500e+04   1.2000000e-02
  -3.5379619e-02   9.8376660e-03   3.7944500e+04   1.2000000e-02
  -3.5192624e-02   4.6830087e-02   3.7947500e+04   1.2000000e-02
  -3.5206812e-02   6.0029497e-02   3.7947500e+04   1.2000000e-02
  -3.5030808e-02   1.2293207e-02   3.7947500e+04   1.2000000e-02
  -3.5034826e-02   2.2296143e-02   3.7944500e+04   1.2000000e-02
  -3.4876701e-02   2.9079641e-02   3.7944500e+04   1.2000000e-02
  -3.4865465e-02   2.7400540e-02   3.7944500e+04   1.2000000e-02
  -3.4685523e-02   3.5845509e-02   3.7944500e+04   1.2000000e-02
  -3.4512801e-02   4.3567184e-02   3.7944500e+04   1.2000000e-02
  -3.4509438e-02   3.1692654e-02   3.7941500e+04   1.2000000e-02
  -3.4328184e-02   6.4771876e-02   3.7941500e+04   1.2000000e-02
  -3.4328020e-02   5.8649913e-02   3.7941500e+04   1.2000000e-02
  -3.4149391e-02   4.3311706e-02   3.7941500e+04   1.2000000e-02
  -3.4142666e-02   4.3492140e-02   3.7941500e+04   1.2000000e-02
  -3.3969613e-02   3.6875130e-02   3.7938500e+04   1.2000000e-02
  -3.3799677e-02   1.6647163e-02   3.7938500e+04   1.2000000e-02
  -3.3791476e-02   3.7721610e-02   3.7938500e+04   1.2000000e-02
  -3.3623427e-02   5.6389156e-02   3.7938500e+04   1.2000000e-02
  -3.3624329e-02   3.9553182e-02   3.7941500e+04   1.2000000e-02
  -3.3452672e-02   6.5994398e-02   3.7941500e+04   1.2000000e-02
  -3.3455460e-02   5.5965793e-02   3.7941500e+04   1.2000000e-02
  -3.3278471e-02   1.5268975e-02   3.7938500e+04   1.2000000e-02
  -3.3111980e-02   1.9929177e-02   3.7938500e+04   1.2000000e-02
  -3.3112800e-02   4.8326461e-02   3.7941500e+04   1.2000000e-02
  -3.2940322e-02   4.9871632e-02   3.7941500e+04   1.2000000e-02
  -3.2938190e-02   3.8237734e-02   3.7941500e+04   1.2000000e-02
  -3.2767024e-02   4.2835523e-02   3.7941500e+04   1.2000000e-02
  -3.2772191e-02   9.4203125e-02   3.7944500e+04   1.2000000e-02
  -3.2586590e-02   6.0058530e-02   3.7944500e+04   1.2000000e-02
  -3.2414029e-02   5.7590437e-02   3.7947500e+04   1.2000000e-02
  -3.2424609e-02   5.0522588e-02   3.7947500e+04   1.2000000e-02
  -3.2244011e-02   1.6864996e-02   3.7947500e+04   1.2000000e-02
  -3.2248604e-02   2.9543112e-02   3.7947500e+04   1.2000000e-02
  -3.2085721e-02   7.6274800e-02   3.7947500e+04   1.2000000e-02
  -3.2073993e-02   6.5460642e-02   3.7950500e+04   1.2000000e-02
  -3.1895200e-02   5.8302988e-02   3.7950500e+04   1.2000000e-02
  -3.1726412e-02   6.0305232e-02   3.7950500e+04   1.2000000e-02
  -3.1719605e-02   5.7309206e-02   3.7950500e+04   1.2000000e-02
  -3.1547291e-02   4.3690699e-02   3.7950500e+04   1.2000000e-02
  -3.1555246e-02   1.8702880e-02   3.7950500e+04   1.2000000e-02
  -3.1377110e-02   1.5514529e-02   3.7950500e+04   1.2000000e-02
  -3.1382687e-02   6.9843877e-02   3.7950500e+04   1.2000000e-02
  -3.1214473e-02   3.4557043e-02   3.7953400e+04   1.2000000e-02
  -3.1042651e-02   4.5693516e-02   3.7953400e+04   1.2000000e-02
  -3.1037238e-02   4.6335617e-02   3.7953400e+04   1.2000000e-02
  -3.0854262e-02   3.8956356e-02   3.7953400e+04   1.2000000e-02
  -3.0862218e-02   6.6952750e-02   3.7953400e+04   1.2000000e-02
  -3.0696793e-02   5.7591667e-02   3.7953400e+04   1.2000000e-02
  -3.0694250e-02   2.5975602e-02   3.7953400e+04   1.2000000e-02
  -3.0511766e-02   5.5460741e-02   3.7956400e+04   1.2000000e-02
  -3.0342816e-02   5.0505201e-02   3.7956400e+04   1.2000000e-02
  -3.0341093e-02   9.3942070e-02   3.7956400e+04   1.2000000e-02
  -3.0158691e-02   8.5166994e-02   3.7953400e+04   1.2000000e-02
  -3.0170993e-02   6.0646088e-02   3.7953400e+04   1.2000000e-02
  -2.9995481e-02   4.8937639e-02   3.7950500e+04   1.2000000e-02
  -2.9991216e-02   5.5942419e-02   3.7950500e+04   1.2000000e-02
  -2.9813653e-02   5.8690920e-02   3.7950500e+04   1.2000000e-02
  -2.9638304e-02   3.3123988e-02   3.7950500e+04   1.2000000e-02
  -2.9635843e-02   3.8202631e-02   3.7950500e+04   1.2000000e-02
  -2.9476980e-02   4.8345242e-02   3.7950500e+04   1.2000000e-02
  -2.9466154e-02   6.8505797e-02   3.7953400e+04   1.2000000e-02
  -2.9298678e-02   7.4665870e-02   3.7953400e+04   1.2000000e-02
  -2.9295234e-02   3.3448851e-02   3.7953400e+04   1.2000000e-02
  -2.9121278e-02   2.6698978e-02   3.7953400e+04   1.2000000e-02
  -2.9128250e-02   3.3202477e-02   3.7950500e+04   1.2000000e-02
  -2.8954623e-02   6.8983291e-02   3.7950500e+04   1.2000000e-02
  -2.8777634e-02   4.8481388e-02   3.7950500e+04   1.2000000e-02
  -2.8767792e-02   3.2625663e-02   3.7953400e+04   1.2000000e-02
  -2.8595560e-02   7.9845110e-02   3.7953400e+04   1.2000000e-02
  -2.8605156e-02   5.6798169e-02   3.7953400e+04   1.2000000e-02
  -2.8422180e-02   6.9930568e-02   3.7950500e+04   1.2000000e-02
  -2.8410041e-02   4.0849435e-02   3.7950500e+04   1.2000000e-02
  -2.8248717e-02   3.8205010e-02   3.7947500e+04   1.2000000e-02
  -2.8063036e-02   6.2534166e-02   3.7947500e+04   1.2000000e-02
  -2.8066398e-02   6.3257297e-02   3.7947500e+04   1.2000000e-02
  -2.7887933e-02   4.3661747e-02   3.7950500e+04   1.2000000e-02
  -2.7903270e-02   7.2711870e-02   3.7953400e+04   1.2000000e-02
  -2.7727839e-02   9.2768758e-02   3.7953400e+04   1.2000000e-02
  -2.7735056e-02   5.7049382e-02   3.7953400e+04   1.2000000e-02
  -2.7546421e-02   2.6862762e-02   3.7953400e+04   1.2000000e-02
  -2.7376485e-02   3.9690639e-02   3.7953400e+04   1.2000000e-02
  -2.7376239e-02   7.1323603e-02   3.7953400e+04   1.2000000e-02
  -2.7211963e-02   5.2379290e-02   3.7956400e+04   1.2000000e-02
  -2.7203187e-02   5.0673086e-02   3.7956400e+04   1.2000000e-02
  -2.7030708e-02   5.0466244e-02   3.7953400e+04   1.2000000e-02
  -2.7026935e-02   5.2796467e-02   3.7953400e+04   1.2000000e-02
  -2.6854703e-02   7.7602626e-02   3.7950500e+04   1.2000000e-02
  -2.6682881e-02   3.9793568e-02   3.7950500e+04   1.2000000e-02
  -2.6682389e-02   4.1803193e-02   3.7950500e+04   1.2000000e-02
  -2.6520654e-02   5.1659405e-02   3.7950500e+04   1.2000000e-02
  -2.6512371e-02   6.9004122e-02   3.7950500e+04   1.2000000e-02
  -2.6322013e-02   7.1384890e-02   3.7950500e+04   1.2000000e-02
  -2.6322587e-02   6.7829578e-02   3.7950500e+04   1.2000000e-02
  -2.6158557e-02   2.2434339e-02   3.7950500e+04   1.2000000e-02
  -2.5978042e-02   5.7584532e-02   3.7950500e+04   1.2000000e-02
  -2.5950895e-02   6.5142095e-02   3.7953400e+04   1.2000000e-02
  -2.5787274e-02   4.7166924e-02   3.7953400e+04   1.2000000e-02
  -2.5783748e-02   7.3152830e-02   3.7956400e+04   1.2000000e-02
  -2.5614222e-02   7.8756419e-02   3.7956400e+04   1.2000000e-02
  -2.5619061e-02   5.3500325e-02   3.7956400e+04   1.2000000e-02
  -2.5445681e-02   4.1898167e-02   3.7956400e+04   1.2000000e-02
  -2.5276975e-02   7.9032040e-02   3.7956400e+04   1.2000000e-02
  -2.5285505e-02   5.9709881e-02   3.7956400e+04   1.2000000e-02
  -2.5119260e-02   6.4058506e-02   3.7953400e+04   1.2000000e-02
  -2.5120900e-02   6.8953191e-02   3.7953400e+04   1.2000000e-02
  -2.4948585e-02   5.1087018e-02   3.7953400e+04   1.2000000e-02
  -2.4957934e-02   3.6619733e-02   3.7950500e+04   1.2000000e-02
  -2.4776270e-02   4.6182166e-02   3.7950500e+04   1.2000000e-02
  -2.4604858e-02   6.1995325e-02   3.7950500e+04   1.2000000e-02
  -2.4603956e-02   9.1115040e-02   3.7950500e+04   1.2000000e-02
  -2.4435743e-02   6.4837160e-02   3.7950500e+04   1.2000000e-02
  -2.4430412e-02   7.5772285e-02   3.7950500e+04   1.2000000e-02
  -2.4243171e-02   5.2742501e-02   3.7950500e+04   1.2000000e-02
  -2.4240546e-02   3.7083859e-02   3.7950500e+04   1.2000000e-02
  -2.4065526e-02   3.9760844e-02   3.7950500e+04   1.2000000e-02
  -2.3896985e-02   5.4685614e-02   3.7950500e+04   1.2000000e-02
  -2.3905761e-02   4.1439209e-02   3.7950500e+04   1.2000000e-02
  -2.3723359e-02   3.8337546e-02   3.7950500e+04   1.2000000e-02
  -2.3726311e-02   6.6995398e-02   3.7950500e+04   1.2000000e-02
  -2.3542351e-02   6.1170414e-02   3.7950500e+04   1.2000000e-02
  -2.3541203e-02   4.4585323e-02   3.7947500e+04   1.2000000e-02
  -2.3373809e-02   4.5816949e-02   3.7947500e+04   1.2000000e-02
  -2.3199527e-02   7.0771556e-02   3.7944500e+04   1.2000000e-02
  -2.3202561e-02   6.1717046e-02   3.7941500e+04   1.2000000e-02
  -2.3021144e-02   7.0696020e-02   3.7944500e+04   1.2000000e-02
  -2.3011958e-02   8.8706140e-02   3.7947500e+04   1.2000000e-02
  -2.2830295e-02   7.0416757e-02   3.7947500e+04   1.2000000e-02
  -2.2839481e-02   7.4788346e-02   3.7950500e+04   1.2000000e-02
  -2.2659785e-02   5.4572351e-02   3.7950500e+04   1.2000000e-02
  -2.2498625e-02   7.6514950e-02   3.7953400e+04   1.2000000e-02
  -2.2496739e-02   7.9897419e-02   3.7956400e+04   1.2000000e-02
  -2.2339433e-02   6.8170683e-02   3.7956400e+04   1.2000000e-02
  -2.2335496e-02   4.6237691e-02   3.7956400e+04   1.2000000e-02
  -2.2164330e-02   5.1385227e-02   3.7956400e+04   1.2000000e-02
  -2.2168513e-02   5.8284124e-02   3.7956400e+04   1.2000000e-02
  -2.2004154e-02   4.8961916e-02   3.7956400e+04   1.2000000e-02
  -2.1825523e-02   6.2789479e-02   3.7953400e+04   1.2000000e-02
  -2.1827081e-02   1.1750386e-01   3.7953400e+04   1.2000000e-02
  -2.1649928e-02   9.5760191e-02   3.7953400e+04   1.2000000e-02
  -2.1656325e-02   3.7683309e-02   3.7953400e+04   1.2000000e-02
  -2.1465804e-02   2.5776468e-02   3.7950500e+04   1.2000000e-02
  -2.1464000e-02   4.9504777e-02   3.7950500e+04   1.2000000e-02
  -2.1301855e-02   6.1736237e-02   3.7950500e+04   1.2000000e-02
  -2.1119371e-02   1.0790889e-01   3.7950500e+04   1.2000000e-02
  -2.1109775e-02   1.1432288e-01   3.7950500e+04   1.2000000e-02
  -2.0945417e-02   6.8931457e-02   3.7950500e+04   1.2000000e-02
  -2.0928686e-02   7.8129985e-02   3.7953400e+04   1.2000000e-02
  -2.0764492e-02   4.6912103e-02   3.7953400e+04   1.2000000e-02
  -2.0768921e-02   6.4180873e-02   3.7953400e+04   1.2000000e-02
  -2.0590865e-02   4.8544950e-02   3.7953400e+04   1.2000000e-02
  -2.0426097e-02   6.1248738e-02   3.7950500e+04   1.2000000e-02
  -2.0426671e-02   9.1910220e-02   3.7950500e+04   1.2000000e-02
  -2.0256571e-02   7.9664328e-02   3.7947500e+04   1.2000000e-02
  -2.0262394e-02   8.8330986e-02   3.7947500e+04   1.2000000e-02
  -2.0080402e-02   7.2436880e-02   3.7947500e+04   1.2000000e-02
  -2.0088111e-02   5.8650569e-02   3.7944500e+04   1.2000000e-02
  -1.9905299e-02   4.8207455e-02   3.7941500e+04   1.2000000e-02
  -1.9906940e-02   5.0824323e-02   3.7941500e+04   1.2000000e-02
  -1.9725356e-02   5.6891912e-02   3.7941500e+04   1.2000000e-02
  -1.9570675e-02   5.2626859e-02   3.7947500e+04   1.2000000e-02
  -1.9574037e-02   7.9786910e-02   3.7947500e+04   1.2000000e-02
  -1.9397048e-02   5.5506998e-02   3.7947500e+04   1.2000000e-02
  -1.9394998e-02   5.5589753e-02   3.7944500e+04   1.2000000e-02
  -1.9209561e-02   5.6125231e-02   3.7944500e+04   1.2000000e-02
  -1.9213170e-02   5.8174798e-02   3.7947500e+04   1.2000000e-02
  -1.9031178e-02   8.3781506e-02   3.7947500e+04   1.2000000e-02
  -1.8878219e-02   4.1822549e-02   3.7947500e+04   1.2000000e-02
  -1.8873791e-02   9.0094234e-02   3.7947500e+04   1.2000000e-02
  -1.8687617e-02   1.2566901e-01   3.7950500e+04   1.2000000e-02
  -1.8703610e-02   4.0791942e-02   3.7953400e+04   1.2000000e-02
  -1.8521290e-02   5.3593904e-02   3.7953400e+04   1.2000000e-02
  -1.8511448e-02   5.2406646e-02   3.7956400e+04   1.2000000e-02
  -1.8338642e-02   6.4423064e-02   3.7956400e+04   1.2000000e-02
  -1.8171822e-02   8.3315413e-02   3.7956400e+04   1.2000000e-02
  -1.8179532e-02   7.4472259e-02   3.7956400e+04   1.2000000e-02
  -1.8012221e-02   6.8398357e-02   3.7956400e+04   1.2000000e-02
  -1.8008776e-02   1.0522510e-01   3.7953400e+04   1.2000000e-02
  -1.7833345e-02   5.1978444e-02   3.7953400e+04   1.2000000e-02
  -1.7828096e-02   6.3611685e-02   3.7953400e+04   1.2000000e-02
  -1.7657666e-02   3.4104564e-02   3.7953400e+04   1.2000000e-02
  -1.7474362e-02   1.4063714e-01   3.7953400e+04   1.2000000e-02
  -1.7483302e-02   6.9487931e-02   3.7953400e+04   1.2000000e-02
  -1.7315416e-02   9.4498876e-02   3.7956400e+04   1.2000000e-02
  -1.7330097e-02   1.0360784e-01   3.7953400e+04   1.2000000e-02
  -1.7140806e-02   4.4051157e-02   3.7953400e+04   1.2000000e-02
  -1.7143840e-02   7.5941647e-02   3.7953400e+04   1.2000000e-02
  -1.6960782e-02   8.8091829e-02   3.7953400e+04   1.2000000e-02
  -1.6792077e-02   8.3060017e-02   3.7956400e+04   1.2000000e-02
  -1.6806265e-02   6.5136272e-02   3.7956400e+04   1.2000000e-02
  -1.6623372e-02   6.2444340e-02   3.7956400e+04   1.2000000e-02
  -1.6620994e-02   7.1133270e-02   3.7956400e+04   1.2000000e-02
  -1.6449500e-02   9.8872184e-02   3.7956400e+04   1.2000000e-02
  -1.6441626e-02   4.5397933e-02   3.7953400e+04   1.2000000e-02
  -1.6259142e-02   1.0955919e-01   3.7953400e+04   1.2000000e-02
  -1.6080267e-02   9.4160559e-02   3.7953400e+04   1.2000000e-02
  -1.6092979e-02   8.1952481e-02   3.7953400e+04   1.2000000e-02
  -1.5921813e-02   5.8676404e-02   3.7956400e+04   1.2000000e-02
  -1.5919271e-02   7.2024916e-02   3.7959400e+04   1.2000000e-02
  -1.5742938e-02   1.0118174e-01   3.7959400e+04   1.2000000e-02
  -1.5754830e-02   7.6935921e-02   3.7956400e+04   1.2000000e-02
  -1.5579233e-02   9.0043385e-02   3.7956400e+04   1.2000000e-02
  -1.5411676e-02   4.4630349e-02   3.7953400e+04   1.2000000e-02
  -1.5405853e-02   8.6113660e-02   3.7953400e+04   1.2000000e-02
  -1.5224271e-02   8.7077050e-02   3.7953400e+04   1.2000000e-02
  -1.5224025e-02   8.9170870e-02   3.7953400e+04   1.2000000e-02
  -1.5065735e-02   6.7514475e-02   3.7953400e+04   1.2000000e-02
  -1.5060568e-02   6.6442943e-02   3.7956400e+04   1.2000000e-02
  -1.4888172e-02   6.1799307e-02   3.7953400e+04   1.2000000e-02
  -1.4712167e-02   4.2615558e-02   3.7953400e+04   1.2000000e-02
  -1.4717170e-02   6.8129836e-02   3.7953400e+04   1.2000000e-02
  -1.4545431e-02   9.8482939e-02   3.7950500e+04   1.2000000e-02
  -1.4544283e-02   1.0196761e-01   3.7950500e+04   1.2000000e-02
  -1.4353023e-02   7.8892072e-02   3.7950500e+04   1.2000000e-02
  -1.4366719e-02   4.2938780e-02   3.7950500e+04   1.2000000e-02
  -1.4189402e-02   5.4384040e-02   3.7953400e+04   1.2000000e-02
  -1.4025782e-02   1.0296115e-01   3.7950500e+04   1.2000000e-02
  -1.4022255e-02   5.8065308e-02   3.7950500e+04   1.2000000e-02
  -1.3848957e-02   8.7713079e-02   3.7950500e+04   1.2000000e-02
  -1.3852401e-02   8.9777983e-02   3.7953400e+04   1.2000000e-02
  -1.3688289e-02   7.8059140e-02   3.7953400e+04   1.2000000e-02
  -1.3679349e-02   8.9194690e-02   3.7953400e+04   1.2000000e-02
  -1.3485627e-02   8.7625050e-02   3.7953400e+04   1.2000000e-02
  -1.3315363e-02   6.7816456e-02   3.7950500e+04   1.2000000e-02
  -1.3320776e-02   7.3200370e-02   3.7950500e+04   1.2000000e-02
  -1.3140014e-02   1.2114957e-01   3.7950500e+04   1.2000000e-02
  -1.3139194e-02   6.7499384e-02   3.7950500e+04   1.2000000e-02
  -1.2965896e-02   1.0864858e-01   3.7950500e+04   1.2000000e-02
  -1.2954003e-02   1.1926770e-01   3.7950500e+04   1.2000000e-02
  -1.2785872e-02   4.6166255e-02   3.7950500e+04   1.2000000e-02
  -1.2620201e-02   7.5932871e-02   3.7950500e+04   1.2000000e-02
  -1.2620611e-02   1.1490809e-01   3.7950500e+04   1.2000000e-02
  -1.2443949e-02   7.1528231e-02   3.7950500e+04   1.2000000e-02
  -1.2443047e-02   7.6037605e-02   3.7950500e+04   1.2000000e-02
  -1.2268272e-02   5.7076119e-02   3.7950500e+04   1.2000000e-02
  -1.2274177e-02   7.6412500e-02   3.7950500e+04   1.2000000e-02
  -1.2095056e-02   6.8535241e-02   3.7953400e+04   1.2000000e-02
  -1.1933076e-02   1.3470628e-01   3.7953400e+04   1.2000000e-02
  -1.1920199e-02   1.0841335e-01   3.7953400e+04   1.2000000e-02
  -1.1739766e-02   1.1055700e-01   3.7956400e+04   1.2000000e-02
  -1.1732384e-02   6.7514475e-02   3.7956400e+04   1.2000000e-02
  -1.1564991e-02   4.6673684e-02   3.7956400e+04   1.2000000e-02
  -1.1558102e-02   2.9570095e-02   3.7953400e+04   1.2000000e-02
  -1.1380949e-02   1.3541526e-01   3.7953400e+04   1.2000000e-02
  -1.1230040e-02   9.4482900e-02   3.7953400e+04   1.2000000e-02
  -1.1232665e-02   5.1590594e-02   3.7950500e+04   1.2000000e-02
  -1.1053461e-02   7.2087740e-02   3.7950500e+04   1.2000000e-02
  -1.1061417e-02   8.6419616e-02   3.7950500e+04   1.2000000e-02
  -1.0887544e-02   1.0010638e-01   3.7953400e+04   1.2000000e-02
  -1.0880573e-02   7.9420497e-02   3.7953400e+04   1.2000000e-02
  -1.0707849e-02   8.6658936e-02   3.7953400e+04   1.2000000e-02
  -1.0718019e-02   6.3911510e-02   3.7950500e+04   1.2000000e-02
  -1.0545786e-02   9.6473971e-02   3.7950500e+04   1.2000000e-02
  -1.0375767e-02   9.8878253e-02   3.7950500e+04   1.2000000e-02
  -1.0369370e-02   8.5321675e-02   3.7950500e+04   1.2000000e-02
  -1.0207471e-02   4.7194073e-02   3.7950500e+04   1.2000000e-02
  -1.0195661e-02   7.2946113e-02   3.7950500e+04   1.2000000e-02
  -1.0018754e-02   1.2959916e-01   3.7947500e+04   1.2000000e-02
  -1.0012357e-02   1.1482695e-01   3.7950500e+04   1.2000000e-02
  -9.8439790e-03   6.3709365e-02   3.7950500e+04   1.2000000e-02
  -9.6658420e-03   1.0269820e-01   3.7950500e+04   1.2000000e-02
  -9.6754380e-03   9.4701290e-02   3.7950500e+04   1.2000000e-02
  -9.5035340e-03   5.8816734e-02   3.7950500e+04   1.2000000e-02
  -9.4908210e-03   1.0910020e-01   3.7950500e+04   1.2000000e-02
  -9.3437690e-03   7.3103582e-02   3.7947500e+04   1.2000000e-02
  -9.3340910e-03   9.6629510e-02   3.7947500e+04   1.2000000e-02
  -9.1574300e-03   8.1844385e-02   3.7947500e+04   1.2000000e-02
  -8.9812610e-03   9.9274551e-02   3.7950500e+04   1.2000000e-02
  -8.9679750e-03   1.1311211e-01   3.7950500e+04   1.2000000e-02
  -8.8023040e-03   1.1777270e-01   3.7950500e+04   1.2000000e-02
  -8.7857370e-03   6.1197643e-02   3.7950500e+04   1.2000000e-02
  -8.6056310e-03   8.9146793e-02   3.7950500e+04   1.2000000e-02
  -8.6187530e-03   8.8515602e-02   3.7950500e+04   1.2000000e-02
  -8.4557070e-03   6.1887639e-02   3.7953400e+04   1.2000000e-02
  -8.2773220e-03   9.5433278e-02   3.7956400e+04   1.2000000e-02
  -8.2786340e-03   7.1301047e-02   3.7956400e+04   1.2000000e-02
  -8.0967240e-03   7.2512662e-02   3.7956400e+04   1.2000000e-02
  -8.1113230e-03   7.7257503e-02   3.7956400e+04   1.2000000e-02
  -7.9271160e-03   1.0001458e-01   3.7956400e+04   1.2000000e-02
  -7.9210470e-03   1.0690851e-01   3.7956400e+04   1.2000000e-02
  -7.7539820e-03   1.1251559e-01   3.7956400e+04   1.2000000e-02
  -7.5816680e-03   7.2965387e-02   3.7956400e+04   1.2000000e-02
  -7.5779770e-03   1.1947507e-01   3.7956400e+04   1.2000000e-02
  -7.4051710e-03   8.5426810e-02   3.7953400e+04   1.2000000e-02
  -7.4050070e-03   6.8910871e-02   3.7953400e+04   1.2000000e-02
  -7.2297400e-03   8.3143300e-02   3.7953400e+04   1.2000000e-02
  -7.2276890e-03   8.4893230e-02   3.7953400e+04   1.2000000e-02
  -7.0655450e-03   8.4753880e-02   3.7953400e+04   1.2000000e-02
  -6.8790420e-03   9.6648360e-02   3.7953400e+04   1.2000000e-02
  -6.8782220e-03   7.5273877e-02   3.7953400e+04   1.2000000e-02
  -6.7075480e-03   1.0219520e-01   3.7956400e+04   1.2000000e-02
  -6.7168160e-03   1.3149743e-01   3.7956400e+04   1.2000000e-02
  -6.5317890e-03   1.0841411e-01   3.7959400e+04   1.2000000e-02
  -6.5399910e-03   1.3304079e-01   3.7959400e+04   1.2000000e-02
  -6.3639040e-03   1.1050668e-01   3.7956400e+04   1.2000000e-02
  -6.1869960e-03   8.4562539e-02   3.7953400e+04   1.2000000e-02
  -6.1855200e-03   1.1815383e-01   3.7953400e+04   1.2000000e-02
  -6.0048400e-03   9.0394657e-02   3.7953400e+04   1.2000000e-02
  -6.0099250e-03   1.0095142e-01   3.7956400e+04   1.2000000e-02
  -5.8394150e-03   7.8878375e-02   3.7956400e+04   1.2000000e-02
  -5.8468780e-03   8.0111643e-02   3.7956400e+04   1.2000000e-02
  -5.6739900e-03   9.1423624e-02   3.7953400e+04   1.2000000e-02
  -5.5006100e-03   6.7975155e-02   3.7950500e+04   1.2000000e-02
  -5.4892100e-03   1.2446088e-01   3.7947500e+04   1.2000000e-02
  -5.3187000e-03   1.4217148e-01   3.7947500e+04   1.2000000e-02
  -5.3201760e-03   1.0524548e-01   3.7947500e+04   1.2000000e-02
  -5.1470420e-03   6.8289359e-02   3.7947500e+04   1.2000000e-02
  -5.1470420e-03   8.4676030e-02   3.7947500e+04   1.2000000e-02
  -4.9776800e-03   9.4932060e-02   3.7947500e+04   1.2000000e-02
  -4.7907670e-03   1.0724620e-01   3.7947500e+04   1.2000000e-02
  -4.7885530e-03   1.3680947e-01   3.7950500e+04   1.2000000e-02
  -4.6126300e-03   9.1495633e-02   3.7950500e+04   1.2000000e-02
  -4.6270650e-03   1.1569494e-01   3.7950500e+04   1.2000000e-02
  -4.4495830e-03   1.0422666e-01   3.7950500e+04   1.2000000e-02
  -4.4448270e-03   1.4810233e-01   3.7947500e+04   1.2000000e-02
  -4.2783350e-03   1.0090649e-01   3.7947500e+04   1.2000000e-02
  -4.1069210e-03   1.2678783e-01   3.7950500e+04   1.2000000e-02
  -4.1005240e-03   1.2519199e-01   3.7950500e+04   1.2000000e-02
  -3.9250110e-03   1.0188174e-01   3.7950500e+04   1.2000000e-02
  -3.9247650e-03   9.4925110e-02   3.7950500e+04   1.2000000e-02
  -3.7433470e-03   7.9239899e-02   3.7947500e+04   1.2000000e-02
  -3.7483500e-03   8.7873747e-02   3.7947500e+04   1.2000000e-02
  -3.5715250e-03   1.0423944e-01   3.7947500e+04   1.2000000e-02
  -3.3866630e-03   1.1481548e-01   3.7947500e+04   1.2000000e-02
  -3.3888770e-03   1.2844840e-01   3.7947500e+04   1.2000000e-02
  -3.2188590e-03   1.0437099e-01   3.7950500e+04   1.2000000e-02
  -3.2184490e-03   9.8547450e-02   3.7950500e+04   1.2000000e-02
  -3.0390820e-03   5.9044326e-02   3.7950500e+04   1.2000000e-02
  -3.0463810e-03   9.4644535e-02   3.7947500e+04   1.2000000e-02
  -2.8841550e-03   4.5083156e-02   3.7944500e+04   1.2000000e-02
  -2.6968320e-03   1.0823597e-01   3.7941500e+04   1.2000000e-02
  -2.7047870e-03   1.0043999e-01   3.7941500e+04   1.2000000e-02
  -2.5332110e-03   1.0727734e-01   3.7941500e+04   1.2000000e-02
  -2.5373940e-03   1.1474417e-01   3.7941500e+04   1.2000000e-02
  -2.3574520e-03   1.3981177e-01   3.7944500e+04   1.2000000e-02
  -2.3582730e-03   9.7004528e-02   3.7944500e+04   1.2000000e-02
  -2.1838260e-03   1.2746649e-01   3.7944500e+04   1.2000000e-02
  -2.0199570e-03   1.1948163e-01   3.7947500e+04   1.2000000e-02
  -2.0213520e-03   7.9025480e-02   3.7944500e+04   1.2000000e-02
  -1.8419840e-03   1.3537919e-01   3.7941500e+04   1.2000000e-02
  -1.8441170e-03   1.1348030e-01   3.7941500e+04   1.2000000e-02
  -1.6747550e-03   1.2594280e-01   3.7941500e+04   1.2000000e-02
  -1.6639290e-03   1.2611000e-01   3.7944500e+04   1.2000000e-02
  -1.4962080e-03   1.2582474e-01   3.7947500e+04   1.2000000e-02
  -1.4904660e-03   1.1719240e-01   3.7947500e+04   1.2000000e-02
  -1.3235650e-03   1.2421581e-01   3.7947500e+04   1.2000000e-02
  -1.1472320e-03   6.5893519e-02   3.7947500e+04   1.2000000e-02
  -1.1486270e-03   9.2465137e-02   3.7947500e+04   1.2000000e-02
  -9.7015900e-04   8.3024340e-02   3.7947500e+04   1.2000000e-02
  -9.6532000e-04   8.9794960e-02   3.7947500e+04   1.2000000e-02
  -7.8865900e-04   8.2059675e-02   3.7947500e+04   1.2000000e-02
  -7.8537900e-04   9.3334590e-02   3.7950500e+04   1.2000000e-02
  -6.2356300e-04   1.4284604e-01   3.7950500e+04   1.2000000e-02
  -4.3123700e-04   1.3003685e-01   3.7953400e+04   1.2000000e-02
  -4.2853000e-04   1.2624688e-01   3.7953400e+04   1.2000000e-02
  -2.6835400e-04   1.0654309e-01   3.7950500e+04   1.2000000e-02
  -2.6933800e-04   1.0131099e-01   3.7950500e+04   1.2000000e-02
  -9.9977000e-05   8.3034018e-02   3.7950500e+04   1.2000000e-02
  -1.0333900e-04   1.0698146e-01   3.7950500e+04   1.2000000e-02
   8.7100000e-05   1.2310603e-01   3.7950500e+04   1.2000000e-02
   2.5318100e-04   1.0614871e-01   3.7950500e+04   1.2000000e-02
   2.5178700e-04   1.2673784e-01   3.7950500e+04   1.2000000e-02
   4.2164100e-04   1.6043778e-01   3.7950500e+04   1.2000000e-02
   4.3328700e-04   1.2006438e-01   3.7953400e+04   1.2000000e-02
   5.8780400e-04   1.2739518e-01   3.7953400e+04   1.2000000e-02
   5.8895200e-04   1.4947931e-01   3.7953400e+04   1.2000000e-02
   7.7012400e-04   1.8606025e-01   3.7953400e+04   1.2000000e-02
   9.4424200e-04   1.5024566e-01   3.7950500e+04   1.2000000e-02
   9.4670300e-04   1.0934445e-01   3.7950500e+04   1.2000000e-02
   1.1137680e-03   1.0324697e-01   3.7950500e+04   1.2000000e-02
   1.1233640e-03   1.0123337e-01   3.7950500e+04   1.2000000e-02
   1.2881330e-03   1.4778350e-01   3.7950500e+04   1.2000000e-02
   1.2910030e-03   1.6190246e-01   3.7950500e+04   1.2000000e-02
   1.4666800e-03   1.5739531e-01   3.7953400e+04   1.2000000e-02
   1.6396500e-03   1.6801444e-01   3.7953400e+04   1.2000000e-02
   1.6348930e-03   1.7672301e-01   3.7953400e+04   1.2000000e-02
   1.8084380e-03   2.2184946e-01   3.7953400e+04   1.2000000e-02
   1.8087660e-03   1.8735035e-01   3.7950500e+04   1.2000000e-02
   1.9869850e-03   1.6635550e-01   3.7950500e+04   1.2000000e-02
   1.9971550e-03   1.4405991e-01   3.7950500e+04   1.2000000e-02
   2.1804610e-03   1.6311223e-01   3.7950500e+04   1.2000000e-02
   2.3471170e-03   2.1249254e-01   3.7950500e+04   1.2000000e-02
   2.3499050e-03   2.2584269e-01   3.7950500e+04   1.2000000e-02
   2.5253360e-03   2.3168912e-01   3.7953400e+04   1.2000000e-02
   2.5249260e-03   1.9432540e-01   3.7953400e+04   1.2000000e-02
   2.7011770e-03   2.1882335e-01   3.7950500e+04   1.2000000e-02
   2.7115930e-03   2.7811630e-01   3.7950500e+04   1.2000000e-02
   2.8761150e-03   2.3767733e-01   3.7950500e+04   1.2000000e-02
   3.0493320e-03   2.7658933e-01   3.7950500e+04   1.2000000e-02
   3.0326010e-03   2.8029897e-01   3.7953400e+04   1.2000000e-02
   3.2077850e-03   2.6153433e-01   3.7953400e+04   1.2000000e-02
   3.2013880e-03   3.1838968e-01   3.7953400e+04   1.2000000e-02
   3.3816580e-03   3.2803839e-01   3.7950500e+04   1.2000000e-02
   3.3656650e-03   3.4143525e-01   3.7950500e+04   1.2000000e-02
   3.5457710e-03   3.7788097e-01   3.7950500e+04   1.2000000e-02
   3.7276810e-03   4.7947262e-01   3.7950500e+04   1.2000000e-02
   3.7193970e-03   5.2416299e-01   3.7950500e+04   1.2000000e-02
   3.8932690e-03   5.1442251e-01   3.7950500e+04   1.2000000e-02
