  -7.1418979e-02  -3.0125147e-02   3.7554100e+04   1.2000000e-02
  -7.1419061e-02  -6.1406412e-02   3.7557100e+04   1.2000000e-02
  -7.1239119e-02  -5.8436971e-02   3.7557100e+04   1.2000000e-02
  -7.1242154e-02  -4.3825716e-02   3.7557100e+04   1.2000000e-02
  -7.1074270e-02  -3.1599370e-02   3.7557100e+04   1.2000000e-02
  -7.1073204e-02  -5.2738554e-02   3.7557100e+04   1.2000000e-02
  -7.0885553e-02  -4.5845586e-02   3.7557100e+04   1.2000000e-02
  -7.0707006e-02  -3.5156701e-02   3.7560100e+04   1.2000000e-02
  -7.0704709e-02  -2.3057640e-02   3.7560100e+04   1.2000000e-02
  -7.0535430e-02  -2.5765376e-02   3.7563000e+04   1.2000000e-02
  -7.0540597e-02  -5.5087471e-02   3.7566000e+04   1.2000000e-02
  -7.0361967e-02  -5.1923406e-02   3.7569000e+04   1.2000000e-02
  -7.0374269e-02  -2.2459832e-02   3.7572000e+04   1.2000000e-02
  -7.0206548e-02   5.8566360e-03   3.7575000e+04   1.2000000e-02
  -7.0021853e-02  -1.7654222e-02   3.7575000e+04   1.2000000e-02
  -7.0018080e-02  -1.3149692e-02   3.7575000e+04   1.2000000e-02
  -6.9835350e-02  -4.8796331e-02   3.7575000e+04   1.2000000e-02
  -6.9851097e-02  -2.0627526e-02   3.7575000e+04   1.2000000e-02
  -6.9675010e-02  -2.5416483e-02   3.7572000e+04   1.2000000e-02
  -6.9675748e-02  -6.0604460e-03   3.7572000e+04   1.2000000e-02
  -6.9511471e-02  -5.7499128e-02   3.7572000e+04   1.2000000e-02
  -6.9334564e-02  -1.1947428e-02   3.7572000e+04   1.2000000e-02
  -6.9326609e-02  -3.7694664e-02   3.7572000e+04   1.2000000e-02
  -6.9152900e-02  -2.6482845e-02   3.7572000e+04   1.2000000e-02
  -6.9139208e-02  -5.4465057e-02   3.7569000e+04   1.2000000e-02
  -6.8969846e-02  -5.6586461e-02   3.7569000e+04   1.2000000e-02
  -6.8972471e-02  -6.6621916e-02   3.7566000e+04   1.2000000e-02
  -6.8800730e-02  -2.5402212e-02   3.7563000e+04   1.2000000e-02
  -6.8614392e-02  -2.6374667e-02   3.7560100e+04   1.2000000e-02
  -6.8624151e-02  -4.2845881e-02   3.7560100e+04   1.2000000e-02
  -6.8452001e-02  -5.2298462e-02   3.7554100e+04   1.2000000e-02
  -6.8454380e-02  -4.9065915e-02   3.7554100e+04   1.2000000e-02
  -6.8284936e-02  -3.3137241e-02   3.7548100e+04   1.2000000e-02
  -6.8276899e-02  -1.6586137e-02   3.7551100e+04   1.2000000e-02
  -6.8091872e-02   1.3669019e-02   3.7554100e+04   1.2000000e-02
  -6.7942361e-02  -1.0701206e-02   3.7557100e+04   1.2000000e-02
  -6.7935390e-02  -2.9683494e-02   3.7563000e+04   1.2000000e-02
  -6.7745442e-02   1.5199590e-02   3.7563000e+04   1.2000000e-02
  -6.7746426e-02   2.5070395e-02   3.7563000e+04   1.2000000e-02
  -6.7574850e-02  -5.6324506e-02   3.7560100e+04   1.2000000e-02
  -6.7581740e-02  -5.9000086e-02   3.7560100e+04   1.2000000e-02
  -6.7402782e-02  -3.0293360e-02   3.7566000e+04   1.2000000e-02
  -6.7227926e-02  -1.2941291e-02   3.7566000e+04   1.2000000e-02
  -6.7220380e-02  -1.6076412e-02   3.7569000e+04   1.2000000e-02
  -6.7056678e-02  -3.4761633e-02   3.7569000e+04   1.2000000e-02
  -6.7059548e-02  -3.1990830e-02   3.7569000e+04   1.2000000e-02
  -6.6894453e-02  -2.6093438e-02   3.7572000e+04   1.2000000e-02
  -6.6891009e-02  -7.2042623e-02   3.7575000e+04   1.2000000e-02
  -6.6729849e-02  -3.7950306e-02   3.7577900e+04   1.2000000e-02
  -6.6561225e-02  -2.9252831e-02   3.7580900e+04   1.2000000e-02
  -6.6563357e-02  -2.5530484e-02   3.7577900e+04   1.2000000e-02
  -6.6379479e-02  -4.9799700e-04   3.7575000e+04   1.2000000e-02
  -6.6373328e-02  -1.2540728e-02   3.7575000e+04   1.2000000e-02
  -6.6202982e-02  -6.6161646e-02   3.7575000e+04   1.2000000e-02
  -6.6212414e-02  -2.1177930e-02   3.7572000e+04   1.2000000e-02
  -6.6036983e-02  -1.2906189e-02   3.7575000e+04   1.2000000e-02
  -6.6036245e-02   3.7243200e-04   3.7575000e+04   1.2000000e-02
  -6.5855814e-02  -5.5934605e-02   3.7572000e+04   1.2000000e-02
  -6.5683500e-02  -4.7531984e-02   3.7572000e+04   1.2000000e-02
  -6.5684402e-02  -3.7909955e-02   3.7575000e+04   1.2000000e-02
  -6.5512088e-02  -1.1888140e-03   3.7580900e+04   1.2000000e-02
  -6.5509956e-02  -2.4071267e-02   3.7580900e+04   1.2000000e-02
  -6.5344121e-02  -1.6755006e-02   3.7580900e+04   1.2000000e-02
  -6.5329522e-02  -3.2254345e-02   3.7577900e+04   1.2000000e-02
  -6.5160242e-02  -1.2934484e-02   3.7577900e+04   1.2000000e-02
  -6.5005069e-02  -9.2036050e-03   3.7580900e+04   1.2000000e-02
  -6.4995473e-02  -4.5357185e-02   3.7580900e+04   1.2000000e-02
  -6.4823571e-02  -6.1379921e-02   3.7583900e+04   1.2000000e-02
  -6.4817748e-02  -3.5977101e-02   3.7583900e+04   1.2000000e-02
  -6.4637561e-02  -1.8217751e-02   3.7580900e+04   1.2000000e-02
  -6.4650273e-02   1.6285721e-02   3.7583900e+04   1.2000000e-02
  -6.4472710e-02   4.3147480e-03   3.7586900e+04   1.2000000e-02
  -6.4286617e-02  -6.4926680e-03   3.7589900e+04   1.2000000e-02
  -6.4292604e-02  -6.8806830e-03   3.7589900e+04   1.2000000e-02
  -6.4116599e-02  -3.9594139e-02   3.7592800e+04   1.2000000e-02
  -6.4112334e-02  -2.2316469e-02   3.7589900e+04   1.2000000e-02
  -6.3943875e-02   1.0096100e-04   3.7589900e+04   1.2000000e-02
  -6.3941332e-02  -6.3875250e-03   3.7586900e+04   1.2000000e-02
  -6.3769102e-02   1.6207806e-02   3.7583900e+04   1.2000000e-02
  -6.3596050e-02  -2.8696685e-02   3.7583900e+04   1.2000000e-02
  -6.3605318e-02  -5.5910739e-02   3.7580900e+04   1.2000000e-02
  -6.3428329e-02  -1.2214634e-02   3.7580900e+04   1.2000000e-02
  -6.3414550e-02  -2.2283991e-02   3.7583900e+04   1.2000000e-02
  -6.3238053e-02  -3.1805580e-03   3.7583900e+04   1.2000000e-02
  -6.3228375e-02  -1.5789768e-02   3.7586900e+04   1.2000000e-02
  -6.3055897e-02  -3.7607811e-02   3.7589900e+04   1.2000000e-02
  -6.2886781e-02  -8.2004730e-03   3.7589900e+04   1.2000000e-02
  -6.2881943e-02  -3.3340065e-02   3.7589900e+04   1.2000000e-02
  -6.2708318e-02  -4.7984709e-02   3.7586900e+04   1.2000000e-02
  -6.2714551e-02  -2.7254611e-02   3.7586900e+04   1.2000000e-02
  -6.2554457e-02  -1.4405759e-02   3.7589900e+04   1.2000000e-02
  -6.2547814e-02  -1.8356849e-02   3.7592800e+04   1.2000000e-02
  -6.2374106e-02  -3.3391760e-03   3.7595800e+04   1.2000000e-02
  -6.2188013e-02  -3.7640125e-02   3.7598800e+04   1.2000000e-02
  -6.2192032e-02  -2.2316961e-02   3.7598800e+04   1.2000000e-02
  -6.2011434e-02  -2.4361847e-02   3.7595800e+04   1.2000000e-02
  -6.2004463e-02   6.5262120e-03   3.7595800e+04   1.2000000e-02
  -6.1838382e-02  -5.8333632e-02   3.7598800e+04   1.2000000e-02
  -6.1837233e-02  -4.2982680e-02   3.7598800e+04   1.2000000e-02
  -6.1662136e-02  -6.2440800e-03   3.7595800e+04   1.2000000e-02
  -6.1491052e-02   7.1789720e-03   3.7595800e+04   1.2000000e-02
  -6.1489985e-02  -1.1673169e-02   3.7595800e+04   1.2000000e-02
  -6.1322264e-02  -4.6654176e-02   3.7595800e+04   1.2000000e-02
  -6.1314801e-02  -4.1450143e-02   3.7598800e+04   1.2000000e-02
  -6.1148064e-02  -5.1218630e-03   3.7598800e+04   1.2000000e-02
  -6.1146587e-02  -2.1900649e-02   3.7598800e+04   1.2000000e-02
  -6.0978456e-02  -1.3351614e-02   3.7598800e+04   1.2000000e-02
  -6.0806798e-02  -3.2930010e-03   3.7598800e+04   1.2000000e-02
  -6.0800483e-02  -2.2429404e-02   3.7598800e+04   1.2000000e-02
  -6.0633173e-02   1.9344076e-02   3.7598800e+04   1.2000000e-02
  -6.0628580e-02  -2.4136305e-02   3.7595800e+04   1.2000000e-02
  -6.0452986e-02  -3.5304329e-02   3.7595800e+04   1.2000000e-02
  -6.0446917e-02  -1.1303116e-02   3.7589900e+04   1.2000000e-02
  -6.0281984e-02  -1.6010390e-02   3.7586900e+04   1.2000000e-02
  -6.0104667e-02   2.3241520e-03   3.7586900e+04   1.2000000e-02
  -6.0101796e-02  -1.6710640e-03   3.7586900e+04   1.2000000e-02
  -5.9927760e-02   1.1653487e-02   3.7592800e+04   1.2000000e-02
  -5.9928826e-02  -2.3252200e-03   3.7595800e+04   1.2000000e-02
  -5.9757496e-02  -1.0016130e-02   3.7589900e+04   1.2000000e-02
  -5.9762253e-02  -1.9856826e-02   3.7589900e+04   1.2000000e-02
  -5.9596174e-02  -8.3061090e-03   3.7586900e+04   1.2000000e-02
  -5.9404258e-02  -1.6671280e-03   3.7586900e+04   1.2000000e-02
  -5.9403192e-02  -1.6616975e-02   3.7589900e+04   1.2000000e-02
  -5.9226038e-02  -1.6770589e-02   3.7589900e+04   1.2000000e-02
  -5.9236454e-02  -9.1490650e-03   3.7589900e+04   1.2000000e-02
  -5.9054872e-02  -1.4379186e-02   3.7589900e+04   1.2000000e-02
  -5.9061352e-02  -1.6881719e-02   3.7589900e+04   1.2000000e-02
  -5.8900520e-02  -9.6455840e-03   3.7589900e+04   1.2000000e-02
  -5.8719676e-02  -4.6543700e-04   3.7586900e+04   1.2000000e-02
  -5.8727139e-02  -1.1346338e-02   3.7586900e+04   1.2000000e-02
  -5.8554745e-02   1.6895000e-05   3.7589900e+04   1.2000000e-02
  -5.8557862e-02  -2.0699782e-02   3.7595800e+04   1.2000000e-02
  -5.8386696e-02   2.3652420e-03   3.7595800e+04   1.2000000e-02
  -5.8374557e-02  -2.5556565e-02   3.7595800e+04   1.2000000e-02
  -5.8213561e-02  -2.9824233e-02   3.7595800e+04   1.2000000e-02
  -5.8034030e-02  -2.9654297e-02   3.7595800e+04   1.2000000e-02
  -5.8037802e-02   2.5309950e-03   3.7595800e+04   1.2000000e-02
  -5.7852776e-02  -3.0675797e-02   3.7595800e+04   1.2000000e-02
  -5.7861633e-02  -3.3455378e-02   3.7595800e+04   1.2000000e-02
  -5.7675049e-02  -2.1289061e-02   3.7595800e+04   1.2000000e-02
  -5.7676279e-02  -1.6951842e-02   3.7592800e+04   1.2000000e-02
  -5.7511020e-02  -2.7498960e-03   3.7589900e+04   1.2000000e-02
  -5.7332801e-02   1.5728900e-03   3.7592800e+04   1.2000000e-02
  -5.7345513e-02  -2.8776760e-03   3.7595800e+04   1.2000000e-02
  -5.7160979e-02  -1.7189441e-02   3.7601800e+04   1.2000000e-02
  -5.7159092e-02  -1.6785515e-02   3.7607700e+04   1.2000000e-02
  -5.6984810e-02  -1.3592577e-02   3.7610700e+04   1.2000000e-02
  -5.6978248e-02  -1.3395580e-03   3.7610700e+04   1.2000000e-02
  -5.6800521e-02  -6.1001666e-02   3.7610700e+04   1.2000000e-02
  -5.6814628e-02  -2.2576950e-02   3.7613700e+04   1.2000000e-02
  -5.6634522e-02   1.3228250e-03   3.7616700e+04   1.2000000e-02
  -5.6467705e-02   3.6054320e-02   3.7622600e+04   1.2000000e-02
  -5.6465491e-02  -3.8389170e-02   3.7622600e+04   1.2000000e-02
  -5.6287353e-02  -2.0900309e-02   3.7619700e+04   1.2000000e-02
  -5.6285877e-02  -3.6687599e-02   3.7616700e+04   1.2000000e-02
  -5.6119468e-02  -1.8614377e-02   3.7616700e+04   1.2000000e-02
  -5.6118812e-02   3.8944180e-03   3.7616700e+04   1.2000000e-02
  -5.5938132e-02  -1.7267683e-02   3.7616700e+04   1.2000000e-02
  -5.5768114e-02  -1.9064640e-02   3.7616700e+04   1.2000000e-02
  -5.5767212e-02   5.1465480e-03   3.7616700e+04   1.2000000e-02
  -5.5586286e-02   5.2870400e-03   3.7616700e+04   1.2000000e-02
  -5.5585548e-02  -2.5207098e-02   3.7616700e+04   1.2000000e-02
  -5.5412252e-02   9.5851300e-04   3.7616700e+04   1.2000000e-02
  -5.5409299e-02   7.7350360e-03   3.7613700e+04   1.2000000e-02
  -5.5252404e-02  -6.2503950e-03   3.7613700e+04   1.2000000e-02
  -5.5078695e-02   1.6165897e-02   3.7613700e+04   1.2000000e-02
  -5.5064835e-02   1.1878784e-02   3.7613700e+04   1.2000000e-02
  -5.4892029e-02  -2.2603194e-02   3.7616700e+04   1.2000000e-02
  -5.4893095e-02  -1.2676382e-02   3.7616700e+04   1.2000000e-02
  -5.4711841e-02  -2.0541820e-02   3.7619700e+04   1.2000000e-02
  -5.4715286e-02  -9.8332350e-03   3.7622600e+04   1.2000000e-02
  -5.4531325e-02  -2.6667872e-02   3.7619700e+04   1.2000000e-02
  -5.4368197e-02   3.4699880e-03   3.7616700e+04   1.2000000e-02
  -5.4368033e-02   6.5110400e-03   3.7616700e+04   1.2000000e-02
  -5.4188993e-02  -7.9960090e-03   3.7616700e+04   1.2000000e-02
  -5.4188173e-02   1.0092810e-03   3.7616700e+04   1.2000000e-02
  -5.4029555e-02   4.2130490e-03   3.7616700e+04   1.2000000e-02
  -5.4037019e-02  -5.7860230e-03   3.7616700e+04   1.2000000e-02
  -5.3858143e-02   5.2772800e-03   3.7613700e+04   1.2000000e-02
  -5.3684927e-02  -1.9391307e-02   3.7613700e+04   1.2000000e-02
  -5.3681564e-02  -2.4507342e-02   3.7613700e+04   1.2000000e-02
  -5.3512695e-02  -2.9774121e-02   3.7616700e+04   1.2000000e-02
  -5.3501295e-02  -4.0625510e-03   3.7619700e+04   1.2000000e-02
  -5.3328901e-02  -7.0429910e-03   3.7622600e+04   1.2000000e-02
  -5.3327342e-02  -1.5771971e-02   3.7622600e+04   1.2000000e-02
  -5.3148959e-02  -2.1011767e-02   3.7616700e+04   1.2000000e-02
  -5.2982140e-02  -5.6192860e-03   3.7613700e+04   1.2000000e-02
  -5.2984436e-02   3.8813770e-03   3.7613700e+04   1.2000000e-02
  -5.2811876e-02  -6.3072320e-03   3.7619700e+04   1.2000000e-02
  -5.2813844e-02  -2.5549020e-02   3.7622600e+04   1.2000000e-02
  -5.2643663e-02   4.1218752e-02   3.7622600e+04   1.2000000e-02
  -5.2639808e-02   4.8991359e-02   3.7622600e+04   1.2000000e-02
  -5.2467986e-02  -6.1973461e-02   3.7622600e+04   1.2000000e-02
  -5.2287390e-02   1.5592772e-02   3.7622600e+04   1.2000000e-02
  -5.2276400e-02  -3.7735672e-02   3.7625600e+04   1.2000000e-02
  -5.2100887e-02  -6.6588200e-04   3.7625600e+04   1.2000000e-02
  -5.2108843e-02  -1.4639009e-02   3.7625600e+04   1.2000000e-02
  -5.1939235e-02  -4.8389920e-03   3.7625600e+04   1.2000000e-02
  -5.1943582e-02  -4.9653780e-03   3.7622600e+04   1.2000000e-02
  -5.1769217e-02   2.2389148e-02   3.7622600e+04   1.2000000e-02
  -5.1592146e-02  -2.8057480e-03   3.7622600e+04   1.2000000e-02
  -5.1603136e-02  -7.9764070e-03   3.7625600e+04   1.2000000e-02
  -5.1414747e-02   1.2484370e-03   3.7622600e+04   1.2000000e-02
  -5.1415813e-02  -2.0714627e-02   3.7625600e+04   1.2000000e-02
  -5.1249406e-02   1.7916025e-02   3.7625600e+04   1.2000000e-02
  -5.1233823e-02  -7.5486900e-04   3.7628600e+04   1.2000000e-02
  -5.1052487e-02  -3.2371217e-02   3.7628600e+04   1.2000000e-02
  -5.0878533e-02  -1.3048075e-02   3.7628600e+04   1.2000000e-02
  -5.0879107e-02   5.2424240e-03   3.7625600e+04   1.2000000e-02
  -5.0715978e-02   5.5618730e-03   3.7622600e+04   1.2000000e-02
  -5.0709253e-02  -2.0832750e-03   3.7619700e+04   1.2000000e-02
  -5.0529229e-02  -1.6186722e-02   3.7619700e+04   1.2000000e-02
  -5.0533904e-02  -1.5754092e-02   3.7625600e+04   1.2000000e-02
  -5.0359212e-02  -4.2707080e-03   3.7628600e+04   1.2000000e-02
  -5.0201251e-02   1.6112751e-02   3.7631600e+04   1.2000000e-02
  -5.0216014e-02  -3.9946420e-03   3.7631600e+04   1.2000000e-02
  -5.0037631e-02  -1.3611112e-02   3.7631600e+04   1.2000000e-02
  -5.0034432e-02  -1.4336300e-03   3.7631600e+04   1.2000000e-02
  -4.9869745e-02  -1.6654866e-02   3.7631600e+04   1.2000000e-02
  -4.9859657e-02  -1.8962777e-02   3.7631600e+04   1.2000000e-02
  -4.9675205e-02  -3.5647728e-02   3.7631600e+04   1.2000000e-02
  -4.9507237e-02   2.8981632e-02   3.7631600e+04   1.2000000e-02
  -4.9520606e-02  -1.7483384e-02   3.7628600e+04   1.2000000e-02
  -4.9331233e-02  -1.6152440e-02   3.7625600e+04   1.2000000e-02
  -4.9318602e-02  -3.8754138e-02   3.7625600e+04   1.2000000e-02
  -4.9146946e-02  -2.6221873e-02   3.7628600e+04   1.2000000e-02
  -4.9153835e-02  -2.2746475e-02   3.7628600e+04   1.2000000e-02
  -4.8976600e-02   2.4845837e-02   3.7628600e+04   1.2000000e-02
  -4.8809781e-02   1.2985255e-02   3.7628600e+04   1.2000000e-02
  -4.8813554e-02   2.8348720e-02   3.7631600e+04   1.2000000e-02
  -4.8638123e-02  -1.2385554e-02   3.7631600e+04   1.2000000e-02
  -4.8634104e-02   1.7759455e-02   3.7634600e+04   1.2000000e-02
  -4.8465153e-02   1.0422353e-02   3.7640500e+04   1.2000000e-02
  -4.8474667e-02   7.7015740e-03   3.7643500e+04   1.2000000e-02
  -4.8294479e-02   2.4389258e-02   3.7646500e+04   1.2000000e-02
  -4.8123315e-02  -6.8400030e-03   3.7646500e+04   1.2000000e-02
  -4.8119870e-02  -1.8494799e-02   3.7646500e+04   1.2000000e-02
  -4.7929185e-02  -1.1257926e-02   3.7643500e+04   1.2000000e-02
  -4.7955430e-02  -4.4913290e-03   3.7643500e+04   1.2000000e-02
  -4.7784510e-02   9.4981230e-03   3.7640500e+04   1.2000000e-02
  -4.7781885e-02   2.3559918e-02   3.7637500e+04   1.2000000e-02
  -4.7588739e-02   1.1251858e-02   3.7637500e+04   1.2000000e-02
  -4.7592020e-02  -1.8011154e-02   3.7637500e+04   1.2000000e-02
  -4.7408715e-02  -2.9806870e-03   3.7637500e+04   1.2000000e-02
  -4.7254527e-02  -3.4437265e-02   3.7634600e+04   1.2000000e-02
  -4.7249934e-02  -7.0746490e-03   3.7634600e+04   1.2000000e-02
  -4.7078196e-02  -2.4910201e-02   3.7637500e+04   1.2000000e-02
  -4.7087299e-02   4.0538550e-03   3.7637500e+04   1.2000000e-02
  -4.6900632e-02  -6.4399320e-03   3.7637500e+04   1.2000000e-02
  -4.6906373e-02  -1.6287440e-03   3.7637500e+04   1.2000000e-02
  -4.6726350e-02  -8.7715480e-03   3.7637500e+04   1.2000000e-02
  -4.6551083e-02  -2.4333990e-03   3.7637500e+04   1.2000000e-02
  -4.6555102e-02   1.0800856e-02   3.7637500e+04   1.2000000e-02
  -4.6387955e-02   1.3633096e-02   3.7640500e+04   1.2000000e-02
  -4.6377949e-02   4.0990460e-03   3.7640500e+04   1.2000000e-02
  -4.6208915e-02   5.0830680e-03   3.7643500e+04   1.2000000e-02
  -4.6215640e-02   4.2572550e-03   3.7643500e+04   1.2000000e-02
  -4.6037092e-02  -2.0576677e-02   3.7646500e+04   1.2000000e-02
  -4.5869207e-02  -3.5848009e-02   3.7646500e+04   1.2000000e-02
  -4.5866664e-02  -1.8089725e-02   3.7646500e+04   1.2000000e-02
  -4.5685656e-02  -6.6217600e-03   3.7646500e+04   1.2000000e-02
  -4.5683852e-02   8.0391490e-03   3.7646500e+04   1.2000000e-02
  -4.5512194e-02  -1.6479107e-02   3.7646500e+04   1.2000000e-02
  -4.5522528e-02  -1.2327487e-02   3.7649500e+04   1.2000000e-02
  -4.5340782e-02  -5.5984540e-03   3.7652400e+04   1.2000000e-02
  -4.5159856e-02  -3.2331300e-03   3.7652400e+04   1.2000000e-02
  -4.5164367e-02   2.4154448e-02   3.7652400e+04   1.2000000e-02
  -4.4981639e-02   2.7098474e-02   3.7652400e+04   1.2000000e-02
  -4.4981721e-02   2.2128504e-02   3.7652400e+04   1.2000000e-02
  -4.4814656e-02  -9.1069800e-04   3.7655400e+04   1.2000000e-02
  -4.4817608e-02  -4.8207030e-03   3.7658400e+04   1.2000000e-02
  -4.4644146e-02   1.2307970e-02   3.7664400e+04   1.2000000e-02
  -4.4460924e-02   1.9628014e-02   3.7664400e+04   1.2000000e-02
  -4.4459447e-02  -1.4072202e-02   3.7664400e+04   1.2000000e-02
  -4.4290824e-02  -1.7131702e-02   3.7664400e+04   1.2000000e-02
  -4.4297631e-02   5.8747600e-04   3.7661400e+04   1.2000000e-02
  -4.4127859e-02   9.2554380e-03   3.7661400e+04   1.2000000e-02
  -4.4136389e-02   1.3787613e-02   3.7661400e+04   1.2000000e-02
  -4.3964896e-02   1.5441850e-03   3.7661400e+04   1.2000000e-02
  -4.3790285e-02   3.3431464e-02   3.7661400e+04   1.2000000e-02
  -4.3794796e-02  -2.3916669e-02   3.7661400e+04   1.2000000e-02
  -4.3608703e-02  -2.2000054e-02   3.7664400e+04   1.2000000e-02
  -4.3624286e-02   1.9622683e-02   3.7664400e+04   1.2000000e-02
  -4.3445411e-02   2.8791685e-02   3.7661400e+04   1.2000000e-02
  -4.3443606e-02   1.4136096e-02   3.7661400e+04   1.2000000e-02
  -4.3272687e-02  -1.8606422e-02   3.7658400e+04   1.2000000e-02
  -4.3092335e-02  -2.3999094e-02   3.7658400e+04   1.2000000e-02
  -4.3096764e-02  -7.6857450e-03   3.7658400e+04   1.2000000e-02
  -4.2926090e-02  -1.0722858e-02   3.7658400e+04   1.2000000e-02
  -4.2929780e-02   6.3102660e-03   3.7664400e+04   1.2000000e-02
  -4.2751645e-02   1.9760222e-02   3.7664400e+04   1.2000000e-02
  -4.2740901e-02   8.4498020e-03   3.7664400e+04   1.2000000e-02
  -4.2578265e-02   2.3609045e-02   3.7661400e+04   1.2000000e-02
  -4.2393074e-02   1.2875109e-02   3.7661400e+04   1.2000000e-02
  -4.2389958e-02   2.0897450e-02   3.7661400e+04   1.2000000e-02
  -4.2217643e-02  -1.9577974e-02   3.7658400e+04   1.2000000e-02
  -4.2225025e-02  -2.4237512e-02   3.7658400e+04   1.2000000e-02
  -4.2037948e-02   1.1622076e-02   3.7661400e+04   1.2000000e-02
  -4.2045247e-02   1.6925500e-03   3.7667300e+04   1.2000000e-02
  -4.1871948e-02   1.4989877e-02   3.7667300e+04   1.2000000e-02
  -4.1697665e-02  -1.7974083e-02   3.7670300e+04   1.2000000e-02
  -4.1704555e-02   3.8388110e-03   3.7670300e+04   1.2000000e-02
  -4.1531338e-02   1.0213788e-02   3.7667300e+04   1.2000000e-02
  -4.1533060e-02  -1.0283828e-02   3.7667300e+04   1.2000000e-02
  -4.1366733e-02  -3.6412380e-03   3.7670300e+04   1.2000000e-02
  -4.1350494e-02   4.4289247e-02   3.7673300e+04   1.2000000e-02
  -4.1180477e-02   5.3731444e-02   3.7673300e+04   1.2000000e-02
  -4.1009639e-02   2.2476249e-02   3.7676300e+04   1.2000000e-02
  -4.1023991e-02   2.3191505e-02   3.7676300e+04   1.2000000e-02
  -4.0825106e-02  -1.2609867e-02   3.7676300e+04   1.2000000e-02
  -4.0827239e-02   2.6128478e-02   3.7673300e+04   1.2000000e-02
  -4.0653038e-02   3.0815663e-02   3.7673300e+04   1.2000000e-02
  -4.0653940e-02   4.1147316e-02   3.7673300e+04   1.2000000e-02
  -4.0474819e-02   2.2985400e-02   3.7673300e+04   1.2000000e-02
  -4.0285363e-02   6.6115080e-03   3.7673300e+04   1.2000000e-02
  -4.0306195e-02  -1.6388234e-02   3.7673300e+04   1.2000000e-02
  -4.0125680e-02   2.0570209e-02   3.7673300e+04   1.2000000e-02
  -4.0107308e-02   4.7644993e-02   3.7673300e+04   1.2000000e-02
  -3.9946066e-02   2.8680636e-02   3.7673300e+04   1.2000000e-02
  -3.9940571e-02   1.2861166e-02   3.7670300e+04   1.2000000e-02
  -3.9770554e-02   2.3416063e-02   3.7670300e+04   1.2000000e-02
  -3.9602341e-02   2.5764248e-02   3.7667300e+04   1.2000000e-02
  -3.9603161e-02   3.9078680e-03   3.7664400e+04   1.2000000e-02
  -3.9415428e-02   1.3735123e-02   3.7664400e+04   1.2000000e-02
  -3.9424121e-02  -1.1059530e-02   3.7661400e+04   1.2000000e-02
  -3.9253448e-02   2.2982119e-02   3.7658400e+04   1.2000000e-02
  -3.9263863e-02   1.6941681e-02   3.7658400e+04   1.2000000e-02
  -3.9096880e-02   3.7550526e-02   3.7658400e+04   1.2000000e-02
  -3.8910213e-02   1.6391931e-02   3.7658400e+04   1.2000000e-02
  -3.8902914e-02  -1.3821318e-02   3.7661400e+04   1.2000000e-02
  -3.8731912e-02   3.4770039e-02   3.7661400e+04   1.2000000e-02
  -3.8748725e-02   5.9352294e-02   3.7661400e+04   1.2000000e-02
  -3.8569440e-02   1.1600998e-02   3.7658400e+04   1.2000000e-02
  -3.8569112e-02   7.1479842e-02   3.7658400e+04   1.2000000e-02
  -3.8394173e-02   4.5485197e-02   3.7658400e+04   1.2000000e-02
  -3.8391548e-02   1.0973334e-02   3.7661400e+04   1.2000000e-02
  -3.8218250e-02   1.3704860e-02   3.7664400e+04   1.2000000e-02
  -3.8035274e-02   3.4299515e-02   3.7664400e+04   1.2000000e-02
  -3.8029205e-02   1.6521843e-02   3.7664400e+04   1.2000000e-02
  -3.7874114e-02   3.2915997e-02   3.7667300e+04   1.2000000e-02
  -3.7864272e-02   2.1915753e-02   3.7667300e+04   1.2000000e-02
  -3.7688267e-02   3.9391529e-02   3.7664400e+04   1.2000000e-02
  -3.7696305e-02   2.4703787e-02   3.7658400e+04   1.2000000e-02
  -3.7523089e-02  -6.2309570e-03   3.7655400e+04   1.2000000e-02
  -3.7351103e-02   5.4260560e-03   3.7655400e+04   1.2000000e-02
  -3.7352497e-02   3.1318663e-02   3.7658400e+04   1.2000000e-02
  -3.7170423e-02   3.8547998e-02   3.7664400e+04   1.2000000e-02
  -3.7177969e-02   4.3239614e-02   3.7667300e+04   1.2000000e-02
  -3.7002784e-02   3.2659207e-02   3.7670300e+04   1.2000000e-02
  -3.7006803e-02   1.4225821e-02   3.7673300e+04   1.2000000e-02
  -3.6833586e-02   4.1259513e-02   3.7673300e+04   1.2000000e-02
  -3.6656843e-02   6.2832865e-02   3.7676300e+04   1.2000000e-02
  -3.6662092e-02   2.4043563e-02   3.7676300e+04   1.2000000e-02
  -3.6488057e-02   2.9868959e-02   3.7673300e+04   1.2000000e-02
  -3.6477477e-02   7.0476660e-03   3.7673300e+04   1.2000000e-02
  -3.6316317e-02   9.5498740e-03   3.7673300e+04   1.2000000e-02
  -3.6317711e-02   5.1988122e-02   3.7673300e+04   1.2000000e-02
  -3.6142526e-02   3.9714424e-02   3.7673300e+04   1.2000000e-02
  -3.5967670e-02  -1.5748600e-03   3.7673300e+04   1.2000000e-02
  -3.5973821e-02   4.9836857e-02   3.7673300e+04   1.2000000e-02
  -3.5794781e-02   2.8027957e-02   3.7673300e+04   1.2000000e-02
  -3.5789040e-02   2.8433688e-02   3.7673300e+04   1.2000000e-02
  -3.5618120e-02   1.0627886e-02   3.7673300e+04   1.2000000e-02
  -3.5609427e-02   2.0363284e-02   3.7670300e+04   1.2000000e-02
  -3.5430550e-02   3.6986179e-02   3.7667300e+04   1.2000000e-02
  -3.5251675e-02   4.2327520e-02   3.7667300e+04   1.2000000e-02
  -3.5260778e-02   3.6586599e-02   3.7667300e+04   1.2000000e-02
  -3.5096994e-02   2.5828712e-02   3.7664400e+04   1.2000000e-02
  -3.5094861e-02   4.2696835e-02   3.7664400e+04   1.2000000e-02
  -3.4935342e-02   5.3763594e-02   3.7664400e+04   1.2000000e-02
  -3.4929273e-02   7.2746406e-02   3.7664400e+04   1.2000000e-02
  -3.4755810e-02   5.4346969e-02   3.7664400e+04   1.2000000e-02
  -3.4582840e-02   2.7341899e-02   3.7667300e+04   1.2000000e-02
  -3.4582758e-02   5.7259040e-03   3.7667300e+04   1.2000000e-02
  -3.4398143e-02   4.7929915e-02   3.7670300e+04   1.2000000e-02
  -3.4390844e-02   3.3636831e-02   3.7670300e+04   1.2000000e-02
  -3.4222056e-02   2.1231827e-02   3.7667300e+04   1.2000000e-02
  -3.4219104e-02   4.1694359e-02   3.7664400e+04   1.2000000e-02
  -3.4040885e-02   5.6540967e-02   3.7664400e+04   1.2000000e-02
  -3.3864224e-02   3.8158999e-02   3.7667300e+04   1.2000000e-02
  -3.3871441e-02   4.0350618e-02   3.7667300e+04   1.2000000e-02
  -3.3696912e-02   5.9827247e-02   3.7664400e+04   1.2000000e-02
  -3.3702899e-02   8.0491702e-02   3.7664400e+04   1.2000000e-02
  -3.3537721e-02   4.9110609e-02   3.7664400e+04   1.2000000e-02
  -3.3534276e-02   2.3969011e-02   3.7664400e+04   1.2000000e-02
  -3.3347282e-02   1.9879883e-02   3.7664400e+04   1.2000000e-02
  -3.3182595e-02   2.6890155e-02   3.7667300e+04   1.2000000e-02
  -3.3184564e-02   8.1507320e-02   3.7670300e+04   1.2000000e-02
  -3.3019057e-02   2.4900870e-02   3.7670300e+04   1.2000000e-02
  -3.3007657e-02   5.0263911e-02   3.7667300e+04   1.2000000e-02
  -3.2845840e-02   5.1476838e-02   3.7667300e+04   1.2000000e-02
  -3.2845512e-02   3.1409454e-02   3.7667300e+04   1.2000000e-02
  -3.2656057e-02   5.6524154e-02   3.7670300e+04   1.2000000e-02
  -3.2481856e-02   5.6648081e-02   3.7670300e+04   1.2000000e-02
  -3.2484235e-02   8.7490982e-02   3.7670300e+04   1.2000000e-02
  -3.2314052e-02   6.9033156e-02   3.7670300e+04   1.2000000e-02
  -3.2319137e-02   1.6794053e-02   3.7673300e+04   1.2000000e-02
  -3.2153302e-02   3.9487405e-02   3.7670300e+04   1.2000000e-02
  -3.2155598e-02   8.7559957e-02   3.7670300e+04   1.2000000e-02
  -3.1987467e-02   3.4138601e-02   3.7670300e+04   1.2000000e-02
  -3.1799242e-02   3.7469741e-02   3.7673300e+04   1.2000000e-02
  -3.1804245e-02   5.7235885e-02   3.7673300e+04   1.2000000e-02
  -3.1626517e-02   7.7522330e-02   3.7673300e+04   1.2000000e-02
  -3.1637507e-02   4.0937849e-02   3.7673300e+04   1.2000000e-02
  -3.1452481e-02   4.0612410e-02   3.7670300e+04   1.2000000e-02
  -3.1453465e-02   4.6556894e-02   3.7673300e+04   1.2000000e-02
  -3.1289189e-02   4.1572402e-02   3.7673300e+04   1.2000000e-02
  -3.1100964e-02   5.7182000e-02   3.7673300e+04   1.2000000e-02
  -3.1092353e-02   6.2589362e-02   3.7673300e+04   1.2000000e-02
  -3.0917660e-02   2.8441561e-02   3.7673300e+04   1.2000000e-02
  -3.0924549e-02   3.1024884e-02   3.7673300e+04   1.2000000e-02
  -3.0759945e-02   2.9018457e-02   3.7673300e+04   1.2000000e-02
  -3.0752153e-02   6.2755853e-02   3.7676300e+04   1.2000000e-02
  -3.0586400e-02   4.9529054e-02   3.7676300e+04   1.2000000e-02
  -3.0404900e-02   6.2030345e-02   3.7676300e+04   1.2000000e-02
  -3.0418023e-02   4.1698131e-02   3.7676300e+04   1.2000000e-02
  -3.0235047e-02   1.8384086e-02   3.7679300e+04   1.2000000e-02
  -3.0242593e-02   4.9126848e-02   3.7679300e+04   1.2000000e-02
  -3.0061585e-02   6.3542300e-02   3.7679300e+04   1.2000000e-02
  -3.0051661e-02   7.3052323e-02   3.7679300e+04   1.2000000e-02
  -2.9880085e-02   3.8596305e-02   3.7676300e+04   1.2000000e-02
  -2.9695223e-02   4.1727165e-02   3.7679300e+04   1.2000000e-02
  -2.9694648e-02   4.3923130e-02   3.7679300e+04   1.2000000e-02
  -2.9529142e-02   6.8052824e-02   3.7679300e+04   1.2000000e-02
  -2.9532012e-02   6.5615569e-02   3.7682200e+04   1.2000000e-02
  -2.9355925e-02   4.3481231e-02   3.7685200e+04   1.2000000e-02
  -2.9358304e-02   5.5453359e-02   3.7685200e+04   1.2000000e-02
  -2.9174014e-02   6.7954323e-02   3.7685200e+04   1.2000000e-02
  -2.9172046e-02   8.3428922e-02   3.7682200e+04   1.2000000e-02
  -2.9000880e-02   7.0566189e-02   3.7682200e+04   1.2000000e-02
  -2.8840950e-02   5.5293348e-02   3.7682200e+04   1.2000000e-02
  -2.8840458e-02   4.0158456e-02   3.7679300e+04   1.2000000e-02
  -2.8672983e-02   5.7044789e-02   3.7673300e+04   1.2000000e-02
  -2.8652725e-02   4.5291969e-02   3.7673300e+04   1.2000000e-02
  -2.8476556e-02   6.6261361e-02   3.7673300e+04   1.2000000e-02
  -2.8483773e-02   4.5458460e-02   3.7673300e+04   1.2000000e-02
  -2.8311049e-02   3.1132980e-02   3.7673300e+04   1.2000000e-02
  -2.8145297e-02   4.4599593e-02   3.7673300e+04   1.2000000e-02
  -2.8148496e-02   6.0898861e-02   3.7673300e+04   1.2000000e-02
  -2.7990698e-02   3.6357612e-02   3.7679300e+04   1.2000000e-02
  -2.7979052e-02   3.5885532e-02   3.7682200e+04   1.2000000e-02
  -2.7798864e-02   3.6986917e-02   3.7682200e+04   1.2000000e-02
  -2.7799930e-02   5.8416251e-02   3.7682200e+04   1.2000000e-02
  -2.7620645e-02   3.0555428e-02   3.7682200e+04   1.2000000e-02
  -2.7450463e-02   3.8351489e-02   3.7685200e+04   1.2000000e-02
  -2.7455794e-02   7.5074860e-02   3.7682200e+04   1.2000000e-02
  -2.7273966e-02   4.7935820e-02   3.7679300e+04   1.2000000e-02
  -2.7270768e-02   6.0507974e-02   3.7679300e+04   1.2000000e-02
  -2.7091317e-02   7.4963449e-02   3.7679300e+04   1.2000000e-02
  -2.7086396e-02   6.5155135e-02   3.7682200e+04   1.2000000e-02
  -2.6916050e-02   6.7012867e-02   3.7685200e+04   1.2000000e-02
  -2.6750871e-02   5.9869157e-02   3.7688200e+04   1.2000000e-02
  -2.6745786e-02   8.8504038e-02   3.7688200e+04   1.2000000e-02
  -2.6586103e-02   1.0065668e-01   3.7688200e+04   1.2000000e-02
  -2.6579705e-02   4.7293148e-02   3.7688200e+04   1.2000000e-02
  -2.6408868e-02   2.3668014e-02   3.7688200e+04   1.2000000e-02
  -2.6391972e-02   5.0822600e-02   3.7688200e+04   1.2000000e-02
  -2.6222857e-02   1.0597085e-01   3.7688200e+04   1.2000000e-02
  -2.6052266e-02   6.0756726e-02   3.7691200e+04   1.2000000e-02
  -2.6053086e-02   5.6864601e-02   3.7691200e+04   1.2000000e-02
  -2.5884955e-02   2.9410083e-02   3.7691200e+04   1.2000000e-02
  -2.5882658e-02   5.8226878e-02   3.7694200e+04   1.2000000e-02
  -2.5701896e-02   4.7840846e-02   3.7694200e+04   1.2000000e-02
  -2.5710508e-02   9.5580390e-02   3.7697100e+04   1.2000000e-02
  -2.5529746e-02   6.5241579e-02   3.7697100e+04   1.2000000e-02
  -2.5355956e-02   2.6390928e-02   3.7697100e+04   1.2000000e-02
  -2.5358334e-02   3.8455730e-02   3.7697100e+04   1.2000000e-02
  -2.5203571e-02   4.7237295e-02   3.7700100e+04   1.2000000e-02
  -2.5197994e-02   7.0070322e-02   3.7703100e+04   1.2000000e-02
  -2.5024203e-02   5.4277092e-02   3.7703100e+04   1.2000000e-02
  -2.5018708e-02   3.5183724e-02   3.7700100e+04   1.2000000e-02
  -2.4831057e-02   6.7696467e-02   3.7694200e+04   1.2000000e-02
  -2.4660629e-02   4.9994983e-02   3.7691200e+04   1.2000000e-02
  -2.4660629e-02   4.1794417e-02   3.7688200e+04   1.2000000e-02
  -2.4476012e-02   5.0802014e-02   3.7688200e+04   1.2000000e-02
  -2.4487495e-02   6.1837198e-02   3.7691200e+04   1.2000000e-02
  -2.4308947e-02   7.6924848e-02   3.7691200e+04   1.2000000e-02
  -2.4303944e-02   5.1777425e-02   3.7694200e+04   1.2000000e-02
  -2.4142128e-02   5.0566794e-02   3.7694200e+04   1.2000000e-02
  -2.3963418e-02   6.9198171e-02   3.7697100e+04   1.2000000e-02
  -2.3953986e-02   8.1616215e-02   3.7700100e+04   1.2000000e-02
  -2.3778145e-02   7.7440479e-02   3.7700100e+04   1.2000000e-02
  -2.3790529e-02   7.5090440e-02   3.7700100e+04   1.2000000e-02
  -2.3618871e-02   5.0329523e-02   3.7697100e+04   1.2000000e-02
  -2.3617805e-02   4.4091755e-02   3.7697100e+04   1.2000000e-02
  -2.3435485e-02   5.4027273e-02   3.7697100e+04   1.2000000e-02
  -2.3261858e-02   6.5003260e-02   3.7697100e+04   1.2000000e-02
  -2.3268502e-02   5.6398834e-02   3.7700100e+04   1.2000000e-02
  -2.3090118e-02   4.3830043e-02   3.7700100e+04   1.2000000e-02
  -2.3102913e-02   3.8421612e-02   3.7700100e+04   1.2000000e-02
  -2.2917067e-02   2.4702803e-02   3.7700100e+04   1.2000000e-02
  -2.2919199e-02   3.0336118e-02   3.7700100e+04   1.2000000e-02
  -2.2726627e-02   1.2897952e-01   3.7700100e+04   1.2000000e-02
  -2.2572357e-02   3.4014266e-02   3.7700100e+04   1.2000000e-02
  -2.2566288e-02   4.8947481e-02   3.7700100e+04   1.2000000e-02
  -2.2403077e-02   4.0030020e-02   3.7700100e+04   1.2000000e-02
  -2.2409228e-02   7.1769274e-02   3.7700100e+04   1.2000000e-02
  -2.2227892e-02   1.1386634e-01   3.7700100e+04   1.2000000e-02
  -2.2221413e-02   5.2952952e-02   3.7703100e+04   1.2000000e-02
  -2.2064272e-02   6.1876485e-02   3.7703100e+04   1.2000000e-02
  -2.1892366e-02   7.1079277e-02   3.7706100e+04   1.2000000e-02
  -2.1898189e-02   4.4069200e-02   3.7706100e+04   1.2000000e-02
  -2.1729975e-02   5.0353391e-02   3.7706100e+04   1.2000000e-02
  -2.1723824e-02   9.9570340e-02   3.7703100e+04   1.2000000e-02
  -2.1545031e-02   4.7869059e-02   3.7703100e+04   1.2000000e-02
  -2.1546015e-02   5.3607519e-02   3.7706100e+04   1.2000000e-02
  -2.1362875e-02   2.6282176e-02   3.7706100e+04   1.2000000e-02
  -2.1189576e-02   1.0103092e-01   3.7709100e+04   1.2000000e-02
  -2.1200238e-02   3.7185230e-02   3.7709100e+04   1.2000000e-02
  -2.1019477e-02   3.6966249e-02   3.7706100e+04   1.2000000e-02
  -2.1019723e-02   2.7674143e-02   3.7703100e+04   1.2000000e-02
  -2.0843801e-02   6.2256626e-02   3.7703100e+04   1.2000000e-02
  -2.0839044e-02   5.7148538e-02   3.7709100e+04   1.2000000e-02
  -2.0664679e-02   1.7676210e-02   3.7715000e+04   1.2000000e-02
  -2.0500977e-02   4.4297285e-02   3.7721000e+04   1.2000000e-02
  -2.0488838e-02   9.1449440e-02   3.7721000e+04   1.2000000e-02
  -2.0309143e-02   4.1993061e-02   3.7721000e+04   1.2000000e-02
  -2.0314638e-02   5.2794171e-02   3.7721000e+04   1.2000000e-02
  -2.0145768e-02   1.0194809e-01   3.7721000e+04   1.2000000e-02
  -2.0146424e-02   6.3133700e-02   3.7721000e+04   1.2000000e-02
  -1.9964432e-02   7.2191161e-02   3.7724000e+04   1.2000000e-02
  -1.9970830e-02   8.0372862e-02   3.7724000e+04   1.2000000e-02
  -1.9808847e-02   8.0148222e-02   3.7724000e+04   1.2000000e-02
  -1.9642028e-02   7.2441473e-02   3.7724000e+04   1.2000000e-02
  -1.9631530e-02   9.1899420e-02   3.7724000e+04   1.2000000e-02
  -1.9451589e-02   1.3814546e-01   3.7721000e+04   1.2000000e-02
  -1.9470616e-02   6.4688958e-02   3.7721000e+04   1.2000000e-02
  -1.9294529e-02   4.1206531e-02   3.7721000e+04   1.2000000e-02
  -1.9284523e-02   8.9990500e-02   3.7718000e+04   1.2000000e-02
  -1.9104254e-02   1.1691291e-01   3.7715000e+04   1.2000000e-02
  -1.8936614e-02   6.9544820e-02   3.7715000e+04   1.2000000e-02
  -1.8924230e-02   9.9995796e-02   3.7715000e+04   1.2000000e-02
  -1.8749046e-02   1.0490532e-01   3.7718000e+04   1.2000000e-02
  -1.8751425e-02   9.5402931e-02   3.7721000e+04   1.2000000e-02
  -1.8587886e-02   1.2039142e-01   3.7721000e+04   1.2000000e-02
  -1.8594283e-02   8.0537795e-02   3.7724000e+04   1.2000000e-02
  -1.8420493e-02   4.4260788e-02   3.7724000e+04   1.2000000e-02
  -1.8239813e-02   3.3654218e-02   3.7724000e+04   1.2000000e-02
  -1.8258103e-02   7.8168778e-02   3.7721000e+04   1.2000000e-02
  -1.8068155e-02   7.7731390e-02   3.7715000e+04   1.2000000e-02
  -1.8068401e-02   8.2620988e-02   3.7715000e+04   1.2000000e-02
  -1.7901172e-02   7.9827460e-02   3.7715000e+04   1.2000000e-02
  -1.7891412e-02   7.4333158e-02   3.7718000e+04   1.2000000e-02
  -1.7720490e-02   8.6060060e-02   3.7721000e+04   1.2000000e-02
  -1.7549816e-02   1.0338926e-01   3.7721000e+04   1.2000000e-02
  -1.7543337e-02   8.2603160e-02   3.7715000e+04   1.2000000e-02
  -1.7369547e-02   5.0811774e-02   3.7712000e+04   1.2000000e-02
  -1.7349945e-02   6.2803996e-02   3.7712000e+04   1.2000000e-02
  -1.7178451e-02   4.3601302e-02   3.7712000e+04   1.2000000e-02
  -1.7185258e-02   3.4577875e-02   3.7715000e+04   1.2000000e-02
  -1.7010729e-02   1.9903421e-02   3.7715000e+04   1.2000000e-02
  -1.6845797e-02   4.7768345e-02   3.7718000e+04   1.2000000e-02
  -1.6858263e-02   5.7021743e-02   3.7721000e+04   1.2000000e-02
  -1.6675452e-02   7.2325174e-02   3.7724000e+04   1.2000000e-02
  -1.6673237e-02   6.6868766e-02   3.7724000e+04   1.2000000e-02
  -1.6503302e-02   6.7963181e-02   3.7724000e+04   1.2000000e-02
  -1.6501333e-02   5.5242990e-02   3.7724000e+04   1.2000000e-02
  -1.6339517e-02   6.6861877e-02   3.7724000e+04   1.2000000e-02
  -1.6170073e-02   7.1362314e-02   3.7724000e+04   1.2000000e-02
  -1.6149734e-02   3.4261378e-02   3.7724000e+04   1.2000000e-02
  -1.5982668e-02   7.2905515e-02   3.7726900e+04   1.2000000e-02
  -1.5975451e-02   7.5373690e-02   3.7726900e+04   1.2000000e-02
  -1.5794525e-02   3.3644130e-02   3.7724000e+04   1.2000000e-02
  -1.5785011e-02   9.7364720e-02   3.7726900e+04   1.2000000e-02
  -1.5624423e-02   6.8029777e-02   3.7726900e+04   1.2000000e-02
  -1.5454324e-02   6.5724814e-02   3.7724000e+04   1.2000000e-02
  -1.5451863e-02   6.0625584e-02   3.7721000e+04   1.2000000e-02
  -1.5285372e-02   4.8786895e-02   3.7724000e+04   1.2000000e-02
  -1.5279139e-02   8.7963560e-02   3.7724000e+04   1.2000000e-02
  -1.5109121e-02   1.0391930e-01   3.7721000e+04   1.2000000e-02
  -1.5101740e-02   7.9779645e-02   3.7721000e+04   1.2000000e-02
  -1.4935085e-02   1.0225630e-01   3.7721000e+04   1.2000000e-02
  -1.4771136e-02   5.9593501e-02   3.7721000e+04   1.2000000e-02
  -1.4760146e-02   5.3086227e-02   3.7721000e+04   1.2000000e-02
  -1.4586931e-02   9.8244180e-02   3.7721000e+04   1.2000000e-02
  -1.4589391e-02   1.0125809e-01   3.7721000e+04   1.2000000e-02
  -1.4427739e-02   3.8851212e-02   3.7721000e+04   1.2000000e-02
  -1.4422736e-02   4.5807681e-02   3.7724000e+04   1.2000000e-02
  -1.4246649e-02   1.2489938e-01   3.7724000e+04   1.2000000e-02
  -1.4075073e-02   8.1827161e-02   3.7721000e+04   1.2000000e-02
  -1.4092870e-02   7.2436470e-02   3.7715000e+04   1.2000000e-02
  -1.3898166e-02   6.5329008e-02   3.7715000e+04   1.2000000e-02
  -1.3912273e-02   6.7306484e-02   3.7715000e+04   1.2000000e-02
  -1.3739794e-02   1.1155089e-01   3.7718000e+04   1.2000000e-02
  -1.3730116e-02   5.5645933e-02   3.7721000e+04   1.2000000e-02
  -1.3562311e-02   7.5239610e-02   3.7724000e+04   1.2000000e-02
  -1.3382862e-02   5.8364663e-02   3.7724000e+04   1.2000000e-02
  -1.3371543e-02   9.0215900e-02   3.7724000e+04   1.2000000e-02
  -1.3199639e-02   1.0044325e-01   3.7724000e+04   1.2000000e-02
  -1.3190454e-02   9.8184350e-02   3.7724000e+04   1.2000000e-02
  -1.2999522e-02   1.0602577e-01   3.7724000e+04   1.2000000e-02
  -1.3017811e-02   8.3277029e-02   3.7724000e+04   1.2000000e-02
  -1.2852140e-02   9.9261340e-02   3.7726900e+04   1.2000000e-02
  -1.2683927e-02   8.8379293e-02   3.7726900e+04   1.2000000e-02
  -1.2680728e-02   7.2751819e-02   3.7726900e+04   1.2000000e-02
  -1.2502918e-02   5.6980981e-02   3.7724000e+04   1.2000000e-02
  -1.2512760e-02   7.0918199e-02   3.7726900e+04   1.2000000e-02
  -1.2334623e-02   8.0831574e-02   3.7729900e+04   1.2000000e-02
  -1.2332736e-02   8.0920807e-02   3.7729900e+04   1.2000000e-02
  -1.2160832e-02   1.0056537e-01   3.7729900e+04   1.2000000e-02
  -1.1987698e-02   1.2223968e-01   3.7729900e+04   1.2000000e-02
  -1.1996063e-02   6.1595253e-02   3.7735900e+04   1.2000000e-02
  -1.1813579e-02   6.6803728e-02   3.7735900e+04   1.2000000e-02
  -1.1816532e-02   5.9711029e-02   3.7735900e+04   1.2000000e-02
  -1.1643398e-02   1.1144024e-01   3.7732900e+04   1.2000000e-02
  -1.1641265e-02   1.0502828e-01   3.7729900e+04   1.2000000e-02
  -1.1467147e-02   1.0272182e-01   3.7726900e+04   1.2000000e-02
  -1.1292372e-02   1.4721058e-01   3.7726900e+04   1.2000000e-02
  -1.1290404e-02   6.7853034e-02   3.7729900e+04   1.2000000e-02
  -1.1126209e-02   6.3935727e-02   3.7729900e+04   1.2000000e-02
  -1.1125307e-02   5.3951327e-02   3.7732900e+04   1.2000000e-02
  -1.0946841e-02   5.7247941e-02   3.7732900e+04   1.2000000e-02
  -1.0935769e-02   1.2588132e-01   3.7732900e+04   1.2000000e-02
  -1.0770755e-02   9.6143470e-02   3.7732900e+04   1.2000000e-02
  -1.0763947e-02   1.0236282e-01   3.7732900e+04   1.2000000e-02
  -1.0590321e-02   1.0138418e-01   3.7729900e+04   1.2000000e-02
  -1.0411771e-02   1.1460565e-01   3.7729900e+04   1.2000000e-02
  -1.0412100e-02   5.1289760e-02   3.7726900e+04   1.2000000e-02
  -1.0247331e-02   5.8855691e-02   3.7726900e+04   1.2000000e-02
  -1.0229943e-02   1.0772486e-01   3.7726900e+04   1.2000000e-02
  -1.0075345e-02   1.1543348e-01   3.7726900e+04   1.2000000e-02
  -1.0063042e-02   8.3459431e-02   3.7726900e+04   1.2000000e-02
  -9.8978630e-03   9.6651640e-02   3.7726900e+04   1.2000000e-02
  -9.7262050e-03   1.2984587e-01   3.7726900e+04   1.2000000e-02
  -9.7338330e-03   8.8951514e-02   3.7726900e+04   1.2000000e-02
  -9.5621750e-03   9.1122789e-02   3.7729900e+04   1.2000000e-02
  -9.5518410e-03   7.5431592e-02   3.7729900e+04   1.2000000e-02
  -9.3751800e-03   6.7890269e-02   3.7732900e+04   1.2000000e-02
  -9.3791990e-03   7.7103396e-02   3.7735900e+04   1.2000000e-02
  -9.2002420e-03   9.0008540e-02   3.7735900e+04   1.2000000e-02
  -9.0327670e-03   1.1780794e-01   3.7735900e+04   1.2000000e-02
  -9.0129190e-03   1.1326064e-01   3.7735900e+04   1.2000000e-02
  -8.8527430e-03   1.0775298e-01   3.7735900e+04   1.2000000e-02
  -8.8498730e-03   8.6722908e-02   3.7738900e+04   1.2000000e-02
  -8.6811670e-03   7.7493871e-02   3.7741800e+04   1.2000000e-02
  -8.6851860e-03   1.2531329e-01   3.7738900e+04   1.2000000e-02
  -8.5096730e-03   1.3181053e-01   3.7735900e+04   1.2000000e-02
  -8.3394910e-03   1.0405700e-01   3.7735900e+04   1.2000000e-02
  -8.3390810e-03   3.9406620e-02   3.7735900e+04   1.2000000e-02
  -8.1740640e-03   6.8577660e-02   3.7735900e+04   1.2000000e-02
  -8.1697180e-03   1.0065144e-01   3.7738900e+04   1.2000000e-02
  -7.9869050e-03   1.0908872e-01   3.7738900e+04   1.2000000e-02
  -7.9837070e-03   1.0417748e-01   3.7741800e+04   1.2000000e-02
  -7.8213160e-03   6.2154763e-02   3.7741800e+04   1.2000000e-02
  -7.6426870e-03   6.5499600e-02   3.7744800e+04   1.2000000e-02
  -7.6433430e-03   9.5800050e-02   3.7741800e+04   1.2000000e-02
  -7.4704550e-03   1.0268330e-01   3.7738900e+04   1.2000000e-02
  -7.4663540e-03   8.6215971e-02   3.7738900e+04   1.2000000e-02
  -7.2907590e-03   1.2540837e-01   3.7738900e+04   1.2000000e-02
  -7.2798510e-03   1.0106699e-01   3.7741800e+04   1.2000000e-02
  -7.1144260e-03   7.8812599e-02   3.7741800e+04   1.2000000e-02
  -6.9387500e-03   5.8061371e-02   3.7741800e+04   1.2000000e-02
  -6.9371910e-03   7.6108466e-02   3.7741800e+04   1.2000000e-02
  -6.7684860e-03   7.4224652e-02   3.7741800e+04   1.2000000e-02
  -6.7597100e-03   5.9937639e-02   3.7741800e+04   1.2000000e-02
  -6.5910870e-03   5.2902677e-02   3.7738900e+04   1.2000000e-02
  -6.5920710e-03   8.9646260e-02   3.7738900e+04   1.2000000e-02
  -6.4219710e-03   1.1231806e-01   3.7738900e+04   1.2000000e-02
  -6.2398970e-03   1.3972817e-01   3.7741800e+04   1.2000000e-02
  -6.2373540e-03   1.3684307e-01   3.7741800e+04   1.2000000e-02
  -6.0680740e-03   8.3730984e-02   3.7738900e+04   1.2000000e-02
  -6.0666800e-03   8.7157860e-02   3.7738900e+04   1.2000000e-02
  -5.8955960e-03   1.0110797e-01   3.7741800e+04   1.2000000e-02
  -5.8956780e-03   8.5297300e-02   3.7741800e+04   1.2000000e-02
  -5.7409970e-03   1.3356043e-01   3.7744800e+04   1.2000000e-02
  -5.5462100e-03   7.7150170e-02   3.7744800e+04   1.2000000e-02
  -5.5416990e-03   1.3038847e-01   3.7741800e+04   1.2000000e-02
  -5.3657770e-03   1.4469266e-01   3.7741800e+04   1.2000000e-02
  -5.3643820e-03   1.0785436e-01   3.7738900e+04   1.2000000e-02
  -5.2045340e-03   9.6557390e-02   3.7738900e+04   1.2000000e-02
  -5.2072410e-03   9.1710185e-02   3.7741800e+04   1.2000000e-02
  -5.0219680e-03   9.8746620e-02   3.7741800e+04   1.2000000e-02
  -4.8523610e-03   8.5754306e-02   3.7738900e+04   1.2000000e-02
  -4.8644990e-03   6.7276959e-02   3.7735900e+04   1.2000000e-02
  -4.6857060e-03   8.5755372e-02   3.7735900e+04   1.2000000e-02
  -4.6880840e-03   3.2881059e-02   3.7735900e+04   1.2000000e-02
  -4.5124070e-03   5.7703128e-02   3.7735900e+04   1.2000000e-02
  -4.5137190e-03   1.2640753e-01   3.7738900e+04   1.2000000e-02
  -4.3437840e-03   1.5525934e-01   3.7741800e+04   1.2000000e-02
  -4.1686810e-03   1.2548623e-01   3.7741800e+04   1.2000000e-02
  -4.1756520e-03   1.0485614e-01   3.7741800e+04   1.2000000e-02
  -3.9945600e-03   7.1628372e-02   3.7738900e+04   1.2000000e-02
  -3.9938220e-03   1.1368029e-01   3.7735900e+04   1.2000000e-02
  -3.8271670e-03   1.1046810e-01   3.7738900e+04   1.2000000e-02
  -3.8253630e-03   1.0882082e-01   3.7741800e+04   1.2000000e-02
  -3.6478820e-03   6.3557719e-02   3.7744800e+04   1.2000000e-02
  -3.4564580e-03   8.1584803e-02   3.7744800e+04   1.2000000e-02
  -3.4538330e-03   3.6348673e-02   3.7744800e+04   1.2000000e-02
  -3.2834880e-03   5.9269048e-02   3.7744800e+04   1.2000000e-02
  -3.2855380e-03   7.3728705e-02   3.7750800e+04   1.2000000e-02
  -3.1087130e-03   8.0145925e-02   3.7750800e+04   1.2000000e-02
  -3.1215070e-03   7.6038753e-02   3.7753800e+04   1.2000000e-02
  -2.9410740e-03   1.1538922e-01   3.7753800e+04   1.2000000e-02
  -2.7667090e-03   1.0136615e-01   3.7753800e+04   1.2000000e-02
  -2.7621980e-03   1.2861971e-01   3.7753800e+04   1.2000000e-02
  -2.5961170e-03   1.3126137e-01   3.7750800e+04   1.2000000e-02
  -2.6024320e-03   1.4253786e-01   3.7750800e+04   1.2000000e-02
  -2.4221630e-03   1.5244145e-01   3.7750800e+04   1.2000000e-02
  -2.4219990e-03   1.5818871e-01   3.7747800e+04   1.2000000e-02
  -2.2512430e-03   7.8106670e-02   3.7744800e+04   1.2000000e-02
  -2.0776980e-03   1.3256704e-01   3.7744800e+04   1.2000000e-02
  -2.0711370e-03   1.1529906e-01   3.7741800e+04   1.2000000e-02
  -1.9044800e-03   8.5888811e-02   3.7741800e+04   1.2000000e-02
  -1.9008710e-03   7.5139782e-02   3.7741800e+04   1.2000000e-02
  -1.7325760e-03   1.0081700e-01   3.7741800e+04   1.2000000e-02
  -1.7340520e-03   1.2787794e-01   3.7741800e+04   1.2000000e-02
  -1.5568990e-03   1.1970621e-01   3.7744800e+04   1.2000000e-02
  -1.5544380e-03   1.1100912e-01   3.7744800e+04   1.2000000e-02
  -1.3764650e-03   8.0804509e-02   3.7744800e+04   1.2000000e-02
  -1.2009520e-03   1.3172610e-01   3.7741800e+04   1.2000000e-02
  -1.1970980e-03   1.1781532e-01   3.7738900e+04   1.2000000e-02
  -1.0367580e-03   1.5158166e-01   3.7738900e+04   1.2000000e-02
  -1.0270800e-03   1.1963490e-01   3.7738900e+04   1.2000000e-02
  -8.4607000e-04   1.1917099e-01   3.7741800e+04   1.2000000e-02
  -8.5140100e-04   1.4250835e-01   3.7744800e+04   1.2000000e-02
  -6.6694900e-04   1.5011370e-01   3.7744800e+04   1.2000000e-02
  -4.9816100e-04   1.3527592e-01   3.7747800e+04   1.2000000e-02
  -5.0685500e-04   1.1260411e-01   3.7750800e+04   1.2000000e-02
  -3.2191000e-04   1.2023651e-01   3.7753800e+04   1.2000000e-02
  -3.2625700e-04   1.3688815e-01   3.7756700e+04   1.2000000e-02
  -1.6370300e-04   1.4370993e-01   3.7756700e+04   1.2000000e-02
  -1.6788500e-04   1.4511231e-01   3.7756700e+04   1.2000000e-02
   1.2958000e-05   1.2296013e-01   3.7756700e+04   1.2000000e-02
   1.8371400e-04   1.1640228e-01   3.7750800e+04   1.2000000e-02
   1.8355000e-04   1.1248363e-01   3.7744800e+04   1.2000000e-02
   3.5078000e-04   1.6080825e-01   3.7741800e+04   1.2000000e-02
   3.4405400e-04   1.3894296e-01   3.7741800e+04   1.2000000e-02
   5.1341600e-04   1.8827653e-01   3.7744800e+04   1.2000000e-02
   5.2678400e-04   1.6659156e-01   3.7750800e+04   1.2000000e-02
   6.9573600e-04   1.4244032e-01   3.7753800e+04   1.2000000e-02
   8.7781000e-04   1.5220868e-01   3.7750800e+04   1.2000000e-02
   8.7994200e-04   1.7057989e-01   3.7750800e+04   1.2000000e-02
   1.0515180e-03   1.7574847e-01   3.7747800e+04   1.2000000e-02
   1.0598020e-03   1.2386828e-01   3.7744800e+04   1.2000000e-02
   1.2096440e-03   1.9020021e-01   3.7741800e+04   1.2000000e-02
   1.2190760e-03   1.7870162e-01   3.7738900e+04   1.2000000e-02
   1.3961470e-03   1.7523702e-01   3.7738900e+04   1.2000000e-02
   1.5654270e-03   1.9854896e-01   3.7738900e+04   1.2000000e-02
   1.5705110e-03   2.4260906e-01   3.7738900e+04   1.2000000e-02
   1.7497970e-03   2.8152022e-01   3.7738900e+04   1.2000000e-02
   1.7430720e-03   2.3379721e-01   3.7738900e+04   1.2000000e-02
   1.9201430e-03   3.1518493e-01   3.7741800e+04   1.2000000e-02
   1.9102190e-03   2.6037128e-01   3.7741800e+04   1.2000000e-02
   2.0895860e-03   3.0870329e-01   3.7741800e+04   1.2000000e-02
   2.2587860e-03   3.4796034e-01   3.7744800e+04   1.2000000e-02
   2.2664950e-03   4.0862614e-01   3.7744800e+04   1.2000000e-02
   2.4297880e-03   5.2562605e-01   3.7747800e+04   1.2000000e-02
   2.4191260e-03   4.3725014e-01   3.7747800e+04   1.2000000e-02
   2.5948850e-03   4.8451582e-01   3.7747800e+04   1.2000000e-02
   2.6084990e-03   4.0225598e-01   3.7747800e+04   1.2000000e-02
   2.7835200e-03   6.0952926e-01   3.7750800e+04   1.2000000e-02
   2.9452540e-03   5.8502637e-01   3.7750800e+04   1.2000000e-02
   2.9378730e-03   5.8740086e-01   3.7750800e+04   1.2000000e-02
   3.1244580e-03   8.1049051e-01   3.7750800e+04   1.2000000e-02
   3.1226530e-03   7.8580568e-01   3.7750800e+04   1.2000000e-02
   3.2950500e-03   1.0356562e+00   3.7750800e+04   1.2000000e-02
   3.2949680e-03   1.0012257e+00   3.7750800e+04   1.2000000e-02
   3.4735150e-03   1.0145958e+00   3.7750800e+04   1.2000000e-02
   3.6555890e-03   1.0518416e+00   3.7750800e+04   1.2000000e-02
   3.6620680e-03   1.2148097e+00   3.7753800e+04   1.2000000e-02
   3.8341360e-03   1.3408936e+00   3.7753800e+04   1.2000000e-02
