  -7.1390191e-02  -5.1204216e-02   3.7977300e+04   1.2000000e-02
  -7.1398721e-02  -6.9496298e-02   3.7974300e+04   1.2000000e-02
  -7.1216977e-02  -6.4025808e-02   3.7971300e+04   1.2000000e-02
  -7.1215501e-02  -6.1351708e-02   3.7974300e+04   1.2000000e-02
  -7.1040972e-02  -1.8534330e-02   3.7974300e+04   1.2000000e-02
  -7.1044581e-02  -3.5128078e-02   3.7974300e+04   1.2000000e-02
  -7.0874235e-02  -1.7763140e-02   3.7977300e+04   1.2000000e-02
  -7.0698230e-02  -4.4060197e-02   3.7977300e+04   1.2000000e-02
  -7.0686092e-02  -3.5262829e-02   3.7977300e+04   1.2000000e-02
  -7.0523045e-02  -4.4257608e-02   3.7977300e+04   1.2000000e-02
  -7.0525834e-02  -1.7806690e-02   3.7977300e+04   1.2000000e-02
  -7.0349501e-02  -3.6499047e-02   3.7977300e+04   1.2000000e-02
  -7.0352863e-02  -9.6178630e-03   3.7980300e+04   1.2000000e-02
  -7.0173581e-02  -1.4667141e-02   3.7980300e+04   1.2000000e-02
  -6.9986668e-02  -1.1735583e-02   3.7977300e+04   1.2000000e-02
  -6.9987160e-02  -3.1039125e-02   3.7977300e+04   1.2000000e-02
  -6.9827558e-02  -5.1905199e-02   3.7974300e+04   1.2000000e-02
  -6.9809843e-02  -6.4352229e-02   3.7974300e+04   1.2000000e-02
  -6.9645812e-02  -4.6446268e-02   3.7977300e+04   1.2000000e-02
  -6.9649995e-02  -5.1688842e-02   3.7977300e+04   1.2000000e-02
  -6.9456111e-02  -7.1715956e-02   3.7977300e+04   1.2000000e-02
  -6.9301758e-02  -9.9706930e-03   3.7977300e+04   1.2000000e-02
  -6.9304137e-02  -8.4398780e-03   3.7974300e+04   1.2000000e-02
  -6.9125265e-02  -3.8308549e-02   3.7971300e+04   1.2000000e-02
  -6.9131088e-02  -3.5908701e-02   3.7974300e+04   1.2000000e-02
  -6.8954755e-02  -8.3977220e-03   3.7974300e+04   1.2000000e-02
  -6.8960496e-02  -1.8693686e-02   3.7974300e+04   1.2000000e-02
  -6.8786460e-02  -1.7847206e-02   3.7974300e+04   1.2000000e-02
  -6.8596758e-02  -4.2542506e-02   3.7974300e+04   1.2000000e-02
  -6.8600367e-02  -4.2013015e-02   3.7974300e+04   1.2000000e-02
  -6.8441339e-02  -6.9238524e-02   3.7974300e+04   1.2000000e-02
  -6.8437157e-02  -3.7722878e-02   3.7974300e+04   1.2000000e-02
  -6.8271486e-02  -2.7994307e-02   3.7974300e+04   1.2000000e-02
  -6.8265088e-02  -5.2090471e-02   3.7974300e+04   1.2000000e-02
  -6.8092036e-02  -6.6006391e-02   3.7974300e+04   1.2000000e-02
  -6.7911933e-02  -5.7973338e-02   3.7974300e+04   1.2000000e-02
  -6.7903978e-02  -2.3163686e-02   3.7974300e+04   1.2000000e-02
  -6.7735354e-02  -5.9530880e-03   3.7974300e+04   1.2000000e-02
  -6.7744048e-02  -3.7840816e-02   3.7977300e+04   1.2000000e-02
  -6.7566239e-02  -3.2621610e-02   3.7977300e+04   1.2000000e-02
  -6.7571570e-02   8.0084750e-03   3.7977300e+04   1.2000000e-02
  -6.7392448e-02  -5.0830700e-03   3.7977300e+04   1.2000000e-02
  -6.7219478e-02  -2.5027155e-02   3.7977300e+04   1.2000000e-02
  -6.7223087e-02  -6.9344160e-02   3.7977300e+04   1.2000000e-02
  -6.7048394e-02  -3.3781388e-02   3.7977300e+04   1.2000000e-02
  -6.7043473e-02  -3.3693878e-02   3.7980300e+04   1.2000000e-02
  -6.6883381e-02  -4.3125469e-02   3.7980300e+04   1.2000000e-02
  -6.6879526e-02  -1.6242411e-02   3.7977300e+04   1.2000000e-02
  -6.6709427e-02  -1.7225200e-02   3.7974300e+04   1.2000000e-02
  -6.6544740e-02  -3.9732663e-02   3.7974300e+04   1.2000000e-02
  -6.6543838e-02  -9.9988240e-03   3.7968300e+04   1.2000000e-02
  -6.6367587e-02  -6.3321640e-03   3.7968300e+04   1.2000000e-02
  -6.6361436e-02  -1.1143186e-02   3.7968300e+04   1.2000000e-02
  -6.6195929e-02  -2.6823373e-02   3.7968300e+04   1.2000000e-02
  -6.6196257e-02  -2.6705599e-02   3.7968300e+04   1.2000000e-02
  -6.6023122e-02  -3.6700147e-02   3.7971300e+04   1.2000000e-02
  -6.6020170e-02  -4.1279879e-02   3.7974300e+04   1.2000000e-02
  -6.5837771e-02  -3.9993389e-02   3.7977300e+04   1.2000000e-02
  -6.5654467e-02  -4.3674644e-02   3.7977300e+04   1.2000000e-02
  -6.5661356e-02  -2.2272837e-02   3.7977300e+04   1.2000000e-02
  -6.5498391e-02  -1.5919189e-02   3.7977300e+04   1.2000000e-02
  -6.5511268e-02  -3.4562992e-02   3.7977300e+04   1.2000000e-02
  -6.5325093e-02   9.2472300e-04   3.7980300e+04   1.2000000e-02
  -6.5335919e-02  -1.4617521e-02   3.7980300e+04   1.2000000e-02
  -6.5154665e-02  -1.5694795e-02   3.7977300e+04   1.2000000e-02
  -6.4965538e-02  -1.9455525e-02   3.7977300e+04   1.2000000e-02
  -6.4964554e-02  -1.3344730e-03   3.7977300e+04   1.2000000e-02
  -6.4795440e-02  -4.9855311e-02   3.7977300e+04   1.2000000e-02
  -6.4806512e-02  -1.1536040e-02   3.7980300e+04   1.2000000e-02
  -6.4618779e-02  -4.0793202e-02   3.7980300e+04   1.2000000e-02
  -6.4628129e-02  -3.7826217e-02   3.7983200e+04   1.2000000e-02
  -6.4440232e-02  -2.5404591e-02   3.7983200e+04   1.2000000e-02
  -6.4269722e-02  -3.0407197e-02   3.7983200e+04   1.2000000e-02
  -6.4277677e-02  -2.5932277e-02   3.7980300e+04   1.2000000e-02
  -6.4113483e-02  -1.9945569e-02   3.7977300e+04   1.2000000e-02
  -6.4118158e-02  -8.4112550e-03   3.7977300e+04   1.2000000e-02
  -6.3929358e-02  -2.0734966e-02   3.7977300e+04   1.2000000e-02
  -6.3929850e-02  -1.7378978e-02   3.7977300e+04   1.2000000e-02
  -6.3764099e-02  -1.6132510e-02   3.7977300e+04   1.2000000e-02
  -6.3589653e-02  -3.7479375e-02   3.7977300e+04   1.2000000e-02
  -6.3585716e-02   3.6800300e-04   3.7977300e+04   1.2000000e-02
  -6.3418979e-02  -2.5351800e-03   3.7977300e+04   1.2000000e-02
  -6.3417503e-02  -5.9418118e-02   3.7974300e+04   1.2000000e-02
  -6.3244368e-02  -3.9687883e-02   3.7974300e+04   1.2000000e-02
  -6.3246911e-02  -3.8570342e-02   3.7977300e+04   1.2000000e-02
  -6.3064755e-02  -8.9820810e-03   3.7980300e+04   1.2000000e-02
  -6.2881943e-02  -2.1623109e-02   3.7980300e+04   1.2000000e-02
  -6.2897936e-02  -1.8292549e-02   3.7980300e+04   1.2000000e-02
  -6.2707088e-02  -1.7054690e-02   3.7980300e+04   1.2000000e-02
  -6.2717914e-02  -3.5517158e-02   3.7977300e+04   1.2000000e-02
  -6.2545190e-02   2.5908660e-03   3.7977300e+04   1.2000000e-02
  -6.2541827e-02   3.5627500e-04   3.7974300e+04   1.2000000e-02
  -6.2355160e-02  -3.1309390e-03   3.7974300e+04   1.2000000e-02
  -6.2173332e-02  -4.3100290e-02   3.7974300e+04   1.2000000e-02
  -6.2179893e-02  -6.9382953e-02   3.7977300e+04   1.2000000e-02
  -6.2015289e-02  -4.6291751e-02   3.7977300e+04   1.2000000e-02
  -6.2018241e-02   2.4143294e-02   3.7980300e+04   1.2000000e-02
  -6.1836413e-02  -1.2180940e-03   3.7977300e+04   1.2000000e-02
  -6.1833789e-02  -1.5002993e-02   3.7977300e+04   1.2000000e-02
  -6.1645404e-02   4.9332200e-04   3.7977300e+04   1.2000000e-02
  -6.1478503e-02  -2.4452090e-03   3.7980300e+04   1.2000000e-02
  -6.1469482e-02  -2.0035950e-02   3.7977300e+04   1.2000000e-02
  -6.1318573e-02  -1.3548697e-02   3.7977300e+04   1.2000000e-02
  -6.1311192e-02  -1.9258114e-02   3.7977300e+04   1.2000000e-02
  -6.1145357e-02  -2.0991591e-02   3.7980300e+04   1.2000000e-02
  -6.1144209e-02  -4.3117596e-02   3.7977300e+04   1.2000000e-02
  -6.0969270e-02  -1.0445728e-02   3.7977300e+04   1.2000000e-02
  -6.0794249e-02  -2.7338210e-03   3.7977300e+04   1.2000000e-02
  -6.0797940e-02   9.5613570e-03   3.7977300e+04   1.2000000e-02
  -6.0642933e-02  -1.6193530e-02   3.7977300e+04   1.2000000e-02
  -6.0627268e-02  -1.5053105e-02   3.7977300e+04   1.2000000e-02
  -6.0448721e-02  -4.8212382e-02   3.7977300e+04   1.2000000e-02
  -6.0447983e-02  -1.4788359e-02   3.7977300e+04   1.2000000e-02
  -6.0274028e-02   1.3674350e-02   3.7980300e+04   1.2000000e-02
  -6.0108767e-02  -1.5010785e-02   3.7980300e+04   1.2000000e-02
  -6.0104175e-02  -2.0203589e-02   3.7980300e+04   1.2000000e-02
  -5.9941456e-02  -8.6207220e-03   3.7980300e+04   1.2000000e-02
  -5.9935715e-02  -2.8474998e-02   3.7977300e+04   1.2000000e-02
  -5.9756594e-02  -2.6878077e-02   3.7977300e+04   1.2000000e-02
  -5.9758726e-02  -8.8560240e-03   3.7977300e+04   1.2000000e-02
  -5.9581903e-02  -2.2614431e-02   3.7977300e+04   1.2000000e-02
  -5.9408030e-02  -1.2827290e-02   3.7980300e+04   1.2000000e-02
  -5.9411803e-02  -2.5074970e-02   3.7977300e+04   1.2000000e-02
  -5.9244164e-02   1.5263070e-02   3.7977300e+04   1.2000000e-02
  -5.9242031e-02   5.4216270e-03   3.7977300e+04   1.2000000e-02
  -5.9072260e-02   1.7293444e-02   3.7977300e+04   1.2000000e-02
  -5.9063402e-02  -3.5428828e-02   3.7977300e+04   1.2000000e-02
  -5.8886331e-02   5.3398580e-03   3.7974300e+04   1.2000000e-02
  -5.8706061e-02  -1.5482701e-02   3.7977300e+04   1.2000000e-02
  -5.8721808e-02  -5.8563920e-03   3.7980300e+04   1.2000000e-02
  -5.8543919e-02  -4.1827880e-03   3.7980300e+04   1.2000000e-02
  -5.8540966e-02   2.5794922e-02   3.7980300e+04   1.2000000e-02
  -5.8365782e-02  -3.8055122e-02   3.7977300e+04   1.2000000e-02
  -5.8365864e-02  -3.3606367e-02   3.7974300e+04   1.2000000e-02
  -5.8195682e-02  -6.3680608e-02   3.7974300e+04   1.2000000e-02
  -5.8027140e-02  -3.1101292e-02   3.7974300e+04   1.2000000e-02
  -5.8032881e-02  -3.5230843e-02   3.7974300e+04   1.2000000e-02
  -5.7848839e-02  -3.3296432e-02   3.7977300e+04   1.2000000e-02
  -5.7848019e-02  -2.5460935e-02   3.7977300e+04   1.2000000e-02
  -5.7670866e-02  -3.9395416e-02   3.7980300e+04   1.2000000e-02
  -5.7667585e-02  -2.6551164e-02   3.7977300e+04   1.2000000e-02
  -5.7494125e-02  -1.5053761e-02   3.7977300e+04   1.2000000e-02
  -5.7311149e-02  -5.8183370e-03   3.7974300e+04   1.2000000e-02
  -5.7320334e-02  -1.3372620e-03   3.7974300e+04   1.2000000e-02
  -5.7158436e-02   7.7648900e-03   3.7974300e+04   1.2000000e-02
  -5.7160158e-02   1.4541300e-04   3.7971300e+04   1.2000000e-02
  -5.6972015e-02  -1.2259825e-02   3.7971300e+04   1.2000000e-02
  -5.6969145e-02  -1.7569582e-02   3.7971300e+04   1.2000000e-02
  -5.6805524e-02  -1.9695174e-02   3.7971300e+04   1.2000000e-02
  -5.6798143e-02  -1.3624317e-02   3.7974300e+04   1.2000000e-02
  -5.6619021e-02  -1.2299110e-02   3.7974300e+04   1.2000000e-02
  -5.6446381e-02   5.6099340e-03   3.7971300e+04   1.2000000e-02
  -5.6443675e-02   2.3440000e-04   3.7971300e+04   1.2000000e-02
  -5.6265209e-02  -1.6970542e-02   3.7974300e+04   1.2000000e-02
  -5.6280956e-02  -3.2923450e-03   3.7974300e+04   1.2000000e-02
  -5.6115695e-02  -3.0059945e-02   3.7974300e+04   1.2000000e-02
  -5.6118894e-02   2.7727760e-03   3.7974300e+04   1.2000000e-02
  -5.5943299e-02  -4.6545400e-03   3.7974300e+04   1.2000000e-02
  -5.5774676e-02  -2.6780971e-02   3.7974300e+04   1.2000000e-02
  -5.5768278e-02  -4.5279024e-02   3.7974300e+04   1.2000000e-02
  -5.5592602e-02  -1.7808987e-02   3.7971300e+04   1.2000000e-02
  -5.5593750e-02  -8.2958500e-04   3.7974300e+04   1.2000000e-02
  -5.5422668e-02  -1.0033107e-02   3.7971300e+04   1.2000000e-02
  -5.5421602e-02  -1.1806772e-02   3.7971300e+04   1.2000000e-02
  -5.5245925e-02  -2.6605130e-02   3.7971300e+04   1.2000000e-02
  -5.5069428e-02   2.3137867e-02   3.7971300e+04   1.2000000e-02
  -5.5067869e-02  -2.2905995e-02   3.7968300e+04   1.2000000e-02
  -5.4887846e-02  -4.7300760e-03   3.7974300e+04   1.2000000e-02
  -5.4889240e-02  -3.5773129e-02   3.7977300e+04   1.2000000e-02
  -5.4717828e-02  -4.9444824e-02   3.7977300e+04   1.2000000e-02
  -5.4719222e-02  -4.1628116e-02   3.7977300e+04   1.2000000e-02
  -5.4547892e-02  -8.6483610e-03   3.7974300e+04   1.2000000e-02
  -5.4380499e-02  -5.7281200e-03   3.7977300e+04   1.2000000e-02
  -5.4378039e-02  -5.5327500e-04   3.7977300e+04   1.2000000e-02
  -5.4195719e-02   3.1924490e-03   3.7980300e+04   1.2000000e-02
  -5.4191536e-02  -1.6478123e-02   3.7980300e+04   1.2000000e-02
  -5.4025537e-02  -3.3299467e-02   3.7980300e+04   1.2000000e-02
  -5.4025373e-02  -3.6511677e-02   3.7980300e+04   1.2000000e-02
  -5.3852238e-02  -1.6889347e-02   3.7980300e+04   1.2000000e-02
  -5.3679268e-02   1.6665500e-04   3.7980300e+04   1.2000000e-02
  -5.3668278e-02  -7.6766300e-04   3.7977300e+04   1.2000000e-02
  -5.3491617e-02   2.2538908e-02   3.7974300e+04   1.2000000e-02
  -5.3484564e-02   1.7232671e-02   3.7974300e+04   1.2000000e-02
  -5.3315942e-02  -8.3135720e-03   3.7974300e+04   1.2000000e-02
  -5.3311513e-02  -6.4424750e-03   3.7974300e+04   1.2000000e-02
  -5.3130423e-02  -8.5752850e-03   3.7974300e+04   1.2000000e-02
  -5.2973938e-02   1.9293063e-02   3.7971300e+04   1.2000000e-02
  -5.2958683e-02  -1.9179790e-02   3.7968300e+04   1.2000000e-02
  -5.2792848e-02  -2.5590930e-02   3.7968300e+04   1.2000000e-02
  -5.2796211e-02  -5.4400800e-04   3.7971300e+04   1.2000000e-02
  -5.2625701e-02  -9.3974060e-03   3.7974300e+04   1.2000000e-02
  -5.2620370e-02  -1.0735078e-02   3.7974300e+04   1.2000000e-02
  -5.2443791e-02   1.5192619e-02   3.7974300e+04   1.2000000e-02
  -5.2272873e-02   3.7874700e-04   3.7974300e+04   1.2000000e-02
  -5.2282469e-02   5.6425760e-03   3.7974300e+04   1.2000000e-02
  -5.2111631e-02   7.4239520e-03   3.7974300e+04   1.2000000e-02
  -5.2113517e-02   1.1510535e-02   3.7971300e+04   1.2000000e-02
  -5.1938907e-02  -1.7272768e-02   3.7971300e+04   1.2000000e-02
  -5.1931854e-02   2.1790762e-02   3.7974300e+04   1.2000000e-02
  -5.1760770e-02   1.9501710e-02   3.7974300e+04   1.2000000e-02
  -5.1588947e-02  -1.7939063e-02   3.7974300e+04   1.2000000e-02
  -5.1599199e-02  -3.5369970e-03   3.7974300e+04   1.2000000e-02
  -5.1420160e-02  -2.4778977e-02   3.7974300e+04   1.2000000e-02
  -5.1415813e-02  -1.8263926e-02   3.7971300e+04   1.2000000e-02
  -5.1243583e-02  -1.9400247e-02   3.7968300e+04   1.2000000e-02
  -5.1231527e-02  -2.4942598e-02   3.7968300e+04   1.2000000e-02
  -5.1068726e-02  -1.9791460e-02   3.7968300e+04   1.2000000e-02
  -5.0888621e-02  -8.7111850e-03   3.7968300e+04   1.2000000e-02
  -5.0887964e-02  -2.4809405e-02   3.7968300e+04   1.2000000e-02
  -5.0706136e-02  -2.8017435e-02   3.7965400e+04   1.2000000e-02
  -5.0714092e-02   5.2274970e-03   3.7968300e+04   1.2000000e-02
  -5.0540876e-02  -5.8664800e-03   3.7968300e+04   1.2000000e-02
  -5.0537513e-02  -3.7394981e-02   3.7968300e+04   1.2000000e-02
  -5.0362902e-02  -7.0370860e-03   3.7968300e+04   1.2000000e-02
  -5.0197396e-02   2.8590993e-02   3.7968300e+04   1.2000000e-02
  -5.0201579e-02   1.1572538e-02   3.7968300e+04   1.2000000e-02
  -5.0027625e-02  -8.9783090e-03   3.7971300e+04   1.2000000e-02
  -5.0027133e-02  -3.9129030e-02   3.7971300e+04   1.2000000e-02
  -4.9846207e-02   1.3466931e-02   3.7971300e+04   1.2000000e-02
  -4.9838579e-02  -1.2198149e-02   3.7971300e+04   1.2000000e-02
  -4.9667003e-02  -4.0343922e-02   3.7968300e+04   1.2000000e-02
  -4.9496986e-02  -3.4447353e-02   3.7965400e+04   1.2000000e-02
  -4.9502317e-02  -4.0266910e-02   3.7965400e+04   1.2000000e-02
  -4.9326886e-02  -2.3230060e-03   3.7968300e+04   1.2000000e-02
  -4.9335661e-02   1.6435317e-02   3.7968300e+04   1.2000000e-02
  -4.9152687e-02   1.5804127e-02   3.7968300e+04   1.2000000e-02
  -4.9155066e-02  -1.1583608e-02   3.7968300e+04   1.2000000e-02
  -4.8983408e-02   8.2605800e-04   3.7968300e+04   1.2000000e-02
  -4.8806336e-02  -2.5285300e-04   3.7968300e+04   1.2000000e-02
  -4.8795757e-02  -6.8253200e-04   3.7968300e+04   1.2000000e-02
  -4.8626559e-02   1.9027600e-04   3.7968300e+04   1.2000000e-02
  -4.8624016e-02   1.6830360e-03   3.7968300e+04   1.2000000e-02
  -4.8459330e-02   1.4506870e-03   3.7971300e+04   1.2000000e-02
  -4.8450800e-02  -9.0059480e-03   3.7974300e+04   1.2000000e-02
  -4.8266840e-02  -1.5470809e-02   3.7974300e+04   1.2000000e-02
  -4.8096660e-02   5.8381010e-03   3.7974300e+04   1.2000000e-02
  -4.8092231e-02  -1.5654359e-02   3.7974300e+04   1.2000000e-02
  -4.7929431e-02  -1.0033599e-02   3.7977300e+04   1.2000000e-02
  -4.7920573e-02  -5.9625100e-04   3.7977300e+04   1.2000000e-02
  -4.7750391e-02  -7.9543450e-03   3.7977300e+04   1.2000000e-02
  -4.7751539e-02   5.2228220e-03   3.7974300e+04   1.2000000e-02
  -4.7579717e-02   4.2886700e-02   3.7974300e+04   1.2000000e-02
  -4.7577995e-02   1.7421716e-02   3.7974300e+04   1.2000000e-02
  -4.7405599e-02   1.3121975e-02   3.7977300e+04   1.2000000e-02
  -4.7238862e-02   1.2285080e-03   3.7980300e+04   1.2000000e-02
  -4.7242060e-02   8.5902900e-04   3.7980300e+04   1.2000000e-02
  -4.7073193e-02   6.2468650e-03   3.7980300e+04   1.2000000e-02
  -4.7059496e-02   1.6467057e-02   3.7977300e+04   1.2000000e-02
  -4.6894071e-02   6.7235541e-02   3.7974300e+04   1.2000000e-02
  -4.6888330e-02   7.9579540e-03   3.7974300e+04   1.2000000e-02
  -4.6721101e-02   3.0604555e-02   3.7974300e+04   1.2000000e-02
  -4.6533286e-02   1.6798810e-02   3.7977300e+04   1.2000000e-02
  -4.6533614e-02   1.8846300e-03   3.7977300e+04   1.2000000e-02
  -4.6361628e-02  -3.5508383e-02   3.7977300e+04   1.2000000e-02
  -4.6367041e-02  -2.5171913e-02   3.7977300e+04   1.2000000e-02
  -4.6190626e-02  -2.3529967e-02   3.7977300e+04   1.2000000e-02
  -4.6193004e-02   7.1189000e-05   3.7977300e+04   1.2000000e-02
  -4.6022247e-02  -2.6169055e-02   3.7977300e+04   1.2000000e-02
  -4.5836155e-02   3.8771940e-03   3.7977300e+04   1.2000000e-02
  -4.5839681e-02   5.3201740e-03   3.7977300e+04   1.2000000e-02
  -4.5661872e-02   2.3531040e-03   3.7977300e+04   1.2000000e-02
  -4.5659904e-02  -6.5746830e-03   3.7974300e+04   1.2000000e-02
  -4.5482258e-02   3.7498119e-02   3.7974300e+04   1.2000000e-02
  -4.5480782e-02   1.5480329e-02   3.7974300e+04   1.2000000e-02
  -4.5315357e-02  -3.1995996e-02   3.7974300e+04   1.2000000e-02
  -4.5140337e-02  -3.6130250e-03   3.7977300e+04   1.2000000e-02
  -4.5134267e-02   1.3360803e-02   3.7977300e+04   1.2000000e-02
  -4.4962283e-02   2.3499309e-02   3.7974300e+04   1.2000000e-02
  -4.4950145e-02  -1.2679088e-02   3.7974300e+04   1.2000000e-02
  -4.4799811e-02   2.8357640e-03   3.7971300e+04   1.2000000e-02
  -4.4795956e-02   5.7090090e-03   3.7968300e+04   1.2000000e-02
  -4.4628563e-02  -2.3403171e-02   3.7968300e+04   1.2000000e-02
  -4.4448293e-02  -3.7772579e-02   3.7968300e+04   1.2000000e-02
  -4.4449523e-02   1.9981585e-02   3.7968300e+04   1.2000000e-02
  -4.4269828e-02  -1.2079637e-02   3.7968300e+04   1.2000000e-02
  -4.4285165e-02  -1.1281546e-02   3.7971300e+04   1.2000000e-02
  -4.4106863e-02  -8.5911100e-04   3.7971300e+04   1.2000000e-02
  -4.4111866e-02  -1.1536122e-02   3.7968300e+04   1.2000000e-02
  -4.3951855e-02   2.4446997e-02   3.7968300e+04   1.2000000e-02
  -4.3778967e-02  -2.9871884e-02   3.7968300e+04   1.2000000e-02
  -4.3774784e-02  -2.7648694e-02   3.7968300e+04   1.2000000e-02
  -4.3594105e-02  -5.1737790e-03   3.7971300e+04   1.2000000e-02
  -4.3599682e-02   2.0451122e-02   3.7971300e+04   1.2000000e-02
  -4.3427449e-02  -7.1752000e-03   3.7971300e+04   1.2000000e-02
  -4.3426301e-02   1.4656976e-02   3.7971300e+04   1.2000000e-02
  -4.3250296e-02   2.8515703e-02   3.7971300e+04   1.2000000e-02
  -4.3072159e-02   3.6868370e-03   3.7968300e+04   1.2000000e-02
  -4.3083313e-02   1.5094118e-02   3.7968300e+04   1.2000000e-02
  -4.2899109e-02   2.2065352e-02   3.7968300e+04   1.2000000e-02
  -4.2910181e-02   4.5940054e-02   3.7965400e+04   1.2000000e-02
  -4.2743444e-02   3.8776164e-02   3.7965400e+04   1.2000000e-02
  -4.2733274e-02   1.3650812e-02   3.7965400e+04   1.2000000e-02
  -4.2559565e-02  -1.2723786e-02   3.7965400e+04   1.2000000e-02
  -4.2382166e-02  -2.8133733e-02   3.7965400e+04   1.2000000e-02
  -4.2392992e-02  -2.1551346e-02   3.7965400e+04   1.2000000e-02
  -4.2202963e-02  -3.6846709e-02   3.7965400e+04   1.2000000e-02
  -4.2203783e-02  -1.5701192e-02   3.7965400e+04   1.2000000e-02
  -4.2026958e-02  -1.9381060e-03   3.7968300e+04   1.2000000e-02
  -4.2022447e-02  -1.4691430e-03   3.7968300e+04   1.2000000e-02
  -4.1849312e-02  -4.8594140e-03   3.7965400e+04   1.2000000e-02
  -4.1663465e-02  -6.4679000e-03   3.7965400e+04   1.2000000e-02
  -4.1665597e-02   2.2530297e-02   3.7965400e+04   1.2000000e-02
  -4.1498450e-02   1.5533392e-02   3.7965400e+04   1.2000000e-02
  -4.1501239e-02   1.0673486e-02   3.7968300e+04   1.2000000e-02
  -4.1320067e-02   2.9589779e-02   3.7968300e+04   1.2000000e-02
  -4.1313587e-02   3.2467124e-02   3.7965400e+04   1.2000000e-02
  -4.1148655e-02   3.6987983e-02   3.7965400e+04   1.2000000e-02
  -4.0974782e-02   2.9535403e-02   3.7965400e+04   1.2000000e-02
  -4.0990529e-02   1.9766701e-02   3.7965400e+04   1.2000000e-02
  -4.0821005e-02   3.0133540e-02   3.7962400e+04   1.2000000e-02
  -4.0808703e-02  -2.0020121e-02   3.7962400e+04   1.2000000e-02
  -4.0649183e-02   5.7902040e-03   3.7962400e+04   1.2000000e-02
  -4.0645165e-02  -3.3196292e-02   3.7965400e+04   1.2000000e-02
  -4.0467765e-02   1.3231711e-02   3.7965400e+04   1.2000000e-02
  -4.0301110e-02  -5.7420630e-03   3.7965400e+04   1.2000000e-02
  -4.0300782e-02  -9.2480570e-03   3.7968300e+04   1.2000000e-02
  -4.0127894e-02   2.0162428e-02   3.7968300e+04   1.2000000e-02
  -4.0130682e-02  -2.3981215e-02   3.7971300e+04   1.2000000e-02
  -3.9949183e-02  -8.0240580e-03   3.7971300e+04   1.2000000e-02
  -3.9956072e-02   1.5849728e-02   3.7971300e+04   1.2000000e-02
  -3.9776541e-02  -6.8546840e-03   3.7971300e+04   1.2000000e-02
  -3.9591269e-02   1.0377081e-02   3.7968300e+04   1.2000000e-02
  -3.9605211e-02   1.2971313e-02   3.7968300e+04   1.2000000e-02
  -3.9418872e-02   8.0195470e-03   3.7968300e+04   1.2000000e-02
  -3.9417642e-02   1.4874481e-02   3.7971300e+04   1.2000000e-02
  -3.9246640e-02   3.2798633e-02   3.7971300e+04   1.2000000e-02
  -3.9239669e-02   2.0381819e-02   3.7968300e+04   1.2000000e-02
  -3.9075556e-02  -1.2774882e-02   3.7971300e+04   1.2000000e-02
  -3.8886757e-02   6.4935700e-03   3.7968300e+04   1.2000000e-02
  -3.8890366e-02   1.5085425e-02   3.7968300e+04   1.2000000e-02
  -3.8713295e-02  -2.1780030e-03   3.7968300e+04   1.2000000e-02
  -3.8723136e-02  -1.0179586e-02   3.7968300e+04   1.2000000e-02
  -3.8556645e-02  -5.0767550e-03   3.7968300e+04   1.2000000e-02
  -3.8556153e-02   1.5052270e-03   3.7965400e+04   1.2000000e-02
  -3.8390482e-02  -1.8186100e-03   3.7965400e+04   1.2000000e-02
  -3.8388678e-02   2.6540196e-02   3.7968300e+04   1.2000000e-02
  -3.8223499e-02   1.4920082e-02   3.7968300e+04   1.2000000e-02
  -3.8048970e-02  -1.1314434e-02   3.7968300e+04   1.2000000e-02
  -3.8041097e-02   2.4269106e-02   3.7968300e+04   1.2000000e-02
  -3.7867553e-02   2.1835296e-02   3.7968300e+04   1.2000000e-02
  -3.7871161e-02   2.1315975e-02   3.7968300e+04   1.2000000e-02
  -3.7693024e-02   3.4305994e-02   3.7968300e+04   1.2000000e-02
  -3.7695156e-02   2.1598682e-02   3.7965400e+04   1.2000000e-02
  -3.7518004e-02  -3.9989070e-03   3.7965400e+04   1.2000000e-02
  -3.7343804e-02   3.0481122e-02   3.7962400e+04   1.2000000e-02
  -3.7353317e-02   3.7886298e-02   3.7962400e+04   1.2000000e-02
  -3.7172310e-02   1.8466593e-02   3.7962400e+04   1.2000000e-02
  -3.7179937e-02   1.5199426e-02   3.7962400e+04   1.2000000e-02
  -3.6985397e-02   1.5039168e-02   3.7959400e+04   1.2000000e-02
  -3.6979738e-02   4.6015918e-02   3.7956400e+04   1.2000000e-02
  -3.6802421e-02   4.5188712e-02   3.7959400e+04   1.2000000e-02
  -3.6627565e-02   4.6164123e-02   3.7962400e+04   1.2000000e-02
  -3.6630681e-02   1.5548975e-02   3.7962400e+04   1.2000000e-02
  -3.6456973e-02   3.0677057e-02   3.7962400e+04   1.2000000e-02
  -3.6458859e-02   6.9775430e-03   3.7959400e+04   1.2000000e-02
  -3.6289744e-02   4.1760217e-02   3.7956400e+04   1.2000000e-02
  -3.6285725e-02   4.2766630e-02   3.7956400e+04   1.2000000e-02
  -3.6115051e-02   2.1608934e-02   3.7962400e+04   1.2000000e-02
  -3.5953563e-02   2.2266453e-02   3.7965400e+04   1.2000000e-02
  -3.5947166e-02   1.9535090e-02   3.7965400e+04   1.2000000e-02
  -3.5780101e-02   3.2932728e-02   3.7962400e+04   1.2000000e-02
  -3.5776000e-02  -2.5544673e-02   3.7965400e+04   1.2000000e-02
  -3.5599667e-02  -1.0153423e-02   3.7965400e+04   1.2000000e-02
  -3.5601225e-02   3.7420204e-02   3.7965400e+04   1.2000000e-02
  -3.5416854e-02   4.3282262e-02   3.7965400e+04   1.2000000e-02
  -3.5237650e-02   7.1692426e-02   3.7965400e+04   1.2000000e-02
  -3.5241177e-02   3.7338927e-02   3.7968300e+04   1.2000000e-02
  -3.5074112e-02   2.0766635e-02   3.7968300e+04   1.2000000e-02
  -3.5072635e-02   3.5650883e-02   3.7968300e+04   1.2000000e-02
  -3.4912623e-02   3.6347771e-02   3.7968300e+04   1.2000000e-02
  -3.4911557e-02   1.8681228e-02   3.7971300e+04   1.2000000e-02
  -3.4731698e-02   2.8330267e-02   3.7974300e+04   1.2000000e-02
  -3.4564222e-02   1.9418218e-02   3.7974300e+04   1.2000000e-02
  -3.4547573e-02   1.6657250e-02   3.7971300e+04   1.2000000e-02
  -3.4377886e-02   6.8531140e-02   3.7971300e+04   1.2000000e-02
  -3.4374605e-02   6.9832641e-02   3.7971300e+04   1.2000000e-02
  -3.4210082e-02   4.5607974e-02   3.7971300e+04   1.2000000e-02
  -3.4199502e-02   3.6453406e-02   3.7968300e+04   1.2000000e-02
  -3.4014640e-02   2.9542374e-02   3.7968300e+04   1.2000000e-02
  -3.3838143e-02   6.1273015e-02   3.7968300e+04   1.2000000e-02
  -3.3835764e-02   5.7443055e-02   3.7968300e+04   1.2000000e-02
  -3.3661810e-02   2.8527677e-02   3.7965400e+04   1.2000000e-02
  -3.3673538e-02   3.9691131e-02   3.7965400e+04   1.2000000e-02
  -3.3504340e-02   4.0548438e-02   3.7965400e+04   1.2000000e-02
  -3.3505160e-02   4.6825904e-02   3.7968300e+04   1.2000000e-02
  -3.3329403e-02   3.7429718e-02   3.7968300e+04   1.2000000e-02
  -3.3149789e-02   5.9791734e-02   3.7965400e+04   1.2000000e-02
  -3.3158401e-02   5.3566839e-02   3.7965400e+04   1.2000000e-02
  -3.2982642e-02   6.0057136e-02   3.7962400e+04   1.2000000e-02
  -3.2989203e-02   8.7026119e-02   3.7962400e+04   1.2000000e-02
  -3.2813526e-02   7.4444453e-02   3.7962400e+04   1.2000000e-02
  -3.2817381e-02   1.5565378e-02   3.7959400e+04   1.2000000e-02
  -3.2641458e-02   4.8410410e-03   3.7959400e+04   1.2000000e-02
  -3.2476935e-02   2.7118732e-02   3.7959400e+04   1.2000000e-02
  -3.2465699e-02   5.1544993e-02   3.7962400e+04   1.2000000e-02
  -3.2287971e-02   4.8287914e-02   3.7962400e+04   1.2000000e-02
  -3.2271158e-02   6.2658665e-02   3.7965400e+04   1.2000000e-02
  -3.2108275e-02   5.7399423e-02   3.7965400e+04   1.2000000e-02
  -3.2117953e-02   6.1329605e-02   3.7965400e+04   1.2000000e-02
  -3.1936125e-02   6.6069773e-02   3.7965400e+04   1.2000000e-02
  -3.1768322e-02   4.8261915e-02   3.7962400e+04   1.2000000e-02
  -3.1762417e-02   4.3572433e-02   3.7962400e+04   1.2000000e-02
  -3.1599288e-02   4.2587591e-02   3.7962400e+04   1.2000000e-02
  -3.1580671e-02   4.3651987e-02   3.7965400e+04   1.2000000e-02
  -3.1417296e-02   6.2660551e-02   3.7968300e+04   1.2000000e-02
  -3.1402616e-02   8.3765923e-02   3.7971300e+04   1.2000000e-02
  -3.1222757e-02   8.1209665e-02   3.7974300e+04   1.2000000e-02
  -3.1048556e-02   5.7881347e-02   3.7974300e+04   1.2000000e-02
  -3.1055610e-02   5.8392303e-02   3.7971300e+04   1.2000000e-02
  -3.0874110e-02   4.5791606e-02   3.7968300e+04   1.2000000e-02
  -3.0880179e-02   4.2480561e-02   3.7968300e+04   1.2000000e-02
  -3.0709915e-02   6.4859222e-02   3.7974300e+04   1.2000000e-02
  -3.0715328e-02   5.6711643e-02   3.7974300e+04   1.2000000e-02
  -3.0546623e-02   7.0320389e-02   3.7974300e+04   1.2000000e-02
  -3.0372668e-02   6.9466279e-02   3.7974300e+04   1.2000000e-02
  -3.0386201e-02   5.3743664e-02   3.7974300e+04   1.2000000e-02
  -3.0212657e-02   7.2606488e-02   3.7974300e+04   1.2000000e-02
  -3.0210853e-02   3.9079297e-02   3.7974300e+04   1.2000000e-02
  -3.0027221e-02   6.5259213e-02   3.7977300e+04   1.2000000e-02
  -3.0026154e-02   6.3069318e-02   3.7977300e+04   1.2000000e-02
  -2.9850068e-02   8.1503608e-02   3.7977300e+04   1.2000000e-02
  -2.9667419e-02   7.1267912e-02   3.7974300e+04   1.2000000e-02
  -2.9656019e-02   3.7802396e-02   3.7974300e+04   1.2000000e-02
  -2.9494695e-02   5.7656951e-02   3.7974300e+04   1.2000000e-02
  -2.9493383e-02   8.6182181e-02   3.7977300e+04   1.2000000e-02
  -2.9321233e-02   4.0106540e-02   3.7977300e+04   1.2000000e-02
  -2.9322299e-02   4.4373805e-02   3.7977300e+04   1.2000000e-02
  -2.9142192e-02   7.1981530e-02   3.7974300e+04   1.2000000e-02
  -2.9139896e-02   5.0443115e-02   3.7971300e+04   1.2000000e-02
  -2.8974225e-02   4.6400245e-02   3.7968300e+04   1.2000000e-02
  -2.8795760e-02   6.5899834e-02   3.7965400e+04   1.2000000e-02
  -2.8792315e-02   7.5283473e-02   3.7962400e+04   1.2000000e-02
  -2.8620985e-02   6.8320443e-02   3.7962400e+04   1.2000000e-02
  -2.8622871e-02   7.8665382e-02   3.7962400e+04   1.2000000e-02
  -2.8446620e-02   7.5545267e-02   3.7965400e+04   1.2000000e-02
  -2.8452525e-02   2.2933484e-02   3.7965400e+04   1.2000000e-02
  -2.8270861e-02   4.0886096e-02   3.7962400e+04   1.2000000e-02
  -2.8094611e-02   4.4421374e-02   3.7965400e+04   1.2000000e-02
  -2.8096580e-02   4.9835545e-02   3.7965400e+04   1.2000000e-02
  -2.7938782e-02   5.7005914e-02   3.7965400e+04   1.2000000e-02
  -2.7942965e-02   6.0977760e-02   3.7965400e+04   1.2000000e-02
  -2.7760809e-02   6.6761736e-02   3.7965400e+04   1.2000000e-02
  -2.7760563e-02   8.7970443e-02   3.7968300e+04   1.2000000e-02
  -2.7597353e-02   1.6180085e-02   3.7965400e+04   1.2000000e-02
  -2.7418887e-02   3.7949368e-02   3.7965400e+04   1.2000000e-02
  -2.7422086e-02   1.8268198e-02   3.7965400e+04   1.2000000e-02
  -2.7247557e-02   6.6672750e-02   3.7965400e+04   1.2000000e-02
  -2.7243538e-02   7.6843243e-02   3.7968300e+04   1.2000000e-02
  -2.7061792e-02   4.7300693e-02   3.7968300e+04   1.2000000e-02
  -2.7067369e-02   6.1223232e-02   3.7965400e+04   1.2000000e-02
  -2.6890461e-02   6.4885795e-02   3.7965400e+04   1.2000000e-02
  -2.6721674e-02   3.2457775e-02   3.7962400e+04   1.2000000e-02
  -2.6719870e-02   5.5110043e-02   3.7965400e+04   1.2000000e-02
  -2.6561662e-02   7.6252731e-02   3.7965400e+04   1.2000000e-02
  -2.6547719e-02   6.0527084e-02   3.7968300e+04   1.2000000e-02
  -2.6380326e-02   6.9142646e-02   3.7968300e+04   1.2000000e-02
  -2.6370320e-02   4.1986254e-02   3.7974300e+04   1.2000000e-02
  -2.6196858e-02   4.6733637e-02   3.7974300e+04   1.2000000e-02
  -2.6036437e-02   5.6945140e-02   3.7974300e+04   1.2000000e-02
  -2.6040620e-02   5.1075453e-02   3.7974300e+04   1.2000000e-02
  -2.5865189e-02   5.3204493e-02   3.7974300e+04   1.2000000e-02
  -2.5854363e-02   3.2145706e-02   3.7974300e+04   1.2000000e-02
  -2.5685247e-02   4.9619680e-02   3.7974300e+04   1.2000000e-02
  -2.5682541e-02   5.4085340e-02   3.7977300e+04   1.2000000e-02
  -2.5499401e-02   4.0925219e-02   3.7974300e+04   1.2000000e-02
  -2.5329711e-02   6.9932536e-02   3.7974300e+04   1.2000000e-02
  -2.5316588e-02   6.3006166e-02   3.7974300e+04   1.2000000e-02
  -2.5142552e-02   7.2678579e-02   3.7971300e+04   1.2000000e-02
  -2.5141486e-02   6.0706287e-02   3.7974300e+04   1.2000000e-02
  -2.4956868e-02   5.6915205e-02   3.7977300e+04   1.2000000e-02
  -2.4970565e-02   5.5812753e-02   3.7977300e+04   1.2000000e-02
  -2.4782668e-02   4.8565125e-02   3.7977300e+04   1.2000000e-02
  -2.4608959e-02   1.6713185e-02   3.7977300e+04   1.2000000e-02
  -2.4610600e-02   4.6060616e-02   3.7977300e+04   1.2000000e-02
  -2.4445503e-02   8.8726628e-02   3.7974300e+04   1.2000000e-02
  -2.4443370e-02   1.1304508e-01   3.7974300e+04   1.2000000e-02
  -2.4275157e-02   8.1027263e-02   3.7977300e+04   1.2000000e-02
  -2.4287377e-02   4.5898800e-02   3.7977300e+04   1.2000000e-02
  -2.4099890e-02   4.5354957e-02   3.7977300e+04   1.2000000e-02
  -2.3930611e-02   4.3609093e-02   3.7977300e+04   1.2000000e-02
  -2.3929627e-02   7.5018235e-02   3.7977300e+04   1.2000000e-02
  -2.3751162e-02   5.5805207e-02   3.7974300e+04   1.2000000e-02
  -2.3751818e-02   5.8845521e-02   3.7977300e+04   1.2000000e-02
  -2.3580652e-02   7.8093160e-02   3.7977300e+04   1.2000000e-02
  -2.3585409e-02   8.3151710e-02   3.7977300e+04   1.2000000e-02
  -2.3399234e-02   5.6049203e-02   3.7980300e+04   1.2000000e-02
  -2.3227658e-02   4.0208813e-02   3.7980300e+04   1.2000000e-02
  -2.3231267e-02   5.9995460e-02   3.7977300e+04   1.2000000e-02
  -2.3067482e-02   3.6888335e-02   3.7974300e+04   1.2000000e-02
  -2.3065104e-02   1.1991029e-01   3.7974300e+04   1.2000000e-02
  -2.2877864e-02   5.6055846e-02   3.7977300e+04   1.2000000e-02
  -2.2880816e-02   3.5621604e-02   3.7977300e+04   1.2000000e-02
  -2.2707928e-02   1.0545858e-01   3.7974300e+04   1.2000000e-02
  -2.2538484e-02   4.8494264e-02   3.7974300e+04   1.2000000e-02
  -2.2530447e-02   2.9380066e-02   3.7977300e+04   1.2000000e-02
  -2.2366252e-02   3.1330309e-02   3.7977300e+04   1.2000000e-02
  -2.2368549e-02   4.0453957e-02   3.7977300e+04   1.2000000e-02
  -2.2200335e-02   1.2033978e-01   3.7977300e+04   1.2000000e-02
  -2.2180651e-02   8.3276291e-02   3.7974300e+04   1.2000000e-02
  -2.2012684e-02   8.2534380e-02   3.7974300e+04   1.2000000e-02
  -2.1854721e-02   5.4195404e-02   3.7974300e+04   1.2000000e-02
  -2.1858903e-02   8.5688366e-02   3.7974300e+04   1.2000000e-02
  -2.1687819e-02   8.0446347e-02   3.7974300e+04   1.2000000e-02
  -2.1678388e-02   8.8602292e-02   3.7977300e+04   1.2000000e-02
  -2.1498528e-02   6.0587693e-02   3.7977300e+04   1.2000000e-02
  -2.1501481e-02   5.8232455e-02   3.7977300e+04   1.2000000e-02
  -2.1332693e-02   5.4158744e-02   3.7977300e+04   1.2000000e-02
  -2.1160625e-02   6.9538534e-02   3.7977300e+04   1.2000000e-02
  -2.1160297e-02   7.8576558e-02   3.7974300e+04   1.2000000e-02
  -2.0996348e-02   7.5098630e-02   3.7977300e+04   1.2000000e-02
  -2.0996676e-02   6.8319705e-02   3.7977300e+04   1.2000000e-02
  -2.0810995e-02   5.6814736e-02   3.7977300e+04   1.2000000e-02
  -2.0816572e-02   7.0319241e-02   3.7977300e+04   1.2000000e-02
  -2.0648522e-02   7.5632777e-02   3.7977300e+04   1.2000000e-02
  -2.0469565e-02   4.6447486e-02   3.7977300e+04   1.2000000e-02
  -2.0468088e-02   5.7657853e-02   3.7980300e+04   1.2000000e-02
  -2.0301679e-02   4.8932308e-02   3.7977300e+04   1.2000000e-02
  -2.0298481e-02   2.7511999e-02   3.7977300e+04   1.2000000e-02
  -2.0122722e-02   5.7212018e-02   3.7977300e+04   1.2000000e-02
  -2.0112634e-02   7.7806690e-02   3.7977300e+04   1.2000000e-02
  -1.9931298e-02   9.6958180e-02   3.7977300e+04   1.2000000e-02
  -1.9927525e-02   9.4415467e-02   3.7977300e+04   1.2000000e-02
  -1.9761853e-02   9.9201722e-02   3.7977300e+04   1.2000000e-02
  -1.9597822e-02   6.2643328e-02   3.7977300e+04   1.2000000e-02
  -1.9596510e-02   4.2928200e-02   3.7977300e+04   1.2000000e-02
  -1.9412959e-02   5.3022829e-02   3.7977300e+04   1.2000000e-02
  -1.9412877e-02   1.0871087e-01   3.7977300e+04   1.2000000e-02
  -1.9237529e-02   8.9526852e-02   3.7977300e+04   1.2000000e-02
  -1.9227195e-02   5.0660046e-02   3.7977300e+04   1.2000000e-02
  -1.9060621e-02   3.8305560e-02   3.7977300e+04   1.2000000e-02
  -1.8890850e-02   7.7573836e-02   3.7977300e+04   1.2000000e-02
  -1.8901102e-02   6.8800478e-02   3.7980300e+04   1.2000000e-02
  -1.8726328e-02   5.7081286e-02   3.7977300e+04   1.2000000e-02
  -1.8717798e-02   4.6850919e-02   3.7977300e+04   1.2000000e-02
  -1.8548027e-02   4.8583415e-02   3.7974300e+04   1.2000000e-02
  -1.8543188e-02   6.2182566e-02   3.7974300e+04   1.2000000e-02
  -1.8378993e-02   8.7224350e-02   3.7974300e+04   1.2000000e-02
  -1.8203644e-02   5.5400870e-02   3.7974300e+04   1.2000000e-02
  -1.8205613e-02   6.6521924e-02   3.7974300e+04   1.2000000e-02
  -1.8025179e-02   4.4329927e-02   3.7977300e+04   1.2000000e-02
  -1.8028378e-02   1.1269018e-01   3.7980300e+04   1.2000000e-02
  -1.7849748e-02   5.6524318e-02   3.7980300e+04   1.2000000e-02
  -1.7854259e-02   5.2243354e-02   3.7980300e+04   1.2000000e-02
  -1.7683091e-02   4.8494838e-02   3.7980300e+04   1.2000000e-02
  -1.7506430e-02   8.9063500e-02   3.7980300e+04   1.2000000e-02
  -1.7514468e-02   4.3896311e-02   3.7977300e+04   1.2000000e-02
  -1.7339529e-02   3.5082025e-02   3.7977300e+04   1.2000000e-02
  -1.7341825e-02   7.1981694e-02   3.7977300e+04   1.2000000e-02
  -1.7162130e-02   1.1343030e-01   3.7974300e+04   1.2000000e-02
  -1.7158603e-02   6.0699316e-02   3.7974300e+04   1.2000000e-02
  -1.6994080e-02   9.7111230e-02   3.7977300e+04   1.2000000e-02
  -1.6834561e-02   8.6964607e-02   3.7977300e+04   1.2000000e-02
  -1.6831362e-02   7.8935212e-02   3.7977300e+04   1.2000000e-02
  -1.6643794e-02   7.5708313e-02   3.7977300e+04   1.2000000e-02
  -1.6646090e-02   6.0314910e-02   3.7977300e+04   1.2000000e-02
  -1.6482142e-02   5.1940881e-02   3.7980300e+04   1.2000000e-02
  -1.6481404e-02   5.8535530e-02   3.7980300e+04   1.2000000e-02
  -1.6292522e-02   9.9563790e-02   3.7980300e+04   1.2000000e-02
  -1.6125867e-02   5.1918655e-02   3.7977300e+04   1.2000000e-02
  -1.6131936e-02   3.1770568e-02   3.7977300e+04   1.2000000e-02
  -1.5941743e-02   7.0934684e-02   3.7977300e+04   1.2000000e-02
  -1.5940923e-02   7.7396847e-02   3.7977300e+04   1.2000000e-02
  -1.5771643e-02   9.8640060e-02   3.7977300e+04   1.2000000e-02
  -1.5748187e-02   1.0253007e-01   3.7977300e+04   1.2000000e-02
  -1.5585466e-02   5.8166022e-02   3.7974300e+04   1.2000000e-02
  -1.5415202e-02   8.0548210e-02   3.7971300e+04   1.2000000e-02
  -1.5425864e-02   7.2056246e-02   3.7968300e+04   1.2000000e-02
  -1.5240018e-02   3.0281250e-02   3.7968300e+04   1.2000000e-02
  -1.5252402e-02   8.4586323e-02   3.7968300e+04   1.2000000e-02
  -1.5061470e-02   1.0335121e-01   3.7965400e+04   1.2000000e-02
  -1.5067867e-02   9.2073349e-02   3.7965400e+04   1.2000000e-02
  -1.4902689e-02   7.8006634e-02   3.7965400e+04   1.2000000e-02
  -1.4736690e-02   5.8078184e-02   3.7965400e+04   1.2000000e-02
  -1.4729062e-02   7.7843587e-02   3.7965400e+04   1.2000000e-02
  -1.4557569e-02   7.9638329e-02   3.7965400e+04   1.2000000e-02
  -1.4564294e-02   7.7719810e-02   3.7965400e+04   1.2000000e-02
  -1.4389438e-02   7.7932000e-02   3.7965400e+04   1.2000000e-02
  -1.4376643e-02   7.0720990e-02   3.7965400e+04   1.2000000e-02
  -1.4207856e-02   7.3464370e-02   3.7965400e+04   1.2000000e-02
  -1.4041775e-02   6.5853578e-02   3.7965400e+04   1.2000000e-02
  -1.4048746e-02   4.7835679e-02   3.7968300e+04   1.2000000e-02
  -1.3862407e-02   8.3231101e-02   3.7968300e+04   1.2000000e-02
  -1.3863309e-02   9.0276063e-02   3.7971300e+04   1.2000000e-02
  -1.3681071e-02   5.3251406e-02   3.7974300e+04   1.2000000e-02
  -1.3677463e-02   3.5878479e-02   3.7974300e+04   1.2000000e-02
  -1.3502358e-02   9.0189670e-02   3.7971300e+04   1.2000000e-02
  -1.3331438e-02   1.1125733e-01   3.7971300e+04   1.2000000e-02
  -1.3335047e-02   1.0506706e-01   3.7968300e+04   1.2000000e-02
  -1.3160354e-02   8.1648857e-02   3.7968300e+04   1.2000000e-02
  -1.3169048e-02   6.3284362e-02   3.7971300e+04   1.2000000e-02
  -1.2988860e-02   6.4667388e-02   3.7974300e+04   1.2000000e-02
  -1.2987794e-02   5.5508802e-02   3.7974300e+04   1.2000000e-02
  -1.2818022e-02   7.3569200e-02   3.7974300e+04   1.2000000e-02
  -1.2651039e-02   1.2970736e-01   3.7974300e+04   1.2000000e-02
  -1.2658830e-02   6.4473832e-02   3.7974300e+04   1.2000000e-02
  -1.2477986e-02   5.2506707e-02   3.7974300e+04   1.2000000e-02
  -1.2482168e-02   6.3337344e-02   3.7974300e+04   1.2000000e-02
  -1.2308296e-02   7.0210360e-02   3.7974300e+04   1.2000000e-02
  -1.2294271e-02   6.4959691e-02   3.7977300e+04   1.2000000e-02
  -1.2115888e-02   4.7000679e-02   3.7974300e+04   1.2000000e-02
  -1.1942918e-02   5.4725145e-02   3.7974300e+04   1.2000000e-02
  -1.1948331e-02   5.6081845e-02   3.7971300e+04   1.2000000e-02
  -1.1766503e-02   3.7436607e-02   3.7971300e+04   1.2000000e-02
  -1.1770685e-02   5.1185026e-02   3.7968300e+04   1.2000000e-02
  -1.1590088e-02   6.6890993e-02   3.7971300e+04   1.2000000e-02
  -1.1601078e-02   6.6756569e-02   3.7971300e+04   1.2000000e-02
  -1.1414985e-02   1.1780630e-01   3.7968300e+04   1.2000000e-02
  -1.1248904e-02   7.8675500e-02   3.7968300e+04   1.2000000e-02
  -1.1248330e-02   3.9049630e-02   3.7968300e+04   1.2000000e-02
  -1.1071423e-02   8.1413060e-02   3.7971300e+04   1.2000000e-02
  -1.1081183e-02   1.0210941e-01   3.7971300e+04   1.2000000e-02
  -1.0907638e-02   7.9886429e-02   3.7971300e+04   1.2000000e-02
  -1.0907966e-02   1.2766156e-01   3.7971300e+04   1.2000000e-02
  -1.0736554e-02   1.1497530e-01   3.7971300e+04   1.2000000e-02
  -1.0732289e-02   9.3923535e-02   3.7971300e+04   1.2000000e-02
  -1.0559811e-02   8.3044598e-02   3.7971300e+04   1.2000000e-02
  -1.0388561e-02   7.0808381e-02   3.7971300e+04   1.2000000e-02
  -1.0381344e-02   7.1392906e-02   3.7971300e+04   1.2000000e-02
  -1.0203781e-02   9.0733910e-02   3.7974300e+04   1.2000000e-02
  -1.0205257e-02   1.0144435e-01   3.7974300e+04   1.2000000e-02
  -1.0031794e-02   6.9406818e-02   3.7974300e+04   1.2000000e-02
  -1.0038192e-02   1.0894775e-01   3.7974300e+04   1.2000000e-02
  -9.8664520e-03   1.1242707e-01   3.7974300e+04   1.2000000e-02
  -9.6922510e-03   9.0295255e-02   3.7974300e+04   1.2000000e-02
  -9.6964340e-03   6.0359936e-02   3.7974300e+04   1.2000000e-02
  -9.5210850e-03   1.1334479e-01   3.7974300e+04   1.2000000e-02
  -9.5210850e-03   1.0391646e-01   3.7974300e+04   1.2000000e-02
  -9.3396680e-03   1.0861989e-01   3.7974300e+04   1.2000000e-02
  -9.3452450e-03   8.7150208e-02   3.7974300e+04   1.2000000e-02
  -9.1700600e-03   8.5053895e-02   3.7977300e+04   1.2000000e-02
  -8.9961880e-03   9.0257118e-02   3.7977300e+04   1.2000000e-02
  -9.0072600e-03   7.5290772e-02   3.7977300e+04   1.2000000e-02
  -8.8230540e-03   9.2260672e-02   3.7977300e+04   1.2000000e-02
  -8.8105870e-03   8.7442429e-02   3.7977300e+04   1.2000000e-02
  -8.6295790e-03   7.6007669e-02   3.7980300e+04   1.2000000e-02
  -8.6281030e-03   5.2992370e-02   3.7980300e+04   1.2000000e-02
  -8.4618580e-03   1.1354997e-01   3.7977300e+04   1.2000000e-02
  -8.2821610e-03   1.5155953e-01   3.7977300e+04   1.2000000e-02
  -8.2806020e-03   8.1360655e-02   3.7977300e+04   1.2000000e-02
  -8.1095180e-03   1.1001163e-01   3.7977300e+04   1.2000000e-02
  -8.1091900e-03   1.0023670e-01   3.7977300e+04   1.2000000e-02
  -7.9303970e-03   7.9766850e-02   3.7977300e+04   1.2000000e-02
  -7.9364660e-03   9.2431265e-02   3.7974300e+04   1.2000000e-02
  -7.7631680e-03   6.6130711e-02   3.7974300e+04   1.2000000e-02
  -7.5901970e-03   1.1107223e-01   3.7971300e+04   1.2000000e-02
  -7.5987270e-03   1.1813825e-01   3.7968300e+04   1.2000000e-02
  -7.4105840e-03   6.5426032e-02   3.7968300e+04   1.2000000e-02
  -7.4118960e-03   9.8853990e-02   3.7965400e+04   1.2000000e-02
  -7.2417140e-03   1.0201776e-01   3.7965400e+04   1.2000000e-02
  -7.2353170e-03   7.5988067e-02   3.7965400e+04   1.2000000e-02
  -7.0797340e-03   9.0559836e-02   3.7965400e+04   1.2000000e-02
  -6.8947070e-03   6.7013852e-02   3.7965400e+04   1.2000000e-02
  -6.8986440e-03   7.6642000e-02   3.7965400e+04   1.2000000e-02
  -6.7191940e-03   1.1467286e-01   3.7965400e+04   1.2000000e-02
  -6.7166520e-03   1.0554947e-01   3.7965400e+04   1.2000000e-02
  -6.5490130e-03   7.8272240e-02   3.7965400e+04   1.2000000e-02
  -6.5601670e-03   1.1117386e-01   3.7965400e+04   1.2000000e-02
  -6.3717780e-03   9.8512136e-02   3.7965400e+04   1.2000000e-02
  -6.1988880e-03   9.2127397e-02   3.7965400e+04   1.2000000e-02
  -6.2022510e-03   7.3783902e-02   3.7965400e+04   1.2000000e-02
  -6.0241140e-03   8.2603190e-02   3.7968300e+04   1.2000000e-02
  -6.0220630e-03   8.4361355e-02   3.7968300e+04   1.2000000e-02
  -5.8511430e-03   7.1541272e-02   3.7968300e+04   1.2000000e-02
  -5.8642660e-03   6.7680310e-02   3.7968300e+04   1.2000000e-02
  -5.6907210e-03   1.0057589e-01   3.7968300e+04   1.2000000e-02
  -5.5037260e-03   8.7474415e-02   3.7968300e+04   1.2000000e-02
  -5.5109440e-03   8.0212300e-02   3.7965400e+04   1.2000000e-02
  -5.3550330e-03   6.5459494e-02   3.7968300e+04   1.2000000e-02
  -5.3478150e-03   6.5952898e-02   3.7968300e+04   1.2000000e-02
  -5.1663970e-03   9.3532240e-02   3.7974300e+04   1.2000000e-02
  -5.1701700e-03   9.5129738e-02   3.7974300e+04   1.2000000e-02
  -5.0026950e-03   1.2115203e-01   3.7974300e+04   1.2000000e-02
  -4.8264440e-03   9.1949420e-02   3.7971300e+04   1.2000000e-02
  -4.8294780e-03   8.7262159e-02   3.7968300e+04   1.2000000e-02
  -4.6513410e-03   9.3151810e-02   3.7965400e+04   1.2000000e-02
  -4.6408430e-03   8.5928420e-02   3.7962400e+04   1.2000000e-02
  -4.4578670e-03   7.9056513e-02   3.7962400e+04   1.2000000e-02
  -4.4653300e-03   9.3170670e-02   3.7962400e+04   1.2000000e-02
  -4.2835840e-03   1.2661899e-01   3.7962400e+04   1.2000000e-02
  -4.1135650e-03   1.5214393e-01   3.7962400e+04   1.2000000e-02
  -4.1272610e-03   1.2890658e-01   3.7962400e+04   1.2000000e-02
  -3.9588020e-03   8.2666834e-02   3.7962400e+04   1.2000000e-02
  -3.9514200e-03   1.4039698e-01   3.7956400e+04   1.2000000e-02
  -3.7825510e-03   1.2746731e-01   3.7956400e+04   1.2000000e-02
  -3.7854210e-03   1.0901742e-01   3.7959400e+04   1.2000000e-02
  -3.6049880e-03   8.5576497e-02   3.7959400e+04   1.2000000e-02
  -3.4314430e-03   7.0224264e-02   3.7962400e+04   1.2000000e-02
  -3.4315250e-03   5.8684031e-02   3.7962400e+04   1.2000000e-02
  -3.2482210e-03   5.2996748e-02   3.7962400e+04   1.2000000e-02
  -3.2425620e-03   9.8367051e-02   3.7962400e+04   1.2000000e-02
  -3.0773830e-03   5.8433070e-02   3.7965400e+04   1.2000000e-02
  -3.0881270e-03   1.3273999e-01   3.7965400e+04   1.2000000e-02
  -2.9119580e-03   1.3505708e-01   3.7965400e+04   1.2000000e-02
  -2.7366090e-03   1.1622032e-01   3.7965400e+04   1.2000000e-02
  -2.7389060e-03   1.0039833e-01   3.7965400e+04   1.2000000e-02
  -2.5660170e-03   9.3420863e-02   3.7962400e+04   1.2000000e-02
  -2.5675760e-03   6.7758030e-02   3.7962400e+04   1.2000000e-02
  -2.3956720e-03   7.0959699e-02   3.7965400e+04   1.2000000e-02
  -2.3978040e-03   1.1566215e-01   3.7968300e+04   1.2000000e-02
  -2.2277040e-03   1.4028879e-01   3.7968300e+04   1.2000000e-02
  -2.0476810e-03   1.2112416e-01   3.7968300e+04   1.2000000e-02
  -2.0383310e-03   1.2132170e-01   3.7968300e+04   1.2000000e-02
  -1.8626520e-03   1.5534458e-01   3.7968300e+04   1.2000000e-02
  -1.8665890e-03   1.4713927e-01   3.7968300e+04   1.2000000e-02
  -1.6850070e-03   1.1415321e-01   3.7968300e+04   1.2000000e-02
  -1.6768050e-03   1.2692143e-01   3.7968300e+04   1.2000000e-02
  -1.5161370e-03   6.9040537e-02   3.7971300e+04   1.2000000e-02
  -1.5117900e-03   9.7561250e-02   3.7974300e+04   1.2000000e-02
  -1.3399680e-03   9.6822946e-02   3.7974300e+04   1.2000000e-02
  -1.1582220e-03   8.8798760e-02   3.7974300e+04   1.2000000e-02
  -1.1513330e-03   1.0130058e-01   3.7971300e+04   1.2000000e-02
  -9.8065700e-04   5.2722243e-02   3.7968300e+04   1.2000000e-02
  -9.7434200e-04   9.0959497e-02   3.7968300e+04   1.2000000e-02
  -8.1211600e-04   7.2383898e-02   3.7968300e+04   1.2000000e-02
  -8.0973700e-04   9.0815050e-02   3.7968300e+04   1.2000000e-02
  -6.3840700e-04   1.0706998e-01   3.7968300e+04   1.2000000e-02
  -4.6535500e-04   1.1202955e-01   3.7968300e+04   1.2000000e-02
  -4.5190400e-04   1.3926999e-01   3.7965400e+04   1.2000000e-02
  -2.7950800e-04   1.3881674e-01   3.7965400e+04   1.2000000e-02
  -2.7926200e-04   1.0824205e-01   3.7965400e+04   1.2000000e-02
  -1.1424700e-04   9.2269890e-02   3.7968300e+04   1.2000000e-02
  -1.2236700e-04   1.2888609e-01   3.7968300e+04   1.2000000e-02
   5.0932000e-05   1.3678078e-01   3.7971300e+04   1.2000000e-02
   2.2127700e-04   1.2255114e-01   3.7971300e+04   1.2000000e-02
   2.2160500e-04   1.1623343e-01   3.7968300e+04   1.2000000e-02
   3.9810200e-04   1.3402025e-01   3.7968300e+04   1.2000000e-02
   3.9515000e-04   1.3015159e-01   3.7965400e+04   1.2000000e-02
   5.5426000e-04   1.4655650e-01   3.7962400e+04   1.2000000e-02
   5.5089700e-04   9.2541190e-02   3.7959400e+04   1.2000000e-02
   7.3026400e-04   1.3299817e-01   3.7959400e+04   1.2000000e-02
   8.9823200e-04   1.0214070e-01   3.7959400e+04   1.2000000e-02
   9.0200500e-04   1.6316878e-01   3.7962400e+04   1.2000000e-02
   1.0765330e-03   1.2629114e-01   3.7962400e+04   1.2000000e-02
   1.0641490e-03   9.4245200e-02   3.7965400e+04   1.2000000e-02
   1.2555730e-03   1.4822036e-01   3.7965400e+04   1.2000000e-02
   1.2364630e-03   1.8235962e-01   3.7968300e+04   1.2000000e-02
   1.4215720e-03   1.8238421e-01   3.7965400e+04   1.2000000e-02
   1.5982330e-03   1.5748711e-01   3.7962400e+04   1.2000000e-02
   1.5972480e-03   1.1707601e-01   3.7962400e+04   1.2000000e-02
   1.7698090e-03   1.3668488e-01   3.7962400e+04   1.2000000e-02
   1.7659540e-03   1.5267669e-01   3.7962400e+04   1.2000000e-02
   1.9311330e-03   1.3112695e-01   3.7965400e+04   1.2000000e-02
   1.9319530e-03   1.7212980e-01   3.7965400e+04   1.2000000e-02
   2.1114870e-03   1.8086298e-01   3.7965400e+04   1.2000000e-02
   2.2968410e-03   2.2917121e-01   3.7965400e+04   1.2000000e-02
   2.2862610e-03   2.3397425e-01   3.7965400e+04   1.2000000e-02
   2.4747320e-03   1.9770474e-01   3.7965400e+04   1.2000000e-02
   2.4745680e-03   1.7942535e-01   3.7962400e+04   1.2000000e-02
   2.6394190e-03   1.6886112e-01   3.7962400e+04   1.2000000e-02
   2.6339240e-03   1.8520128e-01   3.7962400e+04   1.2000000e-02
   2.8073870e-03   2.3362591e-01   3.7962400e+04   1.2000000e-02
   2.9865900e-03   2.7202396e-01   3.7965400e+04   1.2000000e-02
   2.9964320e-03   2.5221351e-01   3.7965400e+04   1.2000000e-02
   3.1585760e-03   2.8479711e-01   3.7965400e+04   1.2000000e-02
   3.1639070e-03   2.5969017e-01   3.7965400e+04   1.2000000e-02
   3.3394200e-03   2.6432108e-01   3.7965400e+04   1.2000000e-02
   3.3358930e-03   3.3367580e-01   3.7965400e+04   1.2000000e-02
   3.4943470e-03   3.3357745e-01   3.7965400e+04   1.2000000e-02
   3.6877390e-03   3.6141295e-01   3.7962400e+04   1.2000000e-02
   3.6808500e-03   3.9689887e-01   3.7962400e+04   1.2000000e-02
   3.8547220e-03   4.1659788e-01   3.7962400e+04   1.2000000e-02
