  -7.1419471e-02  -7.4016151e-02   3.7750800e+04   1.2000000e-02
  -7.1423408e-02  -6.4828410e-02   3.7750800e+04   1.2000000e-02
  -7.1247731e-02  -4.5720923e-02   3.7750800e+04   1.2000000e-02
  -7.1235020e-02  -3.3211137e-02   3.7750800e+04   1.2000000e-02
  -7.1079437e-02  -3.9830506e-02   3.7753800e+04   1.2000000e-02
  -7.1077059e-02  -3.7831138e-02   3.7753800e+04   1.2000000e-02
  -7.0886537e-02  -3.3611452e-02   3.7753800e+04   1.2000000e-02
  -7.0708318e-02  -5.5184249e-02   3.7753800e+04   1.2000000e-02
  -7.0717504e-02  -4.8917057e-02   3.7753800e+04   1.2000000e-02
  -7.0549208e-02  -1.9075712e-02   3.7753800e+04   1.2000000e-02
  -7.0552571e-02  -2.7025705e-02   3.7750800e+04   1.2000000e-02
  -7.0373859e-02  -2.2126193e-02   3.7747800e+04   1.2000000e-02
  -7.0385752e-02  -4.5731831e-02   3.7750800e+04   1.2000000e-02
  -7.0212699e-02  -2.3798239e-02   3.7750800e+04   1.2000000e-02
  -7.0022673e-02  -2.2159492e-02   3.7750800e+04   1.2000000e-02
  -7.0029890e-02  -4.7387965e-02   3.7753800e+04   1.2000000e-02
  -6.9856428e-02  -1.0501580e-02   3.7753800e+04   1.2000000e-02
  -6.9854705e-02  -9.6764220e-03   3.7756700e+04   1.2000000e-02
  -6.9686984e-02   8.5245180e-03   3.7756700e+04   1.2000000e-02
  -6.9692315e-02  -2.6263618e-02   3.7753800e+04   1.2000000e-02
  -6.9506796e-02  -3.2116723e-02   3.7753800e+04   1.2000000e-02
  -6.9333252e-02  -4.0018650e-02   3.7753800e+04   1.2000000e-02
  -6.9327757e-02  -4.3663736e-02   3.7753800e+04   1.2000000e-02
  -6.9161348e-02  -4.6219577e-02   3.7750800e+04   1.2000000e-02
  -6.9139290e-02  -1.9717564e-02   3.7750800e+04   1.2000000e-02
  -6.8974193e-02  -2.6603080e-02   3.7747800e+04   1.2000000e-02
  -6.8984937e-02  -5.9548195e-02   3.7750800e+04   1.2000000e-02
  -6.8804503e-02  -2.8772631e-02   3.7750800e+04   1.2000000e-02
  -6.8623741e-02  -2.0901129e-02   3.7753800e+04   1.2000000e-02
  -6.8627596e-02  -2.6774082e-02   3.7753800e+04   1.2000000e-02
  -6.8446916e-02  -6.0767102e-02   3.7753800e+04   1.2000000e-02
  -6.8455036e-02  -3.0493559e-02   3.7750800e+04   1.2000000e-02
  -6.8296254e-02  -2.1128147e-02   3.7750800e+04   1.2000000e-02
  -6.8290267e-02  -5.2508993e-02   3.7750800e+04   1.2000000e-02
  -6.8113032e-02  -3.7248256e-02   3.7753800e+04   1.2000000e-02
  -6.7931043e-02  -2.7270357e-02   3.7759700e+04   1.2000000e-02
  -6.7927844e-02  -5.2969660e-03   3.7762700e+04   1.2000000e-02
  -6.7759467e-02  -6.0271404e-02   3.7765700e+04   1.2000000e-02
  -6.7763076e-02  -8.2632242e-02   3.7762700e+04   1.2000000e-02
  -6.7585676e-02  -6.1607103e-02   3.7762700e+04   1.2000000e-02
  -6.7594042e-02  -4.8194666e-02   3.7762700e+04   1.2000000e-02
  -6.7406063e-02  -1.8459942e-02   3.7759700e+04   1.2000000e-02
  -6.7232354e-02  -3.7863042e-02   3.7759700e+04   1.2000000e-02
  -6.7243180e-02  -2.9308602e-02   3.7759700e+04   1.2000000e-02
  -6.7074721e-02  -1.4581354e-02   3.7762700e+04   1.2000000e-02
  -6.7075295e-02  -8.3034850e-03   3.7762700e+04   1.2000000e-02
  -6.6906346e-02  -4.3643724e-02   3.7762700e+04   1.2000000e-02
  -6.6892485e-02  -3.2826075e-02   3.7765700e+04   1.2000000e-02
  -6.6730259e-02  -1.9298200e-04   3.7765700e+04   1.2000000e-02
  -6.6557452e-02  -2.7558805e-02   3.7765700e+04   1.2000000e-02
  -6.6552695e-02  -4.6905799e-02   3.7765700e+04   1.2000000e-02
  -6.6386450e-02   6.7817720e-03   3.7765700e+04   1.2000000e-02
  -6.6387353e-02   5.2956510e-03   3.7765700e+04   1.2000000e-02
  -6.6192320e-02  -4.5366043e-02   3.7762700e+04   1.2000000e-02
  -6.6210363e-02  -2.4025913e-02   3.7762700e+04   1.2000000e-02
  -6.6030996e-02  -4.1906723e-02   3.7765700e+04   1.2000000e-02
  -6.6029438e-02  -2.4150001e-02   3.7765700e+04   1.2000000e-02
  -6.5850319e-02  -4.0585211e-02   3.7765700e+04   1.2000000e-02
  -6.5696212e-02  -4.4825974e-02   3.7765700e+04   1.2000000e-02
  -6.5696212e-02  -4.7449641e-02   3.7765700e+04   1.2000000e-02
  -6.5526687e-02  -4.2616860e-03   3.7765700e+04   1.2000000e-02
  -6.5526687e-02  -4.3109780e-03   3.7765700e+04   1.2000000e-02
  -6.5341906e-02  -2.2319011e-02   3.7765700e+04   1.2000000e-02
  -6.5346253e-02  -1.9274681e-02   3.7765700e+04   1.2000000e-02
  -6.5173201e-02  -6.5150580e-03   3.7765700e+04   1.2000000e-02
  -6.4992849e-02  -3.2685582e-02   3.7765700e+04   1.2000000e-02
  -6.4987518e-02  -4.0735217e-02   3.7762700e+04   1.2000000e-02
  -6.4816846e-02  -3.5764682e-02   3.7762700e+04   1.2000000e-02
  -6.4814386e-02   4.2736590e-03   3.7759700e+04   1.2000000e-02
  -6.4641661e-02  -8.0995120e-03   3.7756700e+04   1.2000000e-02
  -6.4642728e-02  -2.5966910e-03   3.7753800e+04   1.2000000e-02
  -6.4464918e-02  -3.3576268e-02   3.7753800e+04   1.2000000e-02
  -6.4298837e-02  -4.9473119e-02   3.7753800e+04   1.2000000e-02
  -6.4294737e-02  -7.3315824e-02   3.7753800e+04   1.2000000e-02
  -6.4120126e-02  -2.2158999e-02   3.7753800e+04   1.2000000e-02
  -6.4112580e-02  -3.7296563e-02   3.7756700e+04   1.2000000e-02
  -6.3958392e-02   1.3502180e-03   3.7759700e+04   1.2000000e-02
  -6.3949206e-02   6.1336840e-03   3.7762700e+04   1.2000000e-02
  -6.3790836e-02  -5.0276212e-02   3.7765700e+04   1.2000000e-02
  -6.3619260e-02  -4.5339224e-02   3.7768700e+04   1.2000000e-02
  -6.3608680e-02  -3.5348371e-02   3.7771600e+04   1.2000000e-02
  -6.3443994e-02  -2.5358416e-02   3.7768700e+04   1.2000000e-02
  -6.3436366e-02  -3.8290530e-03   3.7768700e+04   1.2000000e-02
  -6.3265856e-02  -2.3824670e-03   3.7768700e+04   1.2000000e-02
  -6.3255768e-02  -8.1668470e-03   3.7765700e+04   1.2000000e-02
  -6.3088375e-02  -1.1976462e-02   3.7765700e+04   1.2000000e-02
  -6.2913518e-02  -1.5395847e-02   3.7765700e+04   1.2000000e-02
  -6.2912452e-02  -1.6201321e-02   3.7765700e+04   1.2000000e-02
  -6.2740632e-02  -3.9459552e-02   3.7765700e+04   1.2000000e-02
  -6.2746619e-02  -3.7762163e-02   3.7768700e+04   1.2000000e-02
  -6.2582671e-02  -2.6294150e-03   3.7768700e+04   1.2000000e-02
  -6.2586525e-02  -2.3502984e-02   3.7765700e+04   1.2000000e-02
  -6.2402073e-02  -5.6600896e-02   3.7765700e+04   1.2000000e-02
  -6.2219425e-02  -1.2760857e-02   3.7765700e+04   1.2000000e-02
  -6.2220819e-02  -2.2353130e-02   3.7765700e+04   1.2000000e-02
  -6.2051703e-02  -5.5282996e-02   3.7768700e+04   1.2000000e-02
  -6.2043420e-02  -5.0451315e-02   3.7768700e+04   1.2000000e-02
  -6.1868399e-02   2.0096242e-02   3.7765700e+04   1.2000000e-02
  -6.1876273e-02   1.0224368e-02   3.7765700e+04   1.2000000e-02
  -6.1693712e-02  -7.8982470e-03   3.7768700e+04   1.2000000e-02
  -6.1512950e-02  -3.8464378e-02   3.7768700e+04   1.2000000e-02
  -6.1517051e-02  -2.1431029e-02   3.7768700e+04   1.2000000e-02
  -6.1347361e-02  -1.2002871e-02   3.7768700e+04   1.2000000e-02
  -6.1343998e-02  -5.9619384e-02   3.7771600e+04   1.2000000e-02
  -6.1168157e-02  -3.3543380e-02   3.7771600e+04   1.2000000e-02
  -6.1176851e-02  -1.8367101e-02   3.7777600e+04   1.2000000e-02
  -6.1009704e-02  -7.4625700e-04   3.7777600e+04   1.2000000e-02
  -6.0831238e-02   1.2129504e-02   3.7777600e+04   1.2000000e-02
  -6.0832551e-02  -4.7493929e-02   3.7777600e+04   1.2000000e-02
  -6.0653021e-02  -4.6524592e-02   3.7771600e+04   1.2000000e-02
  -6.0643999e-02  -2.1219040e-03   3.7768700e+04   1.2000000e-02
  -6.0465616e-02   1.3697380e-03   3.7768700e+04   1.2000000e-02
  -6.0470947e-02  -2.0293888e-02   3.7768700e+04   1.2000000e-02
  -6.0299781e-02  -1.5053843e-02   3.7771600e+04   1.2000000e-02
  -6.0116313e-02  -1.6264391e-02   3.7771600e+04   1.2000000e-02
  -6.0136078e-02  -4.0427988e-02   3.7777600e+04   1.2000000e-02
  -5.9955727e-02  -2.5340537e-02   3.7780600e+04   1.2000000e-02
  -5.9952446e-02  -2.0954930e-02   3.7780600e+04   1.2000000e-02
  -5.9778820e-02  -8.6292510e-03   3.7774600e+04   1.2000000e-02
  -5.9784643e-02   1.7696960e-02   3.7771600e+04   1.2000000e-02
  -5.9612331e-02  -3.0945955e-02   3.7768700e+04   1.2000000e-02
  -5.9440016e-02  -4.2444662e-02   3.7768700e+04   1.2000000e-02
  -5.9444937e-02  -8.3801710e-03   3.7768700e+04   1.2000000e-02
  -5.9276806e-02  -3.3533784e-02   3.7762700e+04   1.2000000e-02
  -5.9269014e-02  -6.2686020e-03   3.7756700e+04   1.2000000e-02
  -5.9087433e-02  -3.7472650e-02   3.7756700e+04   1.2000000e-02
  -5.9096454e-02  -1.9964022e-02   3.7762700e+04   1.2000000e-02
  -5.8907655e-02  -1.6266359e-02   3.7765700e+04   1.2000000e-02
  -5.8732716e-02   1.1107101e-02   3.7768700e+04   1.2000000e-02
  -5.8742230e-02   6.9129970e-03   3.7771600e+04   1.2000000e-02
  -5.8584435e-02  -3.3479573e-02   3.7774600e+04   1.2000000e-02
  -5.8573609e-02  -1.0386183e-02   3.7774600e+04   1.2000000e-02
  -5.8398752e-02   4.1608030e-03   3.7774600e+04   1.2000000e-02
  -5.8394159e-02  -9.2649520e-03   3.7777600e+04   1.2000000e-02
  -5.8214381e-02  -3.0207900e-02   3.7780600e+04   1.2000000e-02
  -5.8031979e-02  -1.9515889e-02   3.7783600e+04   1.2000000e-02
  -5.8041247e-02  -1.4682395e-02   3.7783600e+04   1.2000000e-02
  -5.7873936e-02  -1.1351751e-02   3.7783600e+04   1.2000000e-02
  -5.7871065e-02  -1.5125360e-02   3.7780600e+04   1.2000000e-02
  -5.7691616e-02   7.5639520e-03   3.7780600e+04   1.2000000e-02
  -5.7688581e-02  -2.3638719e-02   3.7777600e+04   1.2000000e-02
  -5.7516351e-02  -2.2820800e-03   3.7777600e+04   1.2000000e-02
  -5.7339690e-02   4.8227630e-02   3.7777600e+04   1.2000000e-02
  -5.7350352e-02   1.6461234e-02   3.7777600e+04   1.2000000e-02
  -5.7182385e-02  -4.0260595e-02   3.7777600e+04   1.2000000e-02
  -5.7184189e-02  -3.7753715e-02   3.7780600e+04   1.2000000e-02
  -5.7007856e-02  -2.2588700e-03   3.7780600e+04   1.2000000e-02
  -5.7007036e-02   4.6197175e-02   3.7777600e+04   1.2000000e-02
  -5.6839561e-02  -3.6903217e-02   3.7777600e+04   1.2000000e-02
  -5.6840053e-02  -4.2364123e-02   3.7777600e+04   1.2000000e-02
  -5.6662407e-02  -2.3715590e-03   3.7777600e+04   1.2000000e-02
  -5.6488537e-02  -2.8620083e-02   3.7780600e+04   1.2000000e-02
  -5.6477219e-02  -2.5563209e-02   3.7780600e+04   1.2000000e-02
  -5.6310810e-02  -2.9061079e-02   3.7777600e+04   1.2000000e-02
  -5.6307201e-02   1.3810660e-02   3.7777600e+04   1.2000000e-02
  -5.6137019e-02  -2.9038390e-03   3.7777600e+04   1.2000000e-02
  -5.6136691e-02  -6.3043610e-03   3.7780600e+04   1.2000000e-02
  -5.5970610e-02  -1.7452874e-02   3.7783600e+04   1.2000000e-02
  -5.5808794e-02  -2.2073375e-02   3.7783600e+04   1.2000000e-02
  -5.5812403e-02  -8.4751450e-03   3.7780600e+04   1.2000000e-02
  -5.5624587e-02  -1.8426398e-02   3.7777600e+04   1.2000000e-02
  -5.5623111e-02  -6.7474900e-03   3.7777600e+04   1.2000000e-02
  -5.5450389e-02   1.7340111e-02   3.7777600e+04   1.2000000e-02
  -5.5446944e-02  -7.7838350e-03   3.7780600e+04   1.2000000e-02
  -5.5270365e-02  -1.6398240e-02   3.7783600e+04   1.2000000e-02
  -5.5099363e-02  -4.4536132e-02   3.7786600e+04   1.2000000e-02
  -5.5110928e-02  -1.2840986e-02   3.7786600e+04   1.2000000e-02
  -5.4931232e-02  -1.5609743e-02   3.7786600e+04   1.2000000e-02
  -5.4927787e-02   1.4768500e-03   3.7789500e+04   1.2000000e-02
  -5.4733493e-02   5.4539410e-03   3.7792500e+04   1.2000000e-02
  -5.4736528e-02   3.0682142e-02   3.7789500e+04   1.2000000e-02
  -5.4565116e-02  -6.8413970e-03   3.7786600e+04   1.2000000e-02
  -5.4407154e-02  -1.4198096e-02   3.7786600e+04   1.2000000e-02
  -5.4404448e-02  -3.1042241e-02   3.7786600e+04   1.2000000e-02
  -5.4231887e-02  -1.0911821e-02   3.7783600e+04   1.2000000e-02
  -5.4219831e-02  -1.1235125e-02   3.7783600e+04   1.2000000e-02
  -5.4045794e-02   2.5054880e-03   3.7783600e+04   1.2000000e-02
  -5.4061705e-02  -1.6158181e-02   3.7786600e+04   1.2000000e-02
  -5.3886521e-02   1.1186574e-02   3.7786600e+04   1.2000000e-02
  -5.3717979e-02   1.5657154e-02   3.7786600e+04   1.2000000e-02
  -5.3711828e-02   1.9907358e-02   3.7783600e+04   1.2000000e-02
  -5.3536315e-02   1.6347725e-02   3.7783600e+04   1.2000000e-02
  -5.3535085e-02  -7.2619720e-03   3.7783600e+04   1.2000000e-02
  -5.3363101e-02   1.9825560e-03   3.7786600e+04   1.2000000e-02
  -5.3367530e-02  -2.9173522e-02   3.7786600e+04   1.2000000e-02
  -5.3195298e-02  -3.1091122e-02   3.7789500e+04   1.2000000e-02
  -5.3018062e-02  -6.0640550e-03   3.7792500e+04   1.2000000e-02
  -5.3024378e-02  -6.1987200e-04   3.7792500e+04   1.2000000e-02
  -5.2840253e-02   2.1195240e-03   3.7792500e+04   1.2000000e-02
  -5.2836809e-02  -5.4249100e-03   3.7792500e+04   1.2000000e-02
  -5.2663756e-02   9.1778520e-03   3.7795500e+04   1.2000000e-02
  -5.2669005e-02   3.4439070e-03   3.7795500e+04   1.2000000e-02
  -5.2491360e-02  -2.3338625e-02   3.7798500e+04   1.2000000e-02
  -5.2311338e-02  -3.3486790e-02   3.7798500e+04   1.2000000e-02
  -5.2314127e-02  -3.7930786e-02   3.7795500e+04   1.2000000e-02
  -5.2131479e-02   1.4117889e-02   3.7795500e+04   1.2000000e-02
  -5.2139844e-02   7.8870930e-03   3.7795500e+04   1.2000000e-02
  -5.1971139e-02  -4.2045220e-03   3.7795500e+04   1.2000000e-02
  -5.1968268e-02  -3.3685370e-03   3.7798500e+04   1.2000000e-02
  -5.1790213e-02   1.2928993e-02   3.7795500e+04   1.2000000e-02
  -5.1620605e-02   1.0643469e-02   3.7795500e+04   1.2000000e-02
  -5.1611420e-02  -1.3184056e-02   3.7798500e+04   1.2000000e-02
  -5.1431806e-02  -4.0890552e-02   3.7798500e+04   1.2000000e-02
  -5.1427951e-02  -1.2237599e-02   3.7795500e+04   1.2000000e-02
  -5.1262774e-02  -1.5414464e-02   3.7795500e+04   1.2000000e-02
  -5.1254573e-02   2.3577633e-02   3.7792500e+04   1.2000000e-02
  -5.1079962e-02   1.7970893e-02   3.7792500e+04   1.2000000e-02
  -5.0918310e-02   1.4229184e-02   3.7792500e+04   1.2000000e-02
  -5.0910929e-02   7.5086740e-03   3.7792500e+04   1.2000000e-02
  -5.0738779e-02  -1.5452847e-02   3.7792500e+04   1.2000000e-02
  -5.0735826e-02  -9.0020930e-03   3.7789500e+04   1.2000000e-02
  -5.0561872e-02  -1.5500088e-02   3.7789500e+04   1.2000000e-02
  -5.0557607e-02  -2.8738677e-02   3.7789500e+04   1.2000000e-02
  -5.0403008e-02  -6.4490360e-03   3.7792500e+04   1.2000000e-02
  -5.0222329e-02   1.6394473e-02   3.7792500e+04   1.2000000e-02
  -5.0227906e-02  -1.8154930e-03   3.7789500e+04   1.2000000e-02
  -5.0050589e-02   3.8998310e-03   3.7789500e+04   1.2000000e-02
  -5.0051327e-02  -1.0580725e-02   3.7792500e+04   1.2000000e-02
  -4.9877783e-02  -3.4067570e-03   3.7795500e+04   1.2000000e-02
  -4.9873682e-02   7.9222770e-03   3.7795500e+04   1.2000000e-02
  -4.9702352e-02  -2.2771590e-03   3.7798500e+04   1.2000000e-02
  -4.9535697e-02   5.3654470e-03   3.7798500e+04   1.2000000e-02
  -4.9536353e-02  -3.0230070e-03   3.7798500e+04   1.2000000e-02
  -4.9352146e-02  -2.1023030e-03   3.7795500e+04   1.2000000e-02
  -4.9341484e-02   3.9246198e-02   3.7792500e+04   1.2000000e-02
  -4.9174585e-02   3.9930371e-02   3.7789500e+04   1.2000000e-02
  -4.9177046e-02  -1.9979933e-02   3.7792500e+04   1.2000000e-02
  -4.9008832e-02  -1.7039927e-02   3.7792500e+04   1.2000000e-02
  -4.8846606e-02  -1.5564716e-02   3.7792500e+04   1.2000000e-02
  -4.8851691e-02  -1.7256201e-02   3.7792500e+04   1.2000000e-02
  -4.8667074e-02  -1.5720219e-02   3.7792500e+04   1.2000000e-02
  -4.8655674e-02  -2.5820327e-02   3.7792500e+04   1.2000000e-02
  -4.8489675e-02  -2.5613566e-02   3.7795500e+04   1.2000000e-02
  -4.8487543e-02  -1.5002993e-02   3.7798500e+04   1.2000000e-02
  -4.8315967e-02  -2.5033580e-03   3.7801500e+04   1.2000000e-02
  -4.8142424e-02   1.3209649e-02   3.7801500e+04   1.2000000e-02
  -4.8152594e-02   1.1006141e-02   3.7807400e+04   1.2000000e-02
  -4.7964369e-02  -1.8556310e-02   3.7807400e+04   1.2000000e-02
  -4.7964533e-02  -3.7704950e-03   3.7807400e+04   1.2000000e-02
  -4.7786642e-02  -8.9971720e-03   3.7807400e+04   1.2000000e-02
  -4.7783935e-02   1.0385857e-02   3.7804400e+04   1.2000000e-02
  -4.7617936e-02  -6.9318600e-03   3.7801500e+04   1.2000000e-02
  -4.7606208e-02  -3.0806640e-03   3.7798500e+04   1.2000000e-02
  -4.7439717e-02   5.4999500e-04   3.7798500e+04   1.2000000e-02
  -4.7272898e-02   5.7028580e-03   3.7798500e+04   1.2000000e-02
  -4.7266993e-02  -4.2980056e-02   3.7795500e+04   1.2000000e-02
  -4.7089596e-02   1.1757720e-03   3.7792500e+04   1.2000000e-02
  -4.7091236e-02  -9.4914770e-03   3.7789500e+04   1.2000000e-02
  -4.6906538e-02   3.4357664e-02   3.7789500e+04   1.2000000e-02
  -4.6911704e-02   1.7054270e-03   3.7792500e+04   1.2000000e-02
  -4.6742261e-02  -1.4671740e-03   3.7792500e+04   1.2000000e-02
  -4.6558875e-02   1.4144134e-02   3.7795500e+04   1.2000000e-02
  -4.6571423e-02  -1.5279303e-02   3.7795500e+04   1.2000000e-02
  -4.6391809e-02   2.1924360e-03   3.7795500e+04   1.2000000e-02
  -4.6405096e-02   6.5104696e-02   3.7795500e+04   1.2000000e-02
  -4.6235570e-02   2.1789777e-02   3.7795500e+04   1.2000000e-02
  -4.6225154e-02  -3.2878564e-02   3.7795500e+04   1.2000000e-02
  -4.6068668e-02  -1.0385280e-02   3.7795500e+04   1.2000000e-02
  -4.5880771e-02  -3.4279170e-03   3.7795500e+04   1.2000000e-02
  -4.5875276e-02   2.3628640e-03   3.7795500e+04   1.2000000e-02
  -4.5699107e-02  -1.9426984e-02   3.7795500e+04   1.2000000e-02
  -4.5704930e-02  -2.4905691e-02   3.7798500e+04   1.2000000e-02
  -4.5520888e-02  -8.1629100e-03   3.7798500e+04   1.2000000e-02
  -4.5535158e-02   1.2456500e-02   3.7801500e+04   1.2000000e-02
  -4.5358989e-02   1.1843189e-02   3.7801500e+04   1.2000000e-02
  -4.5180442e-02  -1.6840384e-02   3.7804400e+04   1.2000000e-02
  -4.5184543e-02  -3.0147783e-02   3.7804400e+04   1.2000000e-02
  -4.5012805e-02  -7.1334540e-03   3.7804400e+04   1.2000000e-02
  -4.5002799e-02   1.4646150e-02   3.7804400e+04   1.2000000e-02
  -4.4833847e-02   2.1617545e-02   3.7804400e+04   1.2000000e-02
  -4.4845329e-02   6.0881660e-03   3.7804400e+04   1.2000000e-02
  -4.4663173e-02   1.0953569e-02   3.7804400e+04   1.2000000e-02
  -4.4490941e-02   7.0123100e-04   3.7801500e+04   1.2000000e-02
  -4.4493730e-02   3.7053720e-03   3.7801500e+04   1.2000000e-02
  -4.4327239e-02  -1.6184918e-02   3.7801500e+04   1.2000000e-02
  -4.4329617e-02   1.0349934e-02   3.7801500e+04   1.2000000e-02
  -4.4152710e-02   1.3439620e-02   3.7801500e+04   1.2000000e-02
  -4.4140162e-02  -6.8072700e-04   3.7801500e+04   1.2000000e-02
  -4.3970309e-02   2.5975090e-03   3.7801500e+04   1.2000000e-02
  -4.3795370e-02   6.5121880e-03   3.7804400e+04   1.2000000e-02
  -4.3788235e-02   1.4463173e-02   3.7807400e+04   1.2000000e-02
  -4.3623466e-02  -9.8311850e-03   3.7807400e+04   1.2000000e-02
  -4.3621006e-02   6.1560700e-04   3.7807400e+04   1.2000000e-02
  -4.3449184e-02   8.4404520e-03   3.7807400e+04   1.2000000e-02
  -4.3453858e-02   7.5652650e-03   3.7807400e+04   1.2000000e-02
  -4.3279740e-02  -4.3395190e-03   3.7804400e+04   1.2000000e-02
  -4.3116529e-02   3.7935390e-03   3.7804400e+04   1.2000000e-02
  -4.3103325e-02   2.7534200e-03   3.7807400e+04   1.2000000e-02
  -4.2930437e-02   4.8512100e-04   3.7807400e+04   1.2000000e-02
  -4.2925108e-02  -8.3061910e-03   3.7807400e+04   1.2000000e-02
  -4.2757714e-02  -2.8018665e-02   3.7807400e+04   1.2000000e-02
  -4.2755664e-02   1.3598100e-04   3.7807400e+04   1.2000000e-02
  -4.2593110e-02   2.5905807e-02   3.7807400e+04   1.2000000e-02
  -4.2403900e-02   8.1856280e-03   3.7807400e+04   1.2000000e-02
  -4.2408657e-02   1.6705147e-02   3.7804400e+04   1.2000000e-02
  -4.2244954e-02  -3.3582030e-03   3.7801500e+04   1.2000000e-02
  -4.2235851e-02   3.8920390e-03   3.7804400e+04   1.2000000e-02
  -4.2054761e-02  -9.2312440e-03   3.7807400e+04   1.2000000e-02
  -4.2056975e-02   1.4344480e-03   3.7807400e+04   1.2000000e-02
  -4.1888434e-02  -9.6503410e-03   3.7801500e+04   1.2000000e-02
  -4.1724156e-02   4.7080120e-03   3.7801500e+04   1.2000000e-02
  -4.1717759e-02  -2.2379949e-02   3.7801500e+04   1.2000000e-02
  -4.1543969e-02  -1.8292303e-02   3.7801500e+04   1.2000000e-02
  -4.1540278e-02   1.9980108e-02   3.7807400e+04   1.2000000e-02
  -4.1385597e-02   2.6326054e-02   3.7807400e+04   1.2000000e-02
  -4.1379692e-02   1.8859775e-02   3.7807400e+04   1.2000000e-02
  -4.1214595e-02   2.2329113e-02   3.7804400e+04   1.2000000e-02
  -4.1026452e-02   1.6267104e-02   3.7807400e+04   1.2000000e-02
  -4.1032029e-02   3.4049204e-02   3.7807400e+04   1.2000000e-02
  -4.0861519e-02   3.1390570e-03   3.7810400e+04   1.2000000e-02
  -4.0854958e-02   6.6570270e-03   3.7810400e+04   1.2000000e-02
  -4.0678709e-02   2.8186230e-03   3.7810400e+04   1.2000000e-02
  -4.0668867e-02   2.1091335e-02   3.7810400e+04   1.2000000e-02
  -4.0496553e-02   3.9181324e-02   3.7810400e+04   1.2000000e-02
  -4.0315627e-02   1.4062611e-02   3.7810400e+04   1.2000000e-02
  -4.0317595e-02   2.4080223e-02   3.7813400e+04   1.2000000e-02
  -4.0146675e-02   1.6097414e-02   3.7813400e+04   1.2000000e-02
  -4.0146593e-02   2.9190607e-02   3.7813400e+04   1.2000000e-02
  -3.9966324e-02  -6.2079100e-03   3.7813400e+04   1.2000000e-02
  -3.9977478e-02   1.5425214e-02   3.7813400e+04   1.2000000e-02
  -3.9792451e-02   1.0215593e-02   3.7813400e+04   1.2000000e-02
  -3.9623583e-02   2.4335456e-02   3.7813400e+04   1.2000000e-02
  -3.9620302e-02   3.0973624e-02   3.7810400e+04   1.2000000e-02
  -3.9444051e-02   5.9694890e-03   3.7810400e+04   1.2000000e-02
  -3.9456435e-02   4.7846423e-02   3.7810400e+04   1.2000000e-02
  -3.9288222e-02   5.0251937e-02   3.7807400e+04   1.2000000e-02
  -3.9263125e-02   1.3005595e-02   3.7804400e+04   1.2000000e-02
  -3.9114186e-02  -1.1483810e-03   3.7801500e+04   1.2000000e-02
  -3.8925550e-02  -1.1002380e-03   3.7801500e+04   1.2000000e-02
  -3.8929405e-02   7.6112750e-03   3.7798500e+04   1.2000000e-02
  -3.8757009e-02   4.0661538e-02   3.7795500e+04   1.2000000e-02
  -3.8756681e-02   2.0021362e-02   3.7795500e+04   1.2000000e-02
  -3.8585187e-02   1.1301806e-02   3.7795500e+04   1.2000000e-02
  -3.8590354e-02  -8.7271780e-03   3.7798500e+04   1.2000000e-02
  -3.8416809e-02  -3.8692381e-02   3.7798500e+04   1.2000000e-02
  -3.8411970e-02   5.1792700e-04   3.7798500e+04   1.2000000e-02
  -3.8229322e-02   5.9648205e-02   3.7795500e+04   1.2000000e-02
  -3.8057336e-02   5.7217103e-02   3.7792500e+04   1.2000000e-02
  -3.8049955e-02   2.1022442e-02   3.7795500e+04   1.2000000e-02
  -3.7869521e-02   2.2445329e-02   3.7801500e+04   1.2000000e-02
  -3.7872720e-02   3.4508900e-02   3.7804400e+04   1.2000000e-02
  -3.7710329e-02   2.1070339e-02   3.7804400e+04   1.2000000e-02
  -3.7703112e-02   4.1906570e-03   3.7804400e+04   1.2000000e-02
  -3.7534243e-02   1.5108963e-02   3.7804400e+04   1.2000000e-02
  -3.7364390e-02  -1.3941962e-02   3.7807400e+04   1.2000000e-02
  -3.7360863e-02   3.1012992e-02   3.7810400e+04   1.2000000e-02
  -3.7191091e-02   4.4082487e-02   3.7810400e+04   1.2000000e-02
  -3.7186252e-02   4.5074626e-02   3.7813400e+04   1.2000000e-02
  -3.7027389e-02   2.2558264e-02   3.7816400e+04   1.2000000e-02
  -3.7032802e-02   3.7353936e-02   3.7816400e+04   1.2000000e-02
  -3.6845151e-02   2.2637737e-02   3.7819300e+04   1.2000000e-02
  -3.6656843e-02   2.8518984e-02   3.7816400e+04   1.2000000e-02
  -3.6663487e-02   4.2644591e-02   3.7813400e+04   1.2000000e-02
  -3.6498309e-02   3.2700625e-02   3.7813400e+04   1.2000000e-02
  -3.6494208e-02   1.3920888e-02   3.7813400e+04   1.2000000e-02
  -3.6341741e-02   5.1289760e-02   3.7813400e+04   1.2000000e-02
  -3.6319187e-02   3.6219909e-02   3.7813400e+04   1.2000000e-02
  -3.6154747e-02   2.3630615e-02   3.7816400e+04   1.2000000e-02
  -3.5978414e-02  -7.4425700e-03   3.7816400e+04   1.2000000e-02
  -3.5972180e-02   5.5836291e-02   3.7813400e+04   1.2000000e-02
  -3.5798226e-02   4.7010357e-02   3.7810400e+04   1.2000000e-02
  -3.5799292e-02   5.0671938e-02   3.7810400e+04   1.2000000e-02
  -3.5634277e-02   2.7817014e-02   3.7810400e+04   1.2000000e-02
  -3.5636164e-02   1.0643141e-02   3.7807400e+04   1.2000000e-02
  -3.5454417e-02   2.3812443e-02   3.7804400e+04   1.2000000e-02
  -3.5281282e-02   2.3325764e-02   3.7807400e+04   1.2000000e-02
  -3.5282020e-02   3.7078856e-02   3.7807400e+04   1.2000000e-02
  -3.5113069e-02   1.9228517e-02   3.7807400e+04   1.2000000e-02
  -3.5104867e-02   1.6481081e-02   3.7807400e+04   1.2000000e-02
  -3.4945922e-02   3.1226642e-02   3.7807400e+04   1.2000000e-02
  -3.4942641e-02   3.8325900e-02   3.7810400e+04   1.2000000e-02
  -3.4771229e-02   4.3763528e-02   3.7807400e+04   1.2000000e-02
  -3.4582348e-02   2.4650395e-02   3.7807400e+04   1.2000000e-02
  -3.4583988e-02   3.3399940e-03   3.7807400e+04   1.2000000e-02
  -3.4406837e-02   5.1935050e-02   3.7807400e+04   1.2000000e-02
  -3.4416105e-02   2.2710977e-02   3.7807400e+04   1.2000000e-02
  -3.4238213e-02   1.6592048e-02   3.7804400e+04   1.2000000e-02
  -3.4239608e-02   3.4934644e-02   3.7801500e+04   1.2000000e-02
  -3.4070328e-02   2.3578946e-02   3.7798500e+04   1.2000000e-02
  -3.3890222e-02   2.7898701e-02   3.7801500e+04   1.2000000e-02
  -3.3894897e-02   2.9234485e-02   3.7807400e+04   1.2000000e-02
  -3.3717170e-02   3.6366962e-02   3.7810400e+04   1.2000000e-02
  -3.3717826e-02   5.6759129e-02   3.7810400e+04   1.2000000e-02
  -3.3536162e-02   6.5034901e-02   3.7813400e+04   1.2000000e-02
  -3.3541083e-02   4.3500915e-02   3.7813400e+04   1.2000000e-02
  -3.3381072e-02   4.6446256e-02   3.7816400e+04   1.2000000e-02
  -3.3201213e-02   3.3403989e-02   3.7816400e+04   1.2000000e-02
  -3.3204411e-02   2.2533085e-02   3.7816400e+04   1.2000000e-02
  -3.3028488e-02   3.9609690e-02   3.7819300e+04   1.2000000e-02
  -3.3024716e-02   1.6624854e-02   3.7819300e+04   1.2000000e-02
  -3.2857322e-02   2.8699664e-02   3.7819300e+04   1.2000000e-02
  -3.2848055e-02   5.5976455e-02   3.7816400e+04   1.2000000e-02
  -3.2673690e-02   2.9545819e-02   3.7816400e+04   1.2000000e-02
  -3.2501622e-02   2.6457279e-02   3.7816400e+04   1.2000000e-02
  -3.2504410e-02   9.3481160e-03   3.7819300e+04   1.2000000e-02
  -3.2330045e-02   1.1274659e-02   3.7819300e+04   1.2000000e-02
  -3.2332177e-02   2.4869294e-02   3.7816400e+04   1.2000000e-02
  -3.2157895e-02   3.0113775e-02   3.7816400e+04   1.2000000e-02
  -3.2147561e-02   3.8657488e-02   3.7816400e+04   1.2000000e-02
  -3.1963436e-02   4.2178170e-02   3.7819300e+04   1.2000000e-02
  -3.1787349e-02   5.4837588e-02   3.7816400e+04   1.2000000e-02
  -3.1782593e-02   3.7726695e-02   3.7813400e+04   1.2000000e-02
  -3.1619136e-02   1.0372160e-02   3.7813400e+04   1.2000000e-02
  -3.1618152e-02   3.5634398e-02   3.7813400e+04   1.2000000e-02
  -3.1443951e-02   3.8227974e-02   3.7816400e+04   1.2000000e-02
  -3.1441819e-02   4.0610852e-02   3.7816400e+04   1.2000000e-02
  -3.1260894e-02   4.7131904e-02   3.7816400e+04   1.2000000e-02
  -3.1099898e-02   4.6536800e-02   3.7816400e+04   1.2000000e-02
  -3.1103589e-02   4.8023904e-02   3.7819300e+04   1.2000000e-02
  -3.0926600e-02   1.5094364e-02   3.7822300e+04   1.2000000e-02
  -3.0931521e-02   4.1911207e-02   3.7822300e+04   1.2000000e-02
  -3.0760273e-02   1.6873280e-02   3.7819300e+04   1.2000000e-02
  -3.0754285e-02   1.1531449e-02   3.7816400e+04   1.2000000e-02
  -3.0587466e-02   5.4362552e-02   3.7816400e+04   1.2000000e-02
  -3.0420975e-02   6.1934305e-02   3.7819300e+04   1.2000000e-02
  -3.0421959e-02   2.9070045e-02   3.7822300e+04   1.2000000e-02
  -3.0248826e-02   4.7438069e-02   3.7822300e+04   1.2000000e-02
  -3.0247350e-02   4.6259097e-02   3.7822300e+04   1.2000000e-02
  -3.0064538e-02   1.2718377e-02   3.7819300e+04   1.2000000e-02
  -3.0080203e-02   2.9543194e-02   3.7819300e+04   1.2000000e-02
  -2.9911497e-02   3.9667839e-02   3.7822300e+04   1.2000000e-02
  -2.9735000e-02   1.1699733e-01   3.7822300e+04   1.2000000e-02
  -2.9720073e-02   2.9559187e-02   3.7822300e+04   1.2000000e-02
  -2.9546775e-02   2.2892558e-02   3.7819300e+04   1.2000000e-02
  -2.9543002e-02   9.1292080e-02   3.7816400e+04   1.2000000e-02
  -2.9373558e-02   4.6617914e-02   3.7816400e+04   1.2000000e-02
  -2.9361174e-02   3.6395914e-02   3.7816400e+04   1.2000000e-02
  -2.9196404e-02   5.4385598e-02   3.7819300e+04   1.2000000e-02
  -2.9193616e-02   5.4637881e-02   3.7819300e+04   1.2000000e-02
  -2.9005473e-02   5.6480111e-02   3.7819300e+04   1.2000000e-02
  -2.8842672e-02   2.6014641e-02   3.7819300e+04   1.2000000e-02
  -2.8840212e-02   3.7504270e-02   3.7819300e+04   1.2000000e-02
  -2.8666503e-02   1.0394225e-01   3.7816400e+04   1.2000000e-02
  -2.8676263e-02   6.4625888e-02   3.7816400e+04   1.2000000e-02
  -2.8495665e-02   4.1622267e-02   3.7819300e+04   1.2000000e-02
  -2.8490252e-02   5.8387382e-02   3.7822300e+04   1.2000000e-02
  -2.8316298e-02   5.3270270e-02   3.7822300e+04   1.2000000e-02
  -2.8152268e-02   3.6494660e-02   3.7822300e+04   1.2000000e-02
  -2.8146281e-02   6.3688779e-02   3.7822300e+04   1.2000000e-02
  -2.7978232e-02   5.9918858e-02   3.7822300e+04   1.2000000e-02
  -2.7979052e-02   7.1228340e-02   3.7819300e+04   1.2000000e-02
  -2.7799192e-02   3.9823832e-02   3.7816400e+04   1.2000000e-02
  -2.7794353e-02   4.5047397e-02   3.7816400e+04   1.2000000e-02
  -2.7630241e-02   1.9976582e-02   3.7816400e+04   1.2000000e-02
  -2.7450545e-02   3.6050629e-02   3.7816400e+04   1.2000000e-02
  -2.7460469e-02   3.6420764e-02   3.7813400e+04   1.2000000e-02
  -2.7282414e-02   5.1089314e-02   3.7813400e+04   1.2000000e-02
  -2.7277411e-02   4.9197710e-02   3.7819300e+04   1.2000000e-02
  -2.7103947e-02   6.5964216e-02   3.7819300e+04   1.2000000e-02
  -2.7104193e-02   4.2895394e-02   3.7819300e+04   1.2000000e-02
  -2.6934668e-02   4.3913288e-02   3.7819300e+04   1.2000000e-02
  -2.6756284e-02   2.9251955e-02   3.7819300e+04   1.2000000e-02
  -2.6766536e-02   4.1396069e-02   3.7822300e+04   1.2000000e-02
  -2.6579705e-02   4.1557147e-02   3.7822300e+04   1.2000000e-02
  -2.6583478e-02   6.7742478e-02   3.7822300e+04   1.2000000e-02
  -2.6406489e-02   4.2755886e-02   3.7822300e+04   1.2000000e-02
  -2.6415757e-02   3.8812501e-02   3.7822300e+04   1.2000000e-02
  -2.6232863e-02   6.5672488e-02   3.7825300e+04   1.2000000e-02
  -2.6064240e-02   4.4230360e-02   3.7825300e+04   1.2000000e-02
  -2.6058909e-02   7.4515880e-02   3.7825300e+04   1.2000000e-02
  -2.5893976e-02   5.2192422e-02   3.7822300e+04   1.2000000e-02
  -2.5888809e-02   1.0407831e-01   3.7819300e+04   1.2000000e-02
  -2.5716413e-02   4.9064353e-02   3.7819300e+04   1.2000000e-02
  -2.5708786e-02   3.4981802e-02   3.7822300e+04   1.2000000e-02
  -2.5544509e-02   2.7887875e-02   3.7822300e+04   1.2000000e-02
  -2.5370308e-02   4.0624795e-02   3.7822300e+04   1.2000000e-02
  -2.5365716e-02   3.8088056e-02   3.7825300e+04   1.2000000e-02
  -2.5190941e-02   5.1431566e-02   3.7825300e+04   1.2000000e-02
  -2.5183642e-02   7.5740381e-02   3.7828300e+04   1.2000000e-02
  -2.5013377e-02   7.6369880e-02   3.7828300e+04   1.2000000e-02
  -2.5014279e-02   5.1141886e-02   3.7828300e+04   1.2000000e-02
  -2.4824577e-02   5.3837572e-02   3.7834200e+04   1.2000000e-02
  -2.4655134e-02   6.5269711e-02   3.7837200e+04   1.2000000e-02
  -2.4644718e-02   6.5299646e-02   3.7837200e+04   1.2000000e-02
  -2.4472814e-02   4.9330576e-02   3.7837200e+04   1.2000000e-02
  -2.4486346e-02   7.2872520e-02   3.7837200e+04   1.2000000e-02
  -2.4308619e-02   6.8472663e-02   3.7834200e+04   1.2000000e-02
  -2.4315590e-02   4.3362473e-02   3.7834200e+04   1.2000000e-02
  -2.4131220e-02   4.2313413e-02   3.7831300e+04   1.2000000e-02
  -2.3948819e-02   8.7339820e-02   3.7831300e+04   1.2000000e-02
  -2.3954806e-02   8.9094794e-02   3.7834200e+04   1.2000000e-02
  -2.3787003e-02   5.7749138e-02   3.7834200e+04   1.2000000e-02
  -2.3803816e-02   2.6174899e-02   3.7834200e+04   1.2000000e-02
  -2.3617231e-02   2.6781731e-02   3.7834200e+04   1.2000000e-02
  -2.3609685e-02   1.3082697e-01   3.7834200e+04   1.2000000e-02
  -2.3433763e-02   5.5478538e-02   3.7834200e+04   1.2000000e-02
  -2.3264155e-02   6.1381603e-02   3.7834200e+04   1.2000000e-02
  -2.3272028e-02   4.4664386e-02   3.7837200e+04   1.2000000e-02
  -2.3096926e-02   4.1392706e-02   3.7834200e+04   1.2000000e-02
  -2.3095695e-02   3.8266357e-02   3.7834200e+04   1.2000000e-02
  -2.2924284e-02   5.3909909e-02   3.7834200e+04   1.2000000e-02
  -2.2910670e-02   1.2569032e-01   3.7834200e+04   1.2000000e-02
  -2.2745409e-02   2.5232789e-02   3.7834200e+04   1.2000000e-02
  -2.2580476e-02   3.4542526e-02   3.7831300e+04   1.2000000e-02
  -2.2570060e-02   8.6176770e-02   3.7831300e+04   1.2000000e-02
  -2.2397254e-02   8.2676922e-02   3.7828300e+04   1.2000000e-02
  -2.2390693e-02   8.2338199e-02   3.7828300e+04   1.2000000e-02
  -2.2222807e-02   4.0005825e-02   3.7825300e+04   1.2000000e-02
  -2.2227892e-02   5.5489856e-02   3.7825300e+04   1.2000000e-02
  -2.2062057e-02   5.2708547e-02   3.7825300e+04   1.2000000e-02
  -2.1887527e-02   7.0754497e-02   3.7828300e+04   1.2000000e-02
  -2.1899091e-02   5.6313046e-02   3.7828300e+04   1.2000000e-02
  -2.1730303e-02   4.0621514e-02   3.7828300e+04   1.2000000e-02
  -2.1727433e-02   7.4987479e-02   3.7831300e+04   1.2000000e-02
  -2.1544703e-02   6.9401487e-02   3.7828300e+04   1.2000000e-02
  -2.1539782e-02   9.6333630e-02   3.7828300e+04   1.2000000e-02
  -2.1362547e-02   5.1840330e-02   3.7828300e+04   1.2000000e-02
  -2.1197614e-02   7.1731383e-02   3.7828300e+04   1.2000000e-02
  -2.1202781e-02   4.8091977e-02   3.7831300e+04   1.2000000e-02
  -2.1029482e-02   3.1920082e-02   3.7831300e+04   1.2000000e-02
  -2.1022265e-02   6.6661186e-02   3.7834200e+04   1.2000000e-02
  -2.0847737e-02   7.7340338e-02   3.7834200e+04   1.2000000e-02
  -2.0830268e-02   9.1964990e-02   3.7837200e+04   1.2000000e-02
  -2.0666402e-02   6.4245583e-02   3.7837200e+04   1.2000000e-02
  -2.0504339e-02   7.7181310e-02   3.7837200e+04   1.2000000e-02
  -2.0497532e-02   6.0553492e-02   3.7834200e+04   1.2000000e-02
  -2.0330631e-02   5.5656513e-02   3.7834200e+04   1.2000000e-02
  -2.0337684e-02   6.0619761e-02   3.7831300e+04   1.2000000e-02
  -2.0145932e-02   6.3330618e-02   3.7828300e+04   1.2000000e-02
  -2.0136254e-02   6.8156737e-02   3.7825300e+04   1.2000000e-02
  -1.9965581e-02   7.0801327e-02   3.7825300e+04   1.2000000e-02
  -1.9963448e-02   4.2052687e-02   3.7828300e+04   1.2000000e-02
  -1.9793838e-02   3.1212371e-02   3.7828300e+04   1.2000000e-02
  -1.9632350e-02   9.2959200e-02   3.7828300e+04   1.2000000e-02
  -1.9632432e-02   1.0265707e-01   3.7828300e+04   1.2000000e-02
  -1.9453639e-02   5.6413597e-02   3.7828300e+04   1.2000000e-02
  -1.9456345e-02   7.3432056e-02   3.7828300e+04   1.2000000e-02
  -1.9280997e-02   5.2369903e-02   3.7828300e+04   1.2000000e-02
  -1.9272631e-02   5.6380709e-02   3.7828300e+04   1.2000000e-02
  -1.9108108e-02   5.1222425e-02   3.7828300e+04   1.2000000e-02
  -1.8932760e-02   5.2226377e-02   3.7828300e+04   1.2000000e-02
  -1.8936204e-02   6.0567517e-02   3.7825300e+04   1.2000000e-02
  -1.8761841e-02   1.0910102e-01   3.7825300e+04   1.2000000e-02
  -1.8766844e-02   6.0843091e-02   3.7825300e+04   1.2000000e-02
  -1.8577716e-02   4.8111989e-02   3.7828300e+04   1.2000000e-02
  -1.8589526e-02   3.5125903e-02   3.7831300e+04   1.2000000e-02
  -1.8413522e-02   5.7410577e-02   3.7831300e+04   1.2000000e-02
  -1.8242684e-02   6.3632599e-02   3.7828300e+04   1.2000000e-02
  -1.8236615e-02   4.6608728e-02   3.7828300e+04   1.2000000e-02
  -1.8056181e-02   2.7072804e-02   3.7828300e+04   1.2000000e-02
  -1.8057739e-02   5.0839577e-02   3.7834200e+04   1.2000000e-02
  -1.7890182e-02   7.4538938e-02   3.7831300e+04   1.2000000e-02
  -1.7885425e-02   5.7407625e-02   3.7831300e+04   1.2000000e-02
  -1.7714749e-02   5.1707384e-02   3.7831300e+04   1.2000000e-02
  -1.7549406e-02   3.4448619e-02   3.7834200e+04   1.2000000e-02
  -1.7553179e-02   4.4067806e-02   3.7834200e+04   1.2000000e-02
  -1.7371023e-02   2.6803711e-02   3.7834200e+04   1.2000000e-02
  -1.7374549e-02   5.2041514e-02   3.7834200e+04   1.2000000e-02
  -1.7185586e-02   2.9581659e-02   3.7834200e+04   1.2000000e-02
  -1.7203301e-02   3.8820621e-02   3.7831300e+04   1.2000000e-02
  -1.7030331e-02   3.7822982e-02   3.7825300e+04   1.2000000e-02
  -1.6873436e-02   3.9618630e-02   3.7825300e+04   1.2000000e-02
  -1.6860723e-02   5.2194965e-02   3.7822300e+04   1.2000000e-02
  -1.6680783e-02   5.5252996e-02   3.7822300e+04   1.2000000e-02
  -1.6693741e-02   5.4260279e-02   3.7825300e+04   1.2000000e-02
  -1.6522821e-02   7.2703512e-02   3.7828300e+04   1.2000000e-02
  -1.6517162e-02   5.1630699e-02   3.7828300e+04   1.2000000e-02
  -1.6342880e-02   4.9764355e-02   3.7828300e+04   1.2000000e-02
  -1.6178193e-02   4.1218260e-02   3.7828300e+04   1.2000000e-02
  -1.6166301e-02   3.9533498e-02   3.7828300e+04   1.2000000e-02
  -1.6004074e-02   2.4502111e-02   3.7834200e+04   1.2000000e-02
  -1.6009815e-02   6.7500204e-02   3.7837200e+04   1.2000000e-02
  -1.5825855e-02   8.0671233e-02   3.7840200e+04   1.2000000e-02
  -1.5832170e-02   9.6010690e-02   3.7840200e+04   1.2000000e-02
  -1.5649274e-02   3.2086901e-02   3.7843200e+04   1.2000000e-02
  -1.5479830e-02   4.8186541e-02   3.7849100e+04   1.2000000e-02
  -1.5486392e-02   5.2274273e-02   3.7852100e+04   1.2000000e-02
  -1.5288161e-02   7.0027346e-02   3.7852100e+04   1.2000000e-02
  -1.5302513e-02   6.4602596e-02   3.7849100e+04   1.2000000e-02
  -1.5141681e-02   5.8950337e-02   3.7849100e+04   1.2000000e-02
  -1.5138401e-02   7.3030589e-02   3.7849100e+04   1.2000000e-02
  -1.4953210e-02   1.1251232e-01   3.7846200e+04   1.2000000e-02
  -1.4783192e-02   9.2631382e-02   3.7846200e+04   1.2000000e-02
  -1.4775893e-02   4.0748802e-02   3.7849100e+04   1.2000000e-02
  -1.4594230e-02   8.3958850e-02   3.7849100e+04   1.2000000e-02
  -1.4596772e-02   7.0904256e-02   3.7849100e+04   1.2000000e-02
  -1.4406661e-02   7.5730375e-02   3.7846200e+04   1.2000000e-02
  -1.4414780e-02   9.3004280e-02   3.7843200e+04   1.2000000e-02
  -1.4238447e-02   7.4171670e-02   3.7843200e+04   1.2000000e-02
  -1.4081880e-02   1.0847728e-01   3.7840200e+04   1.2000000e-02
  -1.4088113e-02   3.3380532e-02   3.7843200e+04   1.2000000e-02
  -1.3908910e-02   5.6279830e-02   3.7843200e+04   1.2000000e-02
  -1.3912273e-02   5.4237068e-02   3.7846200e+04   1.2000000e-02
  -1.3736022e-02   7.3269220e-02   3.7846200e+04   1.2000000e-02
  -1.3736678e-02   8.5027076e-02   3.7846200e+04   1.2000000e-02
  -1.3560343e-02   6.9665494e-02   3.7846200e+04   1.2000000e-02
  -1.3386060e-02   6.3906590e-02   3.7843200e+04   1.2000000e-02
  -1.3399429e-02   7.4931381e-02   3.7843200e+04   1.2000000e-02
  -1.3220553e-02   6.4091641e-02   3.7843200e+04   1.2000000e-02
  -1.3218503e-02   6.5259459e-02   3.7843200e+04   1.2000000e-02
  -1.3048321e-02   1.3882248e-01   3.7843200e+04   1.2000000e-02
  -1.3037823e-02   1.3389238e-01   3.7843200e+04   1.2000000e-02
  -1.2868379e-02   4.5320018e-02   3.7843200e+04   1.2000000e-02
  -1.2695491e-02   4.3585145e-02   3.7843200e+04   1.2000000e-02
  -1.2702216e-02   3.1187930e-02   3.7843200e+04   1.2000000e-02
  -1.2522193e-02   1.0829040e-01   3.7843200e+04   1.2000000e-02
  -1.2509643e-02   7.5948372e-02   3.7843200e+04   1.2000000e-02
  -1.2353568e-02   7.4906366e-02   3.7843200e+04   1.2000000e-02
  -1.2352338e-02   5.8215970e-02   3.7840200e+04   1.2000000e-02
  -1.2177809e-02   7.2001952e-02   3.7837200e+04   1.2000000e-02
  -1.2003937e-02   3.7397650e-02   3.7837200e+04   1.2000000e-02
  -1.2004019e-02   3.4015086e-02   3.7837200e+04   1.2000000e-02
  -1.1832443e-02   5.6302548e-02   3.7837200e+04   1.2000000e-02
  -1.1834083e-02   9.0571620e-02   3.7840200e+04   1.2000000e-02
  -1.1656438e-02   1.1437533e-01   3.7840200e+04   1.2000000e-02
  -1.1651107e-02   6.0087153e-02   3.7840200e+04   1.2000000e-02
  -1.1475020e-02   4.6504896e-02   3.7843200e+04   1.2000000e-02
  -1.1319437e-02   6.0044833e-02   3.7840200e+04   1.2000000e-02
  -1.1313286e-02   8.5954650e-02   3.7840200e+04   1.2000000e-02
  -1.1129654e-02   5.5870910e-02   3.7843200e+04   1.2000000e-02
  -1.1136625e-02   1.1428763e-01   3.7843200e+04   1.2000000e-02
  -1.0956109e-02   5.6906511e-02   3.7843200e+04   1.2000000e-02
  -1.0965787e-02   8.7383260e-02   3.7843200e+04   1.2000000e-02
  -1.0779530e-02   7.1781590e-02   3.7837200e+04   1.2000000e-02
  -1.0777234e-02   7.1985056e-02   3.7834200e+04   1.2000000e-02
  -1.0611891e-02   8.7802090e-02   3.7834200e+04   1.2000000e-02
  -1.0433425e-02   6.1301392e-02   3.7834200e+04   1.2000000e-02
  -1.0426700e-02   6.2255641e-02   3.7840200e+04   1.2000000e-02
  -1.0259961e-02   6.6327219e-02   3.7843200e+04   1.2000000e-02
  -1.0262093e-02   6.0853342e-02   3.7843200e+04   1.2000000e-02
  -1.0071654e-02   6.1569746e-02   3.7843200e+04   1.2000000e-02
  -1.0081824e-02   6.0639937e-02   3.7843200e+04   1.2000000e-02
  -9.9157430e-03   1.0209562e-01   3.7840200e+04   1.2000000e-02
  -9.7334230e-03   9.6734430e-02   3.7840200e+04   1.2000000e-02
  -9.7338330e-03   7.2677450e-02   3.7843200e+04   1.2000000e-02
  -9.5594680e-03   6.3572892e-02   3.7843200e+04   1.2000000e-02
  -9.5699660e-03   7.5187351e-02   3.7846200e+04   1.2000000e-02
  -9.3932230e-03   1.2099138e-01   3.7849100e+04   1.2000000e-02
  -9.4018350e-03   9.8472851e-02   3.7846200e+04   1.2000000e-02
  -9.2203360e-03   1.4244114e-01   3.7843200e+04   1.2000000e-02
  -9.0535990e-03   5.4908204e-02   3.7843200e+04   1.2000000e-02
  -9.0504820e-03   6.9594715e-02   3.7843200e+04   1.2000000e-02
  -8.8716070e-03   9.8150750e-02   3.7840200e+04   1.2000000e-02
  -8.8724270e-03   1.0485780e-01   3.7840200e+04   1.2000000e-02
  -8.7016710e-03   3.6652211e-02   3.7837200e+04   1.2000000e-02
  -8.7001130e-03   5.2906860e-02   3.7834200e+04   1.2000000e-02
  -8.5332110e-03   7.4064394e-02   3.7834200e+04   1.2000000e-02
  -8.3503170e-03   7.9336940e-02   3.7834200e+04   1.2000000e-02
  -8.3618810e-03   1.3981095e-01   3.7831300e+04   1.2000000e-02
  -8.1851360e-03   1.0478319e-01   3.7828300e+04   1.2000000e-02
  -8.1800510e-03   7.2767648e-02   3.7828300e+04   1.2000000e-02
  -8.0067530e-03   8.3205594e-02   3.7828300e+04   1.2000000e-02
  -8.0161850e-03   7.5684939e-02   3.7828300e+04   1.2000000e-02
  -7.8433790e-03   7.4285425e-02   3.7828300e+04   1.2000000e-02
  -7.6655690e-03   5.4700213e-02   3.7834200e+04   1.2000000e-02
  -7.6717200e-03   7.8930619e-02   3.7831300e+04   1.2000000e-02
  -7.4789840e-03   8.5693190e-02   3.7831300e+04   1.2000000e-02
  -7.4792300e-03   8.7829869e-02   3.7831300e+04   1.2000000e-02
  -7.3039640e-03   8.5352349e-02   3.7834200e+04   1.2000000e-02
  -7.3120830e-03   6.4669767e-02   3.7834200e+04   1.2000000e-02
  -7.1482170e-03   7.3737399e-02   3.7834200e+04   1.2000000e-02
  -6.9663070e-03   6.5092394e-02   3.7834200e+04   1.2000000e-02
  -6.9695050e-03   8.8030807e-02   3.7837200e+04   1.2000000e-02
  -6.7887430e-03   8.9559658e-02   3.7837200e+04   1.2000000e-02
  -6.7921060e-03   9.6716983e-02   3.7840200e+04   1.2000000e-02
  -6.6170030e-03   8.5146081e-02   3.7843200e+04   1.2000000e-02
  -6.6220880e-03   5.4678725e-02   3.7849100e+04   1.2000000e-02
  -6.4450170e-03   5.3772205e-02   3.7849100e+04   1.2000000e-02
  -6.2756560e-03   8.1615510e-02   3.7849100e+04   1.2000000e-02
  -6.2667980e-03   6.9132066e-02   3.7849100e+04   1.2000000e-02
  -6.0879220e-03   1.1923164e-01   3.7852100e+04   1.2000000e-02
  -6.0927600e-03   1.4789906e-01   3.7852100e+04   1.2000000e-02
  -5.9096200e-03   1.3992160e-01   3.7852100e+04   1.2000000e-02
  -5.9180680e-03   7.1557100e-02   3.7852100e+04   1.2000000e-02
  -5.7582200e-03   7.5140192e-02   3.7855100e+04   1.2000000e-02
  -5.5747520e-03   7.6328841e-02   3.7855100e+04   1.2000000e-02
  -5.5670420e-03   8.0580689e-02   3.7858100e+04   1.2000000e-02
  -5.3909550e-03   1.0920921e-01   3.7858100e+04   1.2000000e-02
  -5.4029300e-03   1.1615475e-01   3.7858100e+04   1.2000000e-02
  -5.2151960e-03   1.2891395e-01   3.7858100e+04   1.2000000e-02
  -5.2205270e-03   7.1482467e-02   3.7855100e+04   1.2000000e-02
  -5.0430460e-03   1.2490430e-01   3.7855100e+04   1.2000000e-02
  -4.8716340e-03   6.9504990e-02   3.7855100e+04   1.2000000e-02
  -4.8716340e-03   8.3098318e-02   3.7855100e+04   1.2000000e-02
  -4.6808670e-03   9.5713170e-02   3.7858100e+04   1.2000000e-02
  -4.6866080e-03   1.0557333e-01   3.7858100e+04   1.2000000e-02
  -4.5189680e-03   8.8291700e-02   3.7861100e+04   1.2000000e-02
  -4.5099470e-03   8.7913771e-02   3.7858100e+04   1.2000000e-02
  -4.3619910e-03   7.7082728e-02   3.7855100e+04   1.2000000e-02
  -4.1879550e-03   6.7597639e-02   3.7855100e+04   1.2000000e-02
  -4.1783590e-03   9.5137790e-02   3.7855100e+04   1.2000000e-02
  -4.0095690e-03   8.4286475e-02   3.7855100e+04   1.2000000e-02
  -4.0176070e-03   7.0437999e-02   3.7858100e+04   1.2000000e-02
  -3.8425860e-03   9.2253701e-02   3.7855100e+04   1.2000000e-02
  -3.8309400e-03   1.2087746e-01   3.7852100e+04   1.2000000e-02
  -3.6564110e-03   1.0108912e-01   3.7852100e+04   1.2000000e-02
  -3.4741730e-03   1.0285542e-01   3.7849100e+04   1.2000000e-02
  -3.4645770e-03   1.2605836e-01   3.7849100e+04   1.2000000e-02
  -3.2929190e-03   1.1499907e-01   3.7849100e+04   1.2000000e-02
  -3.2901310e-03   1.3433171e-01   3.7852100e+04   1.2000000e-02
  -3.1283970e-03   1.3774712e-01   3.7855100e+04   1.2000000e-02
  -3.1261820e-03   1.2475512e-01   3.7855100e+04   1.2000000e-02
  -2.9639560e-03   8.6323001e-02   3.7852100e+04   1.2000000e-02
  -2.7821280e-03   1.4058222e-01   3.7855100e+04   1.2000000e-02
  -2.7830300e-03   1.3235148e-01   3.7858100e+04   1.2000000e-02
  -2.6089110e-03   1.0680442e-01   3.7861100e+04   1.2000000e-02
  -2.6129300e-03   1.4026257e-01   3.7858100e+04   1.2000000e-02
  -2.4416000e-03   1.0180957e-01   3.7858100e+04   1.2000000e-02
  -2.4311020e-03   7.9359070e-02   3.7858100e+04   1.2000000e-02
  -2.2486180e-03   9.8607280e-02   3.7858100e+04   1.2000000e-02
  -2.0804050e-03   1.0965099e-01   3.7858100e+04   1.2000000e-02
  -2.0843410e-03   1.7036268e-01   3.7852100e+04   1.2000000e-02
  -1.8989030e-03   1.4443858e-01   3.7852100e+04   1.2000000e-02
  -1.9154700e-03   1.5719121e-01   3.7855100e+04   1.2000000e-02
  -1.7351180e-03   1.3098598e-01   3.7855100e+04   1.2000000e-02
  -1.7320840e-03   1.0909692e-01   3.7855100e+04   1.2000000e-02
  -1.5631320e-03   1.5681582e-01   3.7858100e+04   1.2000000e-02
  -1.5677250e-03   8.9334198e-02   3.7855100e+04   1.2000000e-02
  -1.3855690e-03   7.9513010e-02   3.7855100e+04   1.2000000e-02
  -1.2212100e-03   7.3404581e-02   3.7855100e+04   1.2000000e-02
  -1.2134190e-03   5.1339543e-02   3.7855100e+04   1.2000000e-02
  -1.0329030e-03   1.0818713e-01   3.7852100e+04   1.2000000e-02
  -1.0297040e-03   5.3932299e-02   3.7852100e+04   1.2000000e-02
  -8.4877700e-04   7.4344230e-02   3.7855100e+04   1.2000000e-02
  -8.5271300e-04   1.0050062e-01   3.7855100e+04   1.2000000e-02
  -6.7892300e-04   8.9264731e-02   3.7852100e+04   1.2000000e-02
  -5.0447600e-04   1.1077306e-01   3.7852100e+04   1.2000000e-02
  -4.9717700e-04   1.1950949e-01   3.7852100e+04   1.2000000e-02
  -3.4659700e-04   1.3395959e-01   3.7849100e+04   1.2000000e-02
  -3.3823100e-04   1.3426204e-01   3.7852100e+04   1.2000000e-02
  -1.7141200e-04   1.2090041e-01   3.7852100e+04   1.2000000e-02
  -1.7001800e-04   1.5440528e-01   3.7855100e+04   1.2000000e-02
  -1.7220000e-06   1.9088624e-01   3.7858100e+04   1.2000000e-02
   1.6534300e-04   2.0912713e-01   3.7855100e+04   1.2000000e-02
   1.8133600e-04   1.7057005e-01   3.7852100e+04   1.2000000e-02
   3.6168800e-04   1.6062301e-01   3.7855100e+04   1.2000000e-02
   3.4881100e-04   2.0371511e-01   3.7855100e+04   1.2000000e-02
   5.1792700e-04   1.5846903e-01   3.7858100e+04   1.2000000e-02
   5.1366200e-04   1.7752379e-01   3.7855100e+04   1.2000000e-02
   6.9704800e-04   1.4413040e-01   3.7855100e+04   1.2000000e-02
   8.6944400e-04   1.8529799e-01   3.7855100e+04   1.2000000e-02
   8.7051100e-04   1.9848912e-01   3.7858100e+04   1.2000000e-02
   1.0484840e-03   2.3372344e-01   3.7861100e+04   1.2000000e-02
   1.0448750e-03   2.2167488e-01   3.7864000e+04   1.2000000e-02
   1.2043130e-03   2.1771522e-01   3.7864000e+04   1.2000000e-02
   1.2052150e-03   2.6722011e-01   3.7864000e+04   1.2000000e-02
   1.3895040e-03   2.7058797e-01   3.7861100e+04   1.2000000e-02
   1.5628020e-03   2.3823468e-01   3.7858100e+04   1.2000000e-02
   1.5628840e-03   2.6710127e-01   3.7855100e+04   1.2000000e-02
   1.7338040e-03   2.6435141e-01   3.7855100e+04   1.2000000e-02
   1.7424160e-03   3.3401759e-01   3.7855100e+04   1.2000000e-02
   1.9052980e-03   4.6363981e-01   3.7858100e+04   1.2000000e-02
   1.9057900e-03   3.2262471e-01   3.7858100e+04   1.2000000e-02
   2.0797450e-03   5.3561326e-01   3.7855100e+04   1.2000000e-02
   2.2591960e-03   4.4734061e-01   3.7855100e+04   1.2000000e-02
   2.2613290e-03   6.3983757e-01   3.7858100e+04   1.2000000e-02
   2.4237190e-03   5.4480458e-01   3.7858100e+04   1.2000000e-02
   2.4207660e-03   7.0304590e-01   3.7861100e+04   1.2000000e-02
   2.5893080e-03   7.8626959e-01   3.7864000e+04   1.2000000e-02
   2.5988220e-03   8.0708740e-01   3.7864000e+04   1.2000000e-02
   2.7724480e-03   9.1106248e-01   3.7864000e+04   1.2000000e-02
   2.9461560e-03   9.7024886e-01   3.7864000e+04   1.2000000e-02
   2.9463210e-03   9.0324240e-01   3.7867000e+04   1.2000000e-02
   3.1165840e-03   9.5562174e-01   3.7867000e+04   1.2000000e-02
   3.1257700e-03   8.7338734e-01   3.7867000e+04   1.2000000e-02
   3.2917690e-03   1.1046732e+00   3.7867000e+04   1.2000000e-02
   3.2915230e-03   1.2468189e+00   3.7864000e+04   1.2000000e-02
   3.4680200e-03   1.4915097e+00   3.7864000e+04   1.2000000e-02
   3.6488640e-03   1.5448667e+00   3.7867000e+04   1.2000000e-02
   3.6517340e-03   1.6524754e+00   3.7864000e+04   1.2000000e-02
   3.8236380e-03   1.9058414e+00   3.7861100e+04   1.2000000e-02
