  -7.1420455e-02  -5.9302641e-02   3.7858100e+04   1.2000000e-02
  -7.1415698e-02  -3.4858903e-02   3.7855100e+04   1.2000000e-02
  -7.1252816e-02  -5.6697018e-02   3.7855100e+04   1.2000000e-02
  -7.1254128e-02  -4.7732430e-02   3.7855100e+04   1.2000000e-02
  -7.1084112e-02  -3.8825738e-02   3.7855100e+04   1.2000000e-02
  -7.1084604e-02  -5.3121566e-02   3.7858100e+04   1.2000000e-02
  -7.0912864e-02  -4.0816002e-02   3.7858100e+04   1.2000000e-02
  -7.0731446e-02  -2.6497444e-02   3.7861100e+04   1.2000000e-02
  -7.0734973e-02  -5.3557311e-02   3.7861100e+04   1.2000000e-02
  -7.0557410e-02  -5.7677591e-02   3.7861100e+04   1.2000000e-02
  -7.0552407e-02  -4.0660091e-02   3.7861100e+04   1.2000000e-02
  -7.0383619e-02  -5.0022458e-02   3.7864000e+04   1.2000000e-02
  -7.0394363e-02  -3.9601275e-02   3.7864000e+04   1.2000000e-02
  -7.0230333e-02  -4.0011514e-02   3.7867000e+04   1.2000000e-02
  -7.0036943e-02  -4.0744649e-02   3.7867000e+04   1.2000000e-02
  -7.0027102e-02  -3.3553878e-02   3.7867000e+04   1.2000000e-02
  -6.9854131e-02  -2.0025124e-02   3.7867000e+04   1.2000000e-02
  -6.9855854e-02  -3.8042163e-02   3.7864000e+04   1.2000000e-02
  -6.9684524e-02  -2.3289334e-02   3.7867000e+04   1.2000000e-02
  -6.9698630e-02  -4.9791421e-02   3.7867000e+04   1.2000000e-02
  -6.9522133e-02  -4.2365517e-02   3.7867000e+04   1.2000000e-02
  -6.9338091e-02  -3.4592190e-02   3.7867000e+04   1.2000000e-02
  -6.9329643e-02  -4.8365914e-02   3.7867000e+04   1.2000000e-02
  -6.9162578e-02  -3.8137301e-02   3.7867000e+04   1.2000000e-02
  -6.9168811e-02  -2.3975966e-02   3.7867000e+04   1.2000000e-02
  -6.9002570e-02  -1.2637998e-02   3.7864000e+04   1.2000000e-02
  -6.8995435e-02  -1.4991511e-02   3.7867000e+04   1.2000000e-02
  -6.8814755e-02  -4.5758050e-03   3.7867000e+04   1.2000000e-02
  -6.8655809e-02  -2.0143472e-02   3.7855100e+04   1.2000000e-02
  -6.8639652e-02  -4.4100548e-02   3.7849100e+04   1.2000000e-02
  -6.8476688e-02  -6.1669599e-02   3.7852100e+04   1.2000000e-02
  -6.8468978e-02  -3.2941060e-02   3.7858100e+04   1.2000000e-02
  -6.8303882e-02  -5.8988358e-02   3.7864000e+04   1.2000000e-02
  -6.8296664e-02  -2.1682324e-02   3.7867000e+04   1.2000000e-02
  -6.8125252e-02  -9.6476350e-03   3.7867000e+04   1.2000000e-02
  -6.7942361e-02  -2.9589833e-02   3.7867000e+04   1.2000000e-02
  -6.7931781e-02  -9.2322280e-03   3.7867000e+04   1.2000000e-02
  -6.7759713e-02  -2.9671848e-02   3.7870000e+04   1.2000000e-02
  -6.7759877e-02  -5.7354781e-02   3.7870000e+04   1.2000000e-02
  -6.7592074e-02  -3.6098238e-02   3.7870000e+04   1.2000000e-02
  -6.7590187e-02  -4.9566288e-02   3.7867000e+04   1.2000000e-02
  -6.7417381e-02  -5.1616012e-02   3.7864000e+04   1.2000000e-02
  -6.7231042e-02  -5.6403733e-02   3.7867000e+04   1.2000000e-02
  -6.7231944e-02  -1.1108576e-02   3.7867000e+04   1.2000000e-02
  -6.7058810e-02  -5.3134524e-02   3.7867000e+04   1.2000000e-02
  -6.7054135e-02  -3.8340863e-02   3.7867000e+04   1.2000000e-02
  -6.6889450e-02   5.7256580e-03   3.7867000e+04   1.2000000e-02
  -6.6895766e-02   8.1293600e-04   3.7867000e+04   1.2000000e-02
  -6.6725502e-02  -1.9937859e-02   3.7870000e+04   1.2000000e-02
  -6.6557288e-02  -3.3907610e-02   3.7870000e+04   1.2000000e-02
  -6.6548923e-02  -4.2356085e-02   3.7873000e+04   1.2000000e-02
  -6.6386778e-02  -3.7224307e-02   3.7873000e+04   1.2000000e-02
  -6.6390469e-02  -1.2530886e-02   3.7870000e+04   1.2000000e-02
  -6.6206099e-02  -3.1584608e-02   3.7870000e+04   1.2000000e-02
  -6.6199537e-02  -3.4045723e-02   3.7870000e+04   1.2000000e-02
  -6.6015249e-02  -2.8053112e-02   3.7870000e+04   1.2000000e-02
  -6.6018284e-02  -2.5918520e-03   3.7873000e+04   1.2000000e-02
  -6.5858439e-02  -2.2379560e-03   3.7876000e+04   1.2000000e-02
  -6.5687519e-02   2.9777512e-02   3.7873000e+04   1.2000000e-02
  -6.5691538e-02  -3.3833632e-02   3.7870000e+04   1.2000000e-02
  -6.5531608e-02   5.6246100e-04   3.7870000e+04   1.2000000e-02
  -6.5508807e-02   1.6592520e-03   3.7870000e+04   1.2000000e-02
  -6.5336411e-02   1.1619533e-02   3.7870000e+04   1.2000000e-02
  -6.5335509e-02  -2.0341375e-02   3.7870000e+04   1.2000000e-02
  -6.5170822e-02  -1.6642974e-02   3.7873000e+04   1.2000000e-02
  -6.4983909e-02  -1.6940278e-02   3.7876000e+04   1.2000000e-02
  -6.4997606e-02  -2.9289350e-03   3.7876000e+04   1.2000000e-02
  -6.4825622e-02  -2.2322702e-02   3.7873000e+04   1.2000000e-02
  -6.4818158e-02  -2.3404811e-02   3.7870000e+04   1.2000000e-02
  -6.4647812e-02  -4.3928071e-02   3.7870000e+04   1.2000000e-02
  -6.4650437e-02  -4.7986841e-02   3.7867000e+04   1.2000000e-02
  -6.4467297e-02  -3.4682680e-03   3.7867000e+04   1.2000000e-02
  -6.4301052e-02   9.1701300e-04   3.7867000e+04   1.2000000e-02
  -6.4292932e-02   3.7860750e-03   3.7867000e+04   1.2000000e-02
  -6.4122832e-02   1.5929118e-02   3.7867000e+04   1.2000000e-02
  -6.4122258e-02  -1.3765383e-02   3.7864000e+04   1.2000000e-02
  -6.3958146e-02  -1.2842791e-02   3.7864000e+04   1.2000000e-02
  -6.3951174e-02  -2.3982855e-02   3.7867000e+04   1.2000000e-02
  -6.3787392e-02  -1.7766339e-02   3.7867000e+04   1.2000000e-02
  -6.3605318e-02  -4.2273086e-02   3.7867000e+04   1.2000000e-02
  -6.3609418e-02  -3.3788769e-02   3.7867000e+04   1.2000000e-02
  -6.3444814e-02  -3.0222827e-02   3.7870000e+04   1.2000000e-02
  -6.3442025e-02  -4.2712442e-02   3.7873000e+04   1.2000000e-02
  -6.3261427e-02  -3.6823170e-02   3.7876000e+04   1.2000000e-02
  -6.3254456e-02  -3.5676761e-02   3.7876000e+04   1.2000000e-02
  -6.3079517e-02  -2.8544301e-02   3.7873000e+04   1.2000000e-02
  -6.2913354e-02  -1.1443280e-02   3.7870000e+04   1.2000000e-02
  -6.2904825e-02   9.0266100e-04   3.7870000e+04   1.2000000e-02
  -6.2741206e-02  -5.8463860e-03   3.7873000e+04   1.2000000e-02
  -6.2739484e-02  -4.9372470e-03   3.7876000e+04   1.2000000e-02
  -6.2550767e-02  -1.3487021e-02   3.7878900e+04   1.2000000e-02
  -6.2563151e-02  -3.2205874e-02   3.7881900e+04   1.2000000e-02
  -6.2377550e-02  -2.2210013e-02   3.7881900e+04   1.2000000e-02
  -6.2204744e-02  -1.7871236e-02   3.7881900e+04   1.2000000e-02
  -6.2213930e-02  -4.1000320e-03   3.7881900e+04   1.2000000e-02
  -6.2034890e-02  -7.5536180e-03   3.7878900e+04   1.2000000e-02
  -6.2039729e-02  -1.7022130e-02   3.7876000e+04   1.2000000e-02
  -6.1866759e-02  -2.6822881e-02   3.7876000e+04   1.2000000e-02
  -6.1870860e-02   4.6633130e-03   3.7876000e+04   1.2000000e-02
  -6.1691005e-02  -3.0891110e-03   3.7878900e+04   1.2000000e-02
  -6.1510407e-02   1.6009001e-02   3.7878900e+04   1.2000000e-02
  -6.1508111e-02  -3.6584589e-02   3.7881900e+04   1.2000000e-02
  -6.1347935e-02  -2.4878133e-02   3.7881900e+04   1.2000000e-02
  -6.1342358e-02  -1.3721423e-02   3.7881900e+04   1.2000000e-02
  -6.1162990e-02  -2.1600555e-02   3.7881900e+04   1.2000000e-02
  -6.1176769e-02  -3.5788548e-02   3.7881900e+04   1.2000000e-02
  -6.0987232e-02  -3.6666111e-02   3.7878900e+04   1.2000000e-02
  -6.0826563e-02  -2.4856810e-02   3.7876000e+04   1.2000000e-02
  -6.0828860e-02   1.5924197e-02   3.7873000e+04   1.2000000e-02
  -6.0664257e-02  -2.0700356e-02   3.7870000e+04   1.2000000e-02
  -6.0667620e-02  -3.0523248e-02   3.7870000e+04   1.2000000e-02
  -6.0482347e-02  -4.4350613e-02   3.7870000e+04   1.2000000e-02
  -6.0473572e-02  -5.0276376e-02   3.7873000e+04   1.2000000e-02
  -6.0303636e-02   5.4272860e-03   3.7873000e+04   1.2000000e-02
  -6.0124268e-02  -1.1328049e-02   3.7876000e+04   1.2000000e-02
  -6.0134110e-02  -2.1013079e-02   3.7878900e+04   1.2000000e-02
  -5.9954333e-02  -2.7118546e-02   3.7878900e+04   1.2000000e-02
  -5.9946705e-02  -1.0639366e-02   3.7881900e+04   1.2000000e-02
  -5.9762007e-02   1.5432596e-02   3.7881900e+04   1.2000000e-02
  -5.9764221e-02  -3.2972660e-03   3.7881900e+04   1.2000000e-02
  -5.9588382e-02  -1.3036675e-02   3.7878900e+04   1.2000000e-02
  -5.9408687e-02  -2.8729491e-02   3.7878900e+04   1.2000000e-02
  -5.9410573e-02  -7.6234130e-03   3.7876000e+04   1.2000000e-02
  -5.9246542e-02  -2.9252421e-02   3.7876000e+04   1.2000000e-02
  -5.9246542e-02  -3.7040347e-02   3.7878900e+04   1.2000000e-02
  -5.9085628e-02  -1.6908456e-02   3.7881900e+04   1.2000000e-02
  -5.9076607e-02  -3.7688513e-02   3.7884900e+04   1.2000000e-02
  -5.8906835e-02  -2.3113493e-02   3.7884900e+04   1.2000000e-02
  -5.8736571e-02  -3.4639922e-02   3.7881900e+04   1.2000000e-02
  -5.8732880e-02  -1.5914350e-02   3.7876000e+04   1.2000000e-02
  -5.8564587e-02   2.0790748e-02   3.7876000e+04   1.2000000e-02
  -5.8565981e-02  -9.9456780e-03   3.7876000e+04   1.2000000e-02
  -5.8401540e-02  -2.4437383e-02   3.7878900e+04   1.2000000e-02
  -5.8394815e-02  -1.0275872e-02   3.7884900e+04   1.2000000e-02
  -5.8225289e-02  -3.0939804e-02   3.7884900e+04   1.2000000e-02
  -5.8050187e-02   4.0519690e-03   3.7887900e+04   1.2000000e-02
  -5.8049531e-02   9.4218470e-03   3.7884900e+04   1.2000000e-02
  -5.7879267e-02  -2.9002028e-02   3.7884900e+04   1.2000000e-02
  -5.7877873e-02  -1.4580287e-02   3.7881900e+04   1.2000000e-02
  -5.7684562e-02  -1.9904889e-02   3.7878900e+04   1.2000000e-02
  -5.7690221e-02   6.2642520e-03   3.7876000e+04   1.2000000e-02
  -5.7511020e-02  -1.6199107e-02   3.7876000e+04   1.2000000e-02
  -5.7332965e-02  -4.7672290e-03   3.7876000e+04   1.2000000e-02
  -5.7332227e-02  -7.8757750e-03   3.7870000e+04   1.2000000e-02
  -5.7177464e-02  -7.8726580e-03   3.7867000e+04   1.2000000e-02
  -5.7170000e-02  -1.7689734e-02   3.7864000e+04   1.2000000e-02
  -5.6994651e-02  -2.5360631e-02   3.7861100e+04   1.2000000e-02
  -5.6993093e-02  -2.1992098e-02   3.7861100e+04   1.2000000e-02
  -5.6816596e-02  -2.6170777e-02   3.7861100e+04   1.2000000e-02
  -5.6812577e-02  -3.0378500e-04   3.7861100e+04   1.2000000e-02
  -5.6631488e-02  -1.4888008e-02   3.7864000e+04   1.2000000e-02
  -5.6460324e-02  -5.8347400e-03   3.7867000e+04   1.2000000e-02
  -5.6468033e-02   1.2091531e-02   3.7870000e+04   1.2000000e-02
  -5.6293669e-02   8.4664510e-03   3.7873000e+04   1.2000000e-02
  -5.6293915e-02  -8.1992430e-03   3.7873000e+04   1.2000000e-02
  -5.6116597e-02  -3.5341260e-03   3.7876000e+04   1.2000000e-02
  -5.6129310e-02  -2.9102661e-02   3.7878900e+04   1.2000000e-02
  -5.5959456e-02   9.3387660e-03   3.7881900e+04   1.2000000e-02
  -5.5781565e-02  -7.7487330e-03   3.7881900e+04   1.2000000e-02
  -5.5780171e-02   4.5493940e-03   3.7878900e+04   1.2000000e-02
  -5.5598425e-02  -1.1480105e-02   3.7878900e+04   1.2000000e-02
  -5.5590715e-02   4.9529090e-03   3.7876000e+04   1.2000000e-02
  -5.5428573e-02   4.0464740e-03   3.7876000e+04   1.2000000e-02
  -5.5428901e-02   4.9701000e-05   3.7876000e+04   1.2000000e-02
  -5.5263558e-02  -3.3640814e-02   3.7876000e+04   1.2000000e-02
  -5.5091572e-02  -6.5002960e-03   3.7878900e+04   1.2000000e-02
  -5.5091818e-02   1.6342230e-02   3.7881900e+04   1.2000000e-02
  -5.4910072e-02  -2.3515942e-02   3.7881900e+04   1.2000000e-02
  -5.4921636e-02  -4.0447016e-02   3.7881900e+04   1.2000000e-02
  -5.4738414e-02  -6.0660156e-02   3.7876000e+04   1.2000000e-02
  -5.4732591e-02  -2.0602922e-02   3.7873000e+04   1.2000000e-02
  -5.4557242e-02  -2.2761750e-03   3.7870000e+04   1.2000000e-02
  -5.4394114e-02  -4.4710710e-03   3.7867000e+04   1.2000000e-02
  -5.4398378e-02   1.5803307e-02   3.7867000e+04   1.2000000e-02
  -5.4215238e-02  -2.2192134e-02   3.7867000e+04   1.2000000e-02
  -5.4217617e-02  -1.0811024e-02   3.7870000e+04   1.2000000e-02
  -5.4041612e-02  -1.8022226e-02   3.7873000e+04   1.2000000e-02
  -5.4041366e-02   1.1329527e-02   3.7876000e+04   1.2000000e-02
  -5.3864541e-02   1.1949317e-02   3.7878900e+04   1.2000000e-02
  -5.3697803e-02   1.7994021e-02   3.7881900e+04   1.2000000e-02
  -5.3705185e-02   2.2461568e-02   3.7881900e+04   1.2000000e-02
  -5.3512449e-02  -7.8043390e-03   3.7881900e+04   1.2000000e-02
  -5.3517452e-02  -1.6032944e-02   3.7881900e+04   1.2000000e-02
  -5.3340055e-02  -3.0616172e-02   3.7881900e+04   1.2000000e-02
  -5.3342023e-02   3.8556240e-03   3.7881900e+04   1.2000000e-02
  -5.3165280e-02   5.2964720e-03   3.7878900e+04   1.2000000e-02
  -5.2997805e-02   4.6429740e-03   3.7878900e+04   1.2000000e-02
  -5.2994360e-02  -1.8593053e-02   3.7878900e+04   1.2000000e-02
  -5.2822456e-02  -1.1804722e-02   3.7878900e+04   1.2000000e-02
  -5.2825326e-02  -9.8593980e-03   3.7878900e+04   1.2000000e-02
  -5.2653422e-02  -2.3934712e-02   3.7881900e+04   1.2000000e-02
  -5.2658671e-02  -1.7805788e-02   3.7881900e+04   1.2000000e-02
  -5.2469462e-02  -1.6126851e-02   3.7881900e+04   1.2000000e-02
  -5.2298790e-02  -1.4484083e-02   3.7878900e+04   1.2000000e-02
  -5.2303137e-02  -3.7542550e-03   3.7878900e+04   1.2000000e-02
  -5.2124508e-02  -7.2439290e-03   3.7881900e+04   1.2000000e-02
  -5.2126148e-02   1.7131136e-02   3.7884900e+04   1.2000000e-02
  -5.1947518e-02  -3.1692400e-03   3.7884900e+04   1.2000000e-02
  -5.1959985e-02   1.0316144e-02   3.7884900e+04   1.2000000e-02
  -5.1783570e-02  -1.4726930e-02   3.7884900e+04   1.2000000e-02
  -5.1605433e-02  -1.5686511e-02   3.7884900e+04   1.2000000e-02
  -5.1605679e-02  -2.6747700e-03   3.7884900e+04   1.2000000e-02
  -5.1429264e-02  -2.0505405e-02   3.7884900e+04   1.2000000e-02
  -5.1438859e-02  -1.0882459e-02   3.7887900e+04   1.2000000e-02
  -5.1247766e-02  -1.8064628e-02   3.7890900e+04   1.2000000e-02
  -5.1246207e-02  -1.0658229e-02   3.7890900e+04   1.2000000e-02
  -5.1078240e-02  -1.4966168e-02   3.7890900e+04   1.2000000e-02
  -5.0903793e-02  -2.9634777e-02   3.7890900e+04   1.2000000e-02
  -5.0915522e-02  -2.4403757e-02   3.7884900e+04   1.2000000e-02
  -5.0731151e-02   1.2333805e-02   3.7884900e+04   1.2000000e-02
  -5.0728281e-02   7.5991370e-03   3.7884900e+04   1.2000000e-02
  -5.0554490e-02   1.0980716e-02   3.7884900e+04   1.2000000e-02
  -5.0565808e-02  -1.8498407e-02   3.7884900e+04   1.2000000e-02
  -5.0381110e-02  -1.9470370e-02   3.7881900e+04   1.2000000e-02
  -5.0215768e-02   6.2750790e-03   3.7884900e+04   1.2000000e-02
  -5.0217654e-02   4.6724100e-04   3.7884900e+04   1.2000000e-02
  -5.0042305e-02  -1.1588611e-02   3.7884900e+04   1.2000000e-02
  -5.0034022e-02  -4.9274800e-04   3.7884900e+04   1.2000000e-02
  -4.9874092e-02  -3.9484680e-03   3.7881900e+04   1.2000000e-02
  -4.9873354e-02   1.7420880e-03   3.7881900e+04   1.2000000e-02
  -4.9699891e-02  -1.7440080e-02   3.7881900e+04   1.2000000e-02
  -4.9517489e-02  -2.2013750e-02   3.7881900e+04   1.2000000e-02
  -4.9519786e-02  -2.6780500e-03   3.7884900e+04   1.2000000e-02
  -4.9354771e-02   1.2377601e-02   3.7884900e+04   1.2000000e-02
  -4.9344519e-02  -6.9827800e-04   3.7881900e+04   1.2000000e-02
  -4.9172371e-02  -1.7883460e-03   3.7876000e+04   1.2000000e-02
  -4.9166220e-02   9.5265000e-03   3.7876000e+04   1.2000000e-02
  -4.9005306e-02  -3.5813973e-02   3.7876000e+04   1.2000000e-02
  -4.8837994e-02  -1.8431893e-02   3.7878900e+04   1.2000000e-02
  -4.8838322e-02  -2.4482246e-02   3.7881900e+04   1.2000000e-02
  -4.8666828e-02   5.8978900e-03   3.7884900e+04   1.2000000e-02
  -4.8659857e-02   3.5614350e-03   3.7887900e+04   1.2000000e-02
  -4.8491562e-02   1.5840050e-02   3.7884900e+04   1.2000000e-02
  -4.8481556e-02   7.5761730e-03   3.7884900e+04   1.2000000e-02
  -4.8308339e-02  -1.1698266e-02   3.7884900e+04   1.2000000e-02
  -4.8134223e-02  -1.4763345e-02   3.7881900e+04   1.2000000e-02
  -4.8139062e-02  -4.3948985e-02   3.7881900e+04   1.2000000e-02
  -4.7967978e-02  -7.7085450e-03   3.7884900e+04   1.2000000e-02
  -4.7965599e-02  -3.6480400e-04   3.7884900e+04   1.2000000e-02
  -4.7778604e-02   2.7073214e-02   3.7887900e+04   1.2000000e-02
  -4.7780409e-02   1.3604061e-02   3.7887900e+04   1.2000000e-02
  -4.7605880e-02  -4.2007766e-02   3.7890900e+04   1.2000000e-02
  -4.7603994e-02   3.3486900e-04   3.7893800e+04   1.2000000e-02
  -4.7428727e-02  -2.7644950e-03   3.7893800e+04   1.2000000e-02
  -4.7253952e-02  -1.9830253e-02   3.7896800e+04   1.2000000e-02
  -4.7255593e-02  -8.1873510e-03   3.7896800e+04   1.2000000e-02
  -4.7089514e-02  -1.9886846e-02   3.7899800e+04   1.2000000e-02
  -4.7086151e-02  -1.7855899e-02   3.7896800e+04   1.2000000e-02
  -4.6920562e-02  -2.2166545e-02   3.7896800e+04   1.2000000e-02
  -4.6910638e-02  -2.2046720e-02   3.7896800e+04   1.2000000e-02
  -4.6733157e-02  -1.7604110e-02   3.7893800e+04   1.2000000e-02
  -4.6555922e-02  -2.7630405e-02   3.7890900e+04   1.2000000e-02
  -4.6561335e-02   6.4447710e-03   3.7887900e+04   1.2000000e-02
  -4.6381968e-02   3.1251140e-03   3.7884900e+04   1.2000000e-02
  -4.6388693e-02   1.0995150e-02   3.7881900e+04   1.2000000e-02
  -4.6213836e-02   1.2441737e-02   3.7878900e+04   1.2000000e-02
  -4.6213180e-02   3.1909174e-02   3.7881900e+04   1.2000000e-02
  -4.6030531e-02   1.0067555e-02   3.7881900e+04   1.2000000e-02
  -4.5863630e-02   5.8772220e-03   3.7884900e+04   1.2000000e-02
  -4.5871257e-02  -9.9854560e-03   3.7884900e+04   1.2000000e-02
  -4.5694514e-02  -3.7090458e-02   3.7884900e+04   1.2000000e-02
  -4.5693858e-02   8.4483260e-03   3.7884900e+04   1.2000000e-02
  -4.5519903e-02   2.5780159e-02   3.7884900e+04   1.2000000e-02
  -4.5523184e-02   1.7530961e-02   3.7887900e+04   1.2000000e-02
  -4.5351854e-02  -1.7918149e-02   3.7887900e+04   1.2000000e-02
  -4.5178638e-02  -1.8673270e-03   3.7890900e+04   1.2000000e-02
  -4.5177571e-02  -6.3972000e-05   3.7890900e+04   1.2000000e-02
  -4.5001405e-02  -7.9782940e-03   3.7887900e+04   1.2000000e-02
  -4.4993777e-02   6.8400850e-03   3.7890900e+04   1.2000000e-02
  -4.4824333e-02   7.7024760e-03   3.7890900e+04   1.2000000e-02
  -4.4827286e-02   8.7953200e-04   3.7890900e+04   1.2000000e-02
  -4.4648739e-02   2.7115534e-02   3.7890900e+04   1.2000000e-02
  -4.4488563e-02   3.2963566e-02   3.7893800e+04   1.2000000e-02
  -4.4488563e-02   1.1557283e-02   3.7893800e+04   1.2000000e-02
  -4.4322400e-02   4.4087380e-03   3.7893800e+04   1.2000000e-02
  -4.4316084e-02   1.1121454e-02   3.7893800e+04   1.2000000e-02
  -4.4147543e-02   1.3557312e-02   3.7893800e+04   1.2000000e-02
  -4.4143442e-02   1.7518084e-02   3.7893800e+04   1.2000000e-02
  -4.3968915e-02  -1.2490206e-02   3.7896800e+04   1.2000000e-02
  -4.3787661e-02  -3.7708443e-02   3.7899800e+04   1.2000000e-02
  -4.3790941e-02   2.6721430e-03   3.7899800e+04   1.2000000e-02
  -4.3617151e-02   1.2079639e-02   3.7899800e+04   1.2000000e-02
  -4.3610016e-02   4.2024700e-04   3.7899800e+04   1.2000000e-02
  -4.3432206e-02   2.0185721e-02   3.7899800e+04   1.2000000e-02
  -4.3432370e-02   8.2473040e-03   3.7899800e+04   1.2000000e-02
  -4.3278428e-02  -9.7110330e-03   3.7902800e+04   1.2000000e-02
  -4.3096436e-02  -2.0588350e-03   3.7899800e+04   1.2000000e-02
  -4.3089874e-02   1.0762801e-02   3.7902800e+04   1.2000000e-02
  -4.2916824e-02   2.1334920e-02   3.7902800e+04   1.2000000e-02
  -4.2923713e-02   1.3870859e-02   3.7905800e+04   1.2000000e-02
  -4.2748529e-02   1.7296397e-02   3.7902800e+04   1.2000000e-02
  -4.2737703e-02   1.0148422e-02   3.7902800e+04   1.2000000e-02
  -4.2563420e-02   5.9439010e-03   3.7902800e+04   1.2000000e-02
  -4.2395289e-02   1.4567579e-02   3.7902800e+04   1.2000000e-02
  -4.2381182e-02   2.1389133e-02   3.7902800e+04   1.2000000e-02
  -4.2206571e-02   1.9321170e-03   3.7902800e+04   1.2000000e-02
  -4.2198124e-02  -1.0311713e-02   3.7902800e+04   1.2000000e-02
  -4.2034175e-02  -1.2382602e-02   3.7905800e+04   1.2000000e-02
  -4.2034093e-02   6.2578550e-03   3.7905800e+04   1.2000000e-02
  -4.1859399e-02   4.5072658e-02   3.7905800e+04   1.2000000e-02
  -4.1687495e-02   4.6757422e-02   3.7902800e+04   1.2000000e-02
  -4.1689546e-02   8.2019500e-03   3.7899800e+04   1.2000000e-02
  -4.1513869e-02   1.4827569e-02   3.7899800e+04   1.2000000e-02
  -4.1521414e-02   2.8008191e-02   3.7899800e+04   1.2000000e-02
  -4.1354759e-02  -5.6139550e-03   3.7899800e+04   1.2000000e-02
  -4.1357384e-02   5.7355000e-03   3.7899800e+04   1.2000000e-02
  -4.1185151e-02  -2.7691588e-02   3.7899800e+04   1.2000000e-02
  -4.1000371e-02  -1.7892724e-02   3.7899800e+04   1.2000000e-02
  -4.1010951e-02  -1.0982108e-02   3.7899800e+04   1.2000000e-02
  -4.0840441e-02  -7.1486270e-03   3.7896800e+04   1.2000000e-02
  -4.0820841e-02   2.0373290e-02   3.7896800e+04   1.2000000e-02
  -4.0658451e-02   1.6400871e-02   3.7896800e+04   1.2000000e-02
  -4.0660173e-02   3.4350692e-02   3.7896800e+04   1.2000000e-02
  -4.0493518e-02   1.5448671e-02   3.7896800e+04   1.2000000e-02
  -4.0313495e-02   1.9337843e-02   3.7899800e+04   1.2000000e-02
  -4.0313003e-02   5.7820164e-02   3.7899800e+04   1.2000000e-02
  -4.0137490e-02   3.5385072e-02   3.7899800e+04   1.2000000e-02
  -4.0144789e-02   1.4542400e-02   3.7899800e+04   1.2000000e-02
  -3.9966570e-02   1.4102224e-02   3.7899800e+04   1.2000000e-02
  -3.9974197e-02   4.3592116e-02   3.7896800e+04   1.2000000e-02
  -3.9803523e-02   4.4498058e-02   3.7896800e+04   1.2000000e-02
  -3.9615299e-02   3.2066316e-02   3.7899800e+04   1.2000000e-02
  -3.9614315e-02   1.8202340e-02   3.7902800e+04   1.2000000e-02
  -3.9445527e-02   3.2226163e-02   3.7905800e+04   1.2000000e-02
  -3.9447086e-02  -2.8976767e-02   3.7905800e+04   1.2000000e-02
  -3.9274115e-02  -2.8072139e-02   3.7905800e+04   1.2000000e-02
  -3.9267636e-02  -2.4601906e-02   3.7905800e+04   1.2000000e-02
  -3.9096716e-02   3.0434270e-03   3.7905800e+04   1.2000000e-02
  -3.8916857e-02   6.4923400e-03   3.7905800e+04   1.2000000e-02
  -3.8910131e-02   3.8320651e-02   3.7905800e+04   1.2000000e-02
  -3.8743968e-02   3.7018903e-02   3.7905800e+04   1.2000000e-02
  -3.8740032e-02  -6.0734870e-03   3.7905800e+04   1.2000000e-02
  -3.8568292e-02   1.5458020e-02   3.7905800e+04   1.2000000e-02
  -3.8581578e-02   9.3792000e-03   3.7905800e+04   1.2000000e-02
  -3.8408034e-02   2.9122781e-02   3.7905800e+04   1.2000000e-02
  -3.8406557e-02   2.2367086e-02   3.7905800e+04   1.2000000e-02
  -3.8227764e-02   6.7134530e-03   3.7905800e+04   1.2000000e-02
  -3.8053727e-02   6.0684820e-03   3.7902800e+04   1.2000000e-02
  -3.8050611e-02   1.8327988e-02   3.7902800e+04   1.2000000e-02
  -3.7869439e-02   1.3545666e-02   3.7902800e+04   1.2000000e-02
  -3.7875262e-02   1.8285258e-02   3.7899800e+04   1.2000000e-02
  -3.7708033e-02   9.7706600e-03   3.7896800e+04   1.2000000e-02
  -3.7706228e-02   1.2521866e-02   3.7893800e+04   1.2000000e-02
  -3.7528174e-02   1.7072085e-02   3.7893800e+04   1.2000000e-02
  -3.7354958e-02   3.4079140e-02   3.7893800e+04   1.2000000e-02
  -3.7340195e-02   3.8427927e-02   3.7896800e+04   1.2000000e-02
  -3.7163534e-02   5.2047993e-02   3.7896800e+04   1.2000000e-02
  -3.7170341e-02   3.2656501e-02   3.7896800e+04   1.2000000e-02
  -3.7001144e-02   4.4765182e-02   3.7896800e+04   1.2000000e-02
  -3.7009591e-02   2.1138740e-02   3.7899800e+04   1.2000000e-02
  -3.6826533e-02   4.7022823e-02   3.7905800e+04   1.2000000e-02
  -3.6652497e-02   4.7684607e-02   3.7905800e+04   1.2000000e-02
  -3.6639948e-02   1.5675115e-02   3.7908700e+04   1.2000000e-02
  -3.6470670e-02   1.4245997e-02   3.7908700e+04   1.2000000e-02
  -3.6471736e-02   1.5991040e-02   3.7908700e+04   1.2000000e-02
  -3.6292368e-02   3.2153498e-02   3.7908700e+04   1.2000000e-02
  -3.6304507e-02   2.3903890e-02   3.7908700e+04   1.2000000e-02
  -3.6143921e-02   4.8822161e-02   3.7905800e+04   1.2000000e-02
  -3.5968572e-02   2.4926212e-02   3.7908700e+04   1.2000000e-02
  -3.5968572e-02   1.7359467e-02   3.7908700e+04   1.2000000e-02
  -3.5783709e-02   2.9008533e-02   3.7908700e+04   1.2000000e-02
  -3.5788876e-02   3.8743932e-02   3.7905800e+04   1.2000000e-02
  -3.5619843e-02   4.2883830e-02   3.7905800e+04   1.2000000e-02
  -3.5604342e-02   2.8707865e-02   3.7908700e+04   1.2000000e-02
  -3.5437275e-02   4.2561890e-03   3.7908700e+04   1.2000000e-02
  -3.5256350e-02   1.2561233e-02   3.7905800e+04   1.2000000e-02
  -3.5264059e-02   1.8418040e-02   3.7905800e+04   1.2000000e-02
  -3.5099290e-02   6.3291251e-02   3.7905800e+04   1.2000000e-02
  -3.5096584e-02   7.8145568e-02   3.7905800e+04   1.2000000e-02
  -3.4924106e-02   2.7058369e-02   3.7905800e+04   1.2000000e-02
  -3.4927304e-02   3.7736045e-02   3.7905800e+04   1.2000000e-02
  -3.4751299e-02   1.6320085e-02   3.7902800e+04   1.2000000e-02
  -3.4571194e-02   3.5638335e-02   3.7902800e+04   1.2000000e-02
  -3.4572588e-02   3.4277207e-02   3.7902800e+04   1.2000000e-02
  -3.4402572e-02   4.1264598e-02   3.7902800e+04   1.2000000e-02
  -3.4398225e-02   5.5366095e-02   3.7902800e+04   1.2000000e-02
  -3.4222056e-02   4.7748005e-02   3.7902800e+04   1.2000000e-02
  -3.4218776e-02   5.7672454e-02   3.7899800e+04   1.2000000e-02
  -3.4039244e-02   3.0477842e-02   3.7896800e+04   1.2000000e-02
  -3.3866766e-02   5.1142296e-02   3.7896800e+04   1.2000000e-02
  -3.3869309e-02   2.4202919e-02   3.7896800e+04   1.2000000e-02
  -3.3687645e-02   3.0945821e-02   3.7896800e+04   1.2000000e-02
  -3.3690761e-02  -7.8488700e-04   3.7902800e+04   1.2000000e-02
  -3.3517955e-02   7.5871630e-03   3.7905800e+04   1.2000000e-02
  -3.3530093e-02   6.0191231e-02   3.7899800e+04   1.2000000e-02
  -3.3362619e-02   6.2031084e-02   3.7899800e+04   1.2000000e-02
  -3.3187434e-02   2.0964620e-02   3.7899800e+04   1.2000000e-02
  -3.3183005e-02   3.7341600e-03   3.7899800e+04   1.2000000e-02
  -3.3015038e-02   3.9120879e-02   3.7896800e+04   1.2000000e-02
  -3.3026274e-02   4.8826180e-02   3.7896800e+04   1.2000000e-02
  -3.2849203e-02   2.4473816e-02   3.7896800e+04   1.2000000e-02
  -3.2843708e-02   3.3867376e-02   3.7899800e+04   1.2000000e-02
  -3.2681728e-02   9.0175120e-03   3.7899800e+04   1.2000000e-02
  -3.2510316e-02   5.0898874e-02   3.7899800e+04   1.2000000e-02
  -3.2496045e-02   4.7663529e-02   3.7899800e+04   1.2000000e-02
  -3.2315446e-02   4.6166173e-02   3.7896800e+04   1.2000000e-02
  -3.2311755e-02   2.2583935e-02   3.7893800e+04   1.2000000e-02
  -3.2156829e-02   1.5986775e-02   3.7890900e+04   1.2000000e-02
  -3.2155270e-02   2.5063998e-02   3.7890900e+04   1.2000000e-02
  -3.1978527e-02   2.1963650e-02   3.7887900e+04   1.2000000e-02
  -3.1806869e-02   3.2792236e-02   3.7890900e+04   1.2000000e-02
  -3.1802686e-02   4.4739922e-02   3.7893800e+04   1.2000000e-02
  -3.1616266e-02   3.0481204e-02   3.7896800e+04   1.2000000e-02
  -3.1628486e-02   9.1330720e-03   3.7896800e+04   1.2000000e-02
  -3.1448216e-02   2.2499541e-02   3.7893800e+04   1.2000000e-02
  -3.1445018e-02   6.1620760e-02   3.7893800e+04   1.2000000e-02
  -3.1258270e-02   4.7314554e-02   3.7890900e+04   1.2000000e-02
  -3.1078902e-02   6.0345009e-02   3.7890900e+04   1.2000000e-02
  -3.1092107e-02   2.4135503e-02   3.7884900e+04   1.2000000e-02
  -3.0918316e-02   1.3105900e-02   3.7884900e+04   1.2000000e-02
  -3.0908310e-02   2.5385009e-02   3.7890900e+04   1.2000000e-02
  -3.0751907e-02   4.1084903e-02   3.7890900e+04   1.2000000e-02
  -3.0746576e-02   3.1396413e-02   3.7890900e+04   1.2000000e-02
  -3.0571719e-02   4.2604814e-02   3.7893800e+04   1.2000000e-02
  -3.0396699e-02   2.7179588e-02   3.7893800e+04   1.2000000e-02
  -3.0393828e-02   5.3076467e-02   3.7893800e+04   1.2000000e-02
  -3.0224878e-02   3.3946275e-02   3.7893800e+04   1.2000000e-02
  -3.0227912e-02   3.7964623e-02   3.7893800e+04   1.2000000e-02
  -3.0058386e-02   2.5261248e-02   3.7893800e+04   1.2000000e-02
  -3.0062979e-02   4.1426907e-02   3.7896800e+04   1.2000000e-02
  -2.9885088e-02   6.9031926e-02   3.7896800e+04   1.2000000e-02
  -2.9696699e-02   3.1034644e-02   3.7896800e+04   1.2000000e-02
  -2.9700143e-02   1.8854198e-02   3.7896800e+04   1.2000000e-02
  -2.9530864e-02   1.1217822e-02   3.7896800e+04   1.2000000e-02
  -2.9532668e-02   7.0920906e-02   3.7896800e+04   1.2000000e-02
  -2.9367079e-02   6.5572921e-02   3.7899800e+04   1.2000000e-02
  -2.9365193e-02   5.4656089e-02   3.7899800e+04   1.2000000e-02
  -2.9189269e-02   4.4319757e-02   3.7896800e+04   1.2000000e-02
  -2.9196076e-02   2.8410149e-02   3.7896800e+04   1.2000000e-02
  -2.9013264e-02   5.9746050e-02   3.7896800e+04   1.2000000e-02
  -2.8837013e-02   4.7587009e-02   3.7899800e+04   1.2000000e-02
  -2.8838325e-02   3.5228997e-02   3.7899800e+04   1.2000000e-02
  -2.8670030e-02   4.3205578e-02   3.7899800e+04   1.2000000e-02
  -2.8668062e-02   7.3444194e-02   3.7902800e+04   1.2000000e-02
  -2.8481231e-02   7.1860557e-02   3.7905800e+04   1.2000000e-02
  -2.8478032e-02   5.2113851e-02   3.7908700e+04   1.2000000e-02
  -2.8297598e-02   3.2182203e-02   3.7908700e+04   1.2000000e-02
  -2.8131682e-02   4.2395429e-02   3.7908700e+04   1.2000000e-02
  -2.8130862e-02   6.3491696e-02   3.7908700e+04   1.2000000e-02
  -2.7973557e-02   3.5318475e-02   3.7908700e+04   1.2000000e-02
  -2.7985121e-02   8.3696702e-02   3.7908700e+04   1.2000000e-02
  -2.7800669e-02   4.5853528e-02   3.7905800e+04   1.2000000e-02
  -2.7786152e-02   7.0768111e-02   3.7899800e+04   1.2000000e-02
  -2.7617774e-02   7.4740367e-02   3.7899800e+04   1.2000000e-02
  -2.7452103e-02   7.1399385e-02   3.7896800e+04   1.2000000e-02
  -2.7447265e-02   7.3652267e-02   3.7896800e+04   1.2000000e-02
  -2.7259285e-02   5.5422720e-03   3.7896800e+04   1.2000000e-02
  -2.7269455e-02   1.9308236e-02   3.7896800e+04   1.2000000e-02
  -2.7109442e-02   4.6009111e-02   3.7896800e+04   1.2000000e-02
  -2.7111903e-02   5.6842949e-02   3.7896800e+04   1.2000000e-02
  -2.6933930e-02   5.7498006e-02   3.7896800e+04   1.2000000e-02
  -2.6754890e-02   4.2806571e-02   3.7896800e+04   1.2000000e-02
  -2.6753824e-02   4.2840116e-02   3.7896800e+04   1.2000000e-02
  -2.6584380e-02   5.1048224e-02   3.7899800e+04   1.2000000e-02
  -2.6582166e-02   8.6459967e-02   3.7905800e+04   1.2000000e-02
  -2.6410836e-02   8.9016634e-02   3.7908700e+04   1.2000000e-02
  -2.6415429e-02   2.9816961e-02   3.7908700e+04   1.2000000e-02
  -2.6239670e-02   3.2944867e-02   3.7908700e+04   1.2000000e-02
  -2.6070637e-02   3.3516103e-02   3.7908700e+04   1.2000000e-02
  -2.6057023e-02   5.0574586e-02   3.7908700e+04   1.2000000e-02
  -2.5883560e-02   4.6866830e-02   3.7908700e+04   1.2000000e-02
  -2.5875031e-02   5.0928072e-02   3.7908700e+04   1.2000000e-02
  -2.5693941e-02   3.7955027e-02   3.7908700e+04   1.2000000e-02
  -2.5697140e-02   9.9038400e-02   3.7911700e+04   1.2000000e-02
  -2.5521381e-02   8.0435603e-02   3.7911700e+04   1.2000000e-02
  -2.5351937e-02   5.2430515e-02   3.7914700e+04   1.2000000e-02
  -2.5346442e-02   3.6519347e-02   3.7914700e+04   1.2000000e-02
  -2.5179213e-02   3.1628026e-02   3.7917700e+04   1.2000000e-02
  -2.5180279e-02   3.5605201e-02   3.7917700e+04   1.2000000e-02
  -2.4988772e-02   3.5517855e-02   3.7917700e+04   1.2000000e-02
  -2.5000910e-02   4.2822482e-02   3.7917700e+04   1.2000000e-02
  -2.4817442e-02   3.7353936e-02   3.7917700e+04   1.2000000e-02
  -2.4643242e-02   4.6294609e-02   3.7914700e+04   1.2000000e-02
  -2.4639387e-02   4.6201030e-02   3.7914700e+04   1.2000000e-02
  -2.4477571e-02   4.5623393e-02   3.7914700e+04   1.2000000e-02
  -2.4471584e-02   2.5838554e-02   3.7914700e+04   1.2000000e-02
  -2.4299597e-02   1.4066875e-02   3.7914700e+04   1.2000000e-02
  -2.4292298e-02   5.3754982e-02   3.7917700e+04   1.2000000e-02
  -2.4117605e-02   1.0258248e-01   3.7920700e+04   1.2000000e-02
  -2.3951689e-02   5.9897534e-02   3.7920700e+04   1.2000000e-02
  -2.3951279e-02   1.5458758e-02   3.7920700e+04   1.2000000e-02
  -2.3779211e-02   4.0848451e-02   3.7920700e+04   1.2000000e-02
  -2.3780195e-02   3.0939014e-02   3.7917700e+04   1.2000000e-02
  -2.3611490e-02   5.3317100e-02   3.7914700e+04   1.2000000e-02
  -2.3608619e-02   4.6267298e-02   3.7914700e+04   1.2000000e-02
  -2.3432696e-02   7.0627550e-02   3.7911700e+04   1.2000000e-02
  -2.3261858e-02   5.1874285e-02   3.7914700e+04   1.2000000e-02
  -2.3267436e-02   5.1075289e-02   3.7917700e+04   1.2000000e-02
  -2.3084459e-02   6.3346201e-02   3.7917700e+04   1.2000000e-02
  -2.3084213e-02   5.7782929e-02   3.7914700e+04   1.2000000e-02
  -2.2904109e-02   7.0622288e-02   3.7911700e+04   1.2000000e-02
  -2.2904765e-02   5.5647000e-02   3.7908700e+04   1.2000000e-02
  -2.2725725e-02   2.5848478e-02   3.7905800e+04   1.2000000e-02
  -2.2579738e-02   6.5396178e-02   3.7905800e+04   1.2000000e-02
  -2.2581706e-02   6.1120630e-02   3.7905800e+04   1.2000000e-02
  -2.2402913e-02   6.3290513e-02   3.7905800e+04   1.2000000e-02
  -2.2415215e-02   4.6801136e-02   3.7905800e+04   1.2000000e-02
  -2.2238144e-02   4.4237332e-02   3.7905800e+04   1.2000000e-02
  -2.2237816e-02   4.7301513e-02   3.7905800e+04   1.2000000e-02
  -2.2061155e-02   5.5647000e-02   3.7905800e+04   1.2000000e-02
  -2.1876783e-02   3.2546600e-02   3.7908700e+04   1.2000000e-02
  -2.1881704e-02   5.7681066e-02   3.7911700e+04   1.2000000e-02
  -2.1716115e-02   7.3126600e-02   3.7914700e+04   1.2000000e-02
  -2.1708159e-02   6.2817036e-02   3.7914700e+04   1.2000000e-02
  -2.1532564e-02   7.0411426e-02   3.7917700e+04   1.2000000e-02
  -2.1537649e-02   1.2147138e-02   3.7917700e+04   1.2000000e-02
  -2.1355985e-02   3.9056743e-02   3.7917700e+04   1.2000000e-02
  -2.1186870e-02   3.8057546e-02   3.7917700e+04   1.2000000e-02
  -2.1180473e-02   8.8040600e-02   3.7917700e+04   1.2000000e-02
  -2.1009225e-02   8.2033758e-02   3.7917700e+04   1.2000000e-02
  -2.1008158e-02   6.8421650e-02   3.7914700e+04   1.2000000e-02
  -2.0843637e-02   5.5089786e-02   3.7914700e+04   1.2000000e-02
  -2.0844211e-02   6.6864666e-02   3.7917700e+04   1.2000000e-02
  -2.0675915e-02   9.2087720e-03   3.7917700e+04   1.2000000e-02
  -2.0504995e-02   4.9070832e-02   3.7920700e+04   1.2000000e-02
  -2.0490807e-02   1.2712634e-01   3.7920700e+04   1.2000000e-02
  -2.0313408e-02   8.5425835e-02   3.7917700e+04   1.2000000e-02
  -2.0310045e-02   3.4564588e-02   3.7917700e+04   1.2000000e-02
  -2.0139535e-02   4.9063286e-02   3.7914700e+04   1.2000000e-02
  -2.0130759e-02   7.1296700e-02   3.7911700e+04   1.2000000e-02
  -1.9958199e-02   9.6011510e-02   3.7908700e+04   1.2000000e-02
  -1.9962956e-02   6.5360420e-02   3.7908700e+04   1.2000000e-02
  -1.9781700e-02   5.0335019e-02   3.7908700e+04   1.2000000e-02
  -1.9618900e-02   7.0586775e-02   3.7911700e+04   1.2000000e-02
  -1.9618736e-02   6.4428560e-02   3.7911700e+04   1.2000000e-02
  -1.9455115e-02   3.3977359e-02   3.7911700e+04   1.2000000e-02
  -1.9444945e-02   4.8703567e-02   3.7914700e+04   1.2000000e-02
  -1.9258853e-02   5.5999666e-02   3.7911700e+04   1.2000000e-02
  -1.9250815e-02   8.7102130e-02   3.7905800e+04   1.2000000e-02
  -1.9093018e-02   6.5170718e-02   3.7905800e+04   1.2000000e-02
  -1.8924968e-02   5.3841098e-02   3.7905800e+04   1.2000000e-02
  -1.8931119e-02   6.0657570e-02   3.7908700e+04   1.2000000e-02
  -1.8761431e-02   5.0105293e-02   3.7908700e+04   1.2000000e-02
  -1.8758724e-02   4.7161839e-02   3.7908700e+04   1.2000000e-02
  -1.8577306e-02   3.8289403e-02   3.7908700e+04   1.2000000e-02
  -1.8572549e-02   3.3695062e-02   3.7911700e+04   1.2000000e-02
  -1.8411307e-02   5.0906748e-02   3.7914700e+04   1.2000000e-02
  -1.8242602e-02   4.7695269e-02   3.7917700e+04   1.2000000e-02
  -1.8244816e-02   5.2474557e-02   3.7917700e+04   1.2000000e-02
  -1.8072174e-02   4.9733354e-02   3.7917700e+04   1.2000000e-02
  -1.8075290e-02   5.8232783e-02   3.7911700e+04   1.2000000e-02
  -1.7885179e-02   4.0402287e-02   3.7908700e+04   1.2000000e-02
  -1.7884031e-02   3.6218925e-02   3.7908700e+04   1.2000000e-02
  -1.7708680e-02   3.8243803e-02   3.7908700e+04   1.2000000e-02
  -1.7533413e-02   5.3076139e-02   3.7911700e+04   1.2000000e-02
  -1.7535628e-02   6.6851379e-02   3.7908700e+04   1.2000000e-02
  -1.7335592e-02   5.4568332e-02   3.7908700e+04   1.2000000e-02
  -1.7352159e-02   5.4424227e-02   3.7911700e+04   1.2000000e-02
  -1.7188867e-02   2.1159490e-02   3.7911700e+04   1.2000000e-02
  -1.7175334e-02   4.0747572e-02   3.7911700e+04   1.2000000e-02
  -1.7000970e-02   6.9530251e-02   3.7911700e+04   1.2000000e-02
  -1.6839153e-02   6.4343674e-02   3.7911700e+04   1.2000000e-02
  -1.6846125e-02   5.6662597e-02   3.7911700e+04   1.2000000e-02
  -1.6671023e-02   5.5846953e-02   3.7911700e+04   1.2000000e-02
  -1.6670531e-02   8.4500620e-02   3.7911700e+04   1.2000000e-02
  -1.6502235e-02   3.5485048e-02   3.7911700e+04   1.2000000e-02
  -1.6503384e-02   6.5528387e-02   3.7914700e+04   1.2000000e-02
  -1.6331316e-02   9.6002874e-02   3.7914700e+04   1.2000000e-02
  -1.6154572e-02   1.0055391e-01   3.7911700e+04   1.2000000e-02
  -1.6166629e-02   8.5408530e-02   3.7908700e+04   1.2000000e-02
  -1.5995627e-02   8.0258368e-02   3.7908700e+04   1.2000000e-02
  -1.5993494e-02   7.1032200e-02   3.7911700e+04   1.2000000e-02
  -1.5808714e-02   6.0556937e-02   3.7914700e+04   1.2000000e-02
  -1.5808632e-02   8.3938894e-02   3.7917700e+04   1.2000000e-02
  -1.5641729e-02   7.3871412e-02   3.7917700e+04   1.2000000e-02
  -1.5473597e-02   6.8489066e-02   3.7917700e+04   1.2000000e-02
  -1.5458014e-02   5.7520068e-02   3.7917700e+04   1.2000000e-02
  -1.5280123e-02   1.1265001e-01   3.7920700e+04   1.2000000e-02
  -1.5281025e-02   6.9171844e-02   3.7920700e+04   1.2000000e-02
  -1.5106005e-02   5.9046869e-02   3.7920700e+04   1.2000000e-02
  -1.5100920e-02   5.2208005e-02   3.7920700e+04   1.2000000e-02
  -1.4932296e-02   5.1708368e-02   3.7920700e+04   1.2000000e-02
  -1.4763755e-02   9.7168830e-02   3.7917700e+04   1.2000000e-02
  -1.4768101e-02   5.7711821e-02   3.7917700e+04   1.2000000e-02
  -1.4593738e-02   4.2262646e-02   3.7920700e+04   1.2000000e-02
  -1.4588243e-02   5.1740600e-02   3.7923600e+04   1.2000000e-02
  -1.4413550e-02   4.7125260e-02   3.7923600e+04   1.2000000e-02
  -1.4409121e-02   7.6606750e-02   3.7923600e+04   1.2000000e-02
  -1.4239104e-02   6.4281178e-02   3.7923600e+04   1.2000000e-02
  -1.4056784e-02   6.8297806e-02   3.7920700e+04   1.2000000e-02
  -1.4060884e-02   7.6690695e-02   3.7920700e+04   1.2000000e-02
  -1.3879384e-02   6.4396163e-02   3.7920700e+04   1.2000000e-02
  -1.3895131e-02   6.4926311e-02   3.7920700e+04   1.2000000e-02
  -1.3726754e-02   7.4120821e-02   3.7917700e+04   1.2000000e-02
  -1.3718224e-02   7.2393494e-02   3.7917700e+04   1.2000000e-02
  -1.3534098e-02   5.8737917e-02   3.7920700e+04   1.2000000e-02
  -1.3370395e-02   7.0350653e-02   3.7920700e+04   1.2000000e-02
  -1.3370887e-02   8.0671290e-02   3.7923600e+04   1.2000000e-02
  -1.3204724e-02   9.8329980e-02   3.7923600e+04   1.2000000e-02
  -1.3208415e-02   6.9199483e-02   3.7920700e+04   1.2000000e-02
  -1.3031262e-02   4.5498811e-02   3.7917700e+04   1.2000000e-02
  -1.3032656e-02   4.7622767e-02   3.7917700e+04   1.2000000e-02
  -1.2853863e-02   5.6746417e-02   3.7917700e+04   1.2000000e-02
  -1.2696475e-02   7.1769274e-02   3.7920700e+04   1.2000000e-02
  -1.2701396e-02   6.5981358e-02   3.7920700e+04   1.2000000e-02
  -1.2508987e-02   8.2873640e-02   3.7917700e+04   1.2000000e-02
  -1.2512022e-02   6.5926981e-02   3.7917700e+04   1.2000000e-02
  -1.2338231e-02   4.6233672e-02   3.7917700e+04   1.2000000e-02
  -1.2340200e-02   6.1242833e-02   3.7920700e+04   1.2000000e-02
  -1.2167640e-02   6.7578201e-02   3.7923600e+04   1.2000000e-02
  -1.1993849e-02   6.7653655e-02   3.7920700e+04   1.2000000e-02
  -1.1987698e-02   7.0568322e-02   3.7920700e+04   1.2000000e-02
  -1.1801195e-02   7.0299311e-02   3.7917700e+04   1.2000000e-02
  -1.1815056e-02   5.3020205e-02   3.7911700e+04   1.2000000e-02
  -1.1631505e-02   8.4033540e-02   3.7908700e+04   1.2000000e-02
  -1.1636836e-02   4.0720343e-02   3.7908700e+04   1.2000000e-02
  -1.1467229e-02   6.0987684e-02   3.7905800e+04   1.2000000e-02
  -1.1298605e-02   4.4490431e-02   3.7902800e+04   1.2000000e-02
  -1.1281218e-02   4.2861768e-02   3.7905800e+04   1.2000000e-02
  -1.1111692e-02   5.0307543e-02   3.7905800e+04   1.2000000e-02
  -1.1108986e-02   4.2651562e-02   3.7911700e+04   1.2000000e-02
  -1.0926092e-02   1.0895103e-01   3.7911700e+04   1.2000000e-02
  -1.0938148e-02   7.0027510e-02   3.7911700e+04   1.2000000e-02
  -1.0768130e-02   9.8022880e-02   3.7914700e+04   1.2000000e-02
  -1.0767310e-02   5.5346658e-02   3.7914700e+04   1.2000000e-02
  -1.0599671e-02   7.5795320e-02   3.7914700e+04   1.2000000e-02
  -1.0414314e-02   1.2405516e-01   3.7914700e+04   1.2000000e-02
  -1.0407753e-02   7.3405401e-02   3.7911700e+04   1.2000000e-02
  -1.0237817e-02   5.6918485e-02   3.7911700e+04   1.2000000e-02
  -1.0236915e-02   5.5156300e-02   3.7911700e+04   1.2000000e-02
  -1.0073376e-02   5.6580826e-02   3.7911700e+04   1.2000000e-02
  -1.0076083e-02   6.4870704e-02   3.7911700e+04   1.2000000e-02
  -9.9050810e-03   1.2871314e-01   3.7911700e+04   1.2000000e-02
  -9.7289120e-03   1.0767978e-01   3.7911700e+04   1.2000000e-02
  -9.7200540e-03   6.8991246e-02   3.7911700e+04   1.2000000e-02
  -9.5520050e-03   7.9487011e-02   3.7917700e+04   1.2000000e-02
  -9.5579100e-03   6.0961111e-02   3.7917700e+04   1.2000000e-02
  -9.3837090e-03   5.1385555e-02   3.7920700e+04   1.2000000e-02
  -9.3804290e-03   6.8751515e-02   3.7920700e+04   1.2000000e-02
  -9.2085260e-03   4.1893328e-02   3.7920700e+04   1.2000000e-02
  -9.0274360e-03   1.3723403e-01   3.7923600e+04   1.2000000e-02
  -9.0362930e-03   6.3616442e-02   3.7923600e+04   1.2000000e-02
  -8.8643070e-03   7.4271237e-02   3.7923600e+04   1.2000000e-02
  -8.8548760e-03   1.0570775e-01   3.7923600e+04   1.2000000e-02
  -8.6828070e-03   7.6484630e-02   3.7923600e+04   1.2000000e-02
  -8.7003590e-03   9.4400940e-02   3.7923600e+04   1.2000000e-02
  -8.5209090e-03   7.7445318e-02   3.7923600e+04   1.2000000e-02
  -8.3475290e-03   9.5502827e-02   3.7923600e+04   1.2000000e-02
  -8.3415420e-03   8.7858246e-02   3.7920700e+04   1.2000000e-02
  -8.1728340e-03   6.3755704e-02   3.7920700e+04   1.2000000e-02
  -8.1693070e-03   4.2160701e-02   3.7917700e+04   1.2000000e-02
  -7.9889560e-03   5.1563119e-02   3.7920700e+04   1.2000000e-02
  -8.0015040e-03   7.3471505e-02   3.7920700e+04   1.2000000e-02
  -7.8169700e-03   1.0680851e-01   3.7923600e+04   1.2000000e-02
  -7.6379300e-03   1.1241970e-01   3.7923600e+04   1.2000000e-02
  -7.6376020e-03   1.0098421e-01   3.7926600e+04   1.2000000e-02
  -7.4602850e-03   9.5727100e-02   3.7926600e+04   1.2000000e-02
  -7.4615150e-03   8.0069690e-02   3.7926600e+04   1.2000000e-02
  -7.2851820e-03   4.4860648e-02   3.7923600e+04   1.2000000e-02
  -7.2974850e-03   5.2575190e-02   3.7920700e+04   1.2000000e-02
  -7.1347660e-03   7.2398770e-02   3.7920700e+04   1.2000000e-02
  -6.9494120e-03   9.6195110e-02   3.7920700e+04   1.2000000e-02
  -6.9498220e-03   7.9267270e-02   3.7920700e+04   1.2000000e-02
  -6.7752930e-03   1.2492888e-01   3.7917700e+04   1.2000000e-02
  -6.7743090e-03   9.5420560e-02   3.7917700e+04   1.2000000e-02
  -6.5965820e-03   7.9713458e-02   3.7917700e+04   1.2000000e-02
  -6.5942030e-03   1.3813809e-01   3.7920700e+04   1.2000000e-02
  -6.4245950e-03   1.3395550e-01   3.7920700e+04   1.2000000e-02
  -6.2521170e-03   1.5278078e-01   3.7923600e+04   1.2000000e-02
  -6.2563820e-03   7.9450870e-02   3.7926600e+04   1.2000000e-02
  -6.0830010e-03   7.4773009e-02   3.7923600e+04   1.2000000e-02
  -6.0750450e-03   5.6539818e-02   3.7923600e+04   1.2000000e-02
  -5.9078160e-03   1.1627114e-01   3.7923600e+04   1.2000000e-02
  -5.9056830e-03   6.9632606e-02   3.7923600e+04   1.2000000e-02
  -5.7461640e-03   8.3672780e-02   3.7923600e+04   1.2000000e-02
  -5.5613010e-03   5.4811918e-02   3.7923600e+04   1.2000000e-02
  -5.5680260e-03   7.6491559e-02   3.7920700e+04   1.2000000e-02
  -5.4043240e-03   7.7509946e-02   3.7920700e+04   1.2000000e-02
  -5.3953840e-03   9.1060212e-02   3.7920700e+04   1.2000000e-02
  -5.2247100e-03   6.4972731e-02   3.7920700e+04   1.2000000e-02
  -5.2133100e-03   5.1377106e-02   3.7920700e+04   1.2000000e-02
  -5.0437020e-03   5.1607079e-02   3.7920700e+04   1.2000000e-02
  -4.8555590e-03   5.8862170e-02   3.7917700e+04   1.2000000e-02
  -4.8502280e-03   8.3749028e-02   3.7917700e+04   1.2000000e-02
  -4.6697130e-03   8.5029045e-02   3.7920700e+04   1.2000000e-02
  -4.6743050e-03   8.3228148e-02   3.7923600e+04   1.2000000e-02
  -4.5064200e-03   1.1861774e-01   3.7923600e+04   1.2000000e-02
  -4.4997770e-03   6.4258870e-02   3.7923600e+04   1.2000000e-02
  -4.3290210e-03   4.6390321e-02   3.7920700e+04   1.2000000e-02
  -4.1478490e-03   1.0207677e-01   3.7920700e+04   1.2000000e-02
  -4.1558870e-03   5.6356104e-02   3.7923600e+04   1.2000000e-02
  -3.9869330e-03   1.1931770e-01   3.7923600e+04   1.2000000e-02
  -3.9937400e-03   1.1581051e-01   3.7926600e+04   1.2000000e-02
  -3.8160130e-03   1.2614606e-01   3.7926600e+04   1.2000000e-02
  -3.8192940e-03   9.3228860e-02   3.7926600e+04   1.2000000e-02
  -3.6480460e-03   1.0069897e-01   3.7923600e+04   1.2000000e-02
  -3.4767160e-03   6.6395620e-02   3.7923600e+04   1.2000000e-02
  -3.4782740e-03   7.5284867e-02   3.7923600e+04   1.2000000e-02
  -3.3072720e-03   1.2504445e-01   3.7923600e+04   1.2000000e-02
  -3.2893930e-03   1.2103401e-01   3.7923600e+04   1.2000000e-02
  -3.1127320e-03   1.1124845e-01   3.7923600e+04   1.2000000e-02
  -3.1083850e-03   1.1664571e-01   3.7923600e+04   1.2000000e-02
  -2.9558360e-03   1.1590640e-01   3.7923600e+04   1.2000000e-02
  -2.7709740e-03   1.4732041e-01   3.7926600e+04   1.2000000e-02
  -2.7751570e-03   1.0103756e-01   3.7926600e+04   1.2000000e-02
  -2.6008740e-03   1.0350129e-01   3.7926600e+04   1.2000000e-02
  -2.6094860e-03   8.7552083e-02   3.7926600e+04   1.2000000e-02
  -2.4349570e-03   8.8642210e-02   3.7926600e+04   1.2000000e-02
  -2.4356950e-03   8.2850690e-02   3.7929600e+04   1.2000000e-02
  -2.2560000e-03   7.1183260e-02   3.7926600e+04   1.2000000e-02
  -2.0905750e-03   1.0469795e-01   3.7929600e+04   1.2000000e-02
  -2.0733510e-03   1.4337142e-01   3.7932600e+04   1.2000000e-02
  -1.9040700e-03   1.0552907e-01   3.7935600e+04   1.2000000e-02
  -1.9011170e-03   1.3359322e-01   3.7935600e+04   1.2000000e-02
  -1.7307710e-03   1.2382157e-01   3.7935600e+04   1.2000000e-02
  -1.7276550e-03   1.3072534e-01   3.7932600e+04   1.2000000e-02
  -1.5496820e-03   1.0470217e-01   3.7932600e+04   1.2000000e-02
  -1.5508300e-03   1.0620691e-01   3.7929600e+04   1.2000000e-02
  -1.3696580e-03   9.9470404e-02   3.7926600e+04   1.2000000e-02
  -1.1968520e-03   1.2758042e-01   3.7923600e+04   1.2000000e-02
  -1.2006240e-03   8.9611830e-02   3.7923600e+04   1.2000000e-02
  -1.0282280e-03   1.2200609e-01   3.7923600e+04   1.2000000e-02
  -1.0215030e-03   1.2401418e-01   3.7926600e+04   1.2000000e-02
  -8.4270700e-04   1.1884477e-01   3.7926600e+04   1.2000000e-02
  -8.4853100e-04   1.4169938e-01   3.7929600e+04   1.2000000e-02
  -6.5973100e-04   1.2452727e-01   3.7929600e+04   1.2000000e-02
  -4.8987800e-04   1.4782038e-01   3.7932600e+04   1.2000000e-02
  -5.0095000e-04   1.4062402e-01   3.7932600e+04   1.2000000e-02
  -3.2601100e-04   1.3272113e-01   3.7932600e+04   1.2000000e-02
  -3.4093800e-04   1.3158431e-01   3.7926600e+04   1.2000000e-02
  -1.7690700e-04   1.7525259e-01   3.7923600e+04   1.2000000e-02
  -1.8117200e-04   1.4372140e-01   3.7923600e+04   1.2000000e-02
   8.2020000e-06   1.5811085e-01   3.7923600e+04   1.2000000e-02
   1.7354400e-04   1.3376124e-01   3.7920700e+04   1.2000000e-02
   1.7649700e-04   1.1916115e-01   3.7920700e+04   1.2000000e-02
   3.5151800e-04   1.7435428e-01   3.7920700e+04   1.2000000e-02
   3.5184600e-04   1.7699185e-01   3.7920700e+04   1.2000000e-02
   5.3269000e-04   1.7375759e-01   3.7920700e+04   1.2000000e-02
   5.1702500e-04   1.9504340e-01   3.7920700e+04   1.2000000e-02
   6.9713000e-04   2.3592415e-01   3.7920700e+04   1.2000000e-02
   8.7370900e-04   2.5216515e-01   3.7920700e+04   1.2000000e-02
   8.7756400e-04   2.6794467e-01   3.7920700e+04   1.2000000e-02
   1.0405280e-03   2.8813382e-01   3.7920700e+04   1.2000000e-02
   1.0505340e-03   2.7248541e-01   3.7923600e+04   1.2000000e-02
   1.2171070e-03   2.8881166e-01   3.7923600e+04   1.2000000e-02
   1.2121860e-03   2.9765631e-01   3.7923600e+04   1.2000000e-02
   1.3861410e-03   2.3256940e-01   3.7923600e+04   1.2000000e-02
   1.5629660e-03   2.3341198e-01   3.7923600e+04   1.2000000e-02
   1.5569790e-03   2.0200618e-01   3.7923600e+04   1.2000000e-02
   1.7313440e-03   3.0075451e-01   3.7926600e+04   1.2000000e-02
   1.7278990e-03   2.6726110e-01   3.7932600e+04   1.2000000e-02
   1.9094810e-03   2.7112893e-01   3.7932600e+04   1.2000000e-02
   1.8946360e-03   3.4242946e-01   3.7935600e+04   1.2000000e-02
   2.0805650e-03   3.9792751e-01   3.7935600e+04   1.2000000e-02
   2.2521430e-03   5.1930095e-01   3.7938500e+04   1.2000000e-02
   2.2695300e-03   4.9448909e-01   3.7938500e+04   1.2000000e-02
   2.4397120e-03   5.8684595e-01   3.7935600e+04   1.2000000e-02
   2.4414340e-03   5.2660387e-01   3.7935600e+04   1.2000000e-02
   2.6164550e-03   7.9304302e-01   3.7935600e+04   1.2000000e-02
   2.6037430e-03   9.5821423e-01   3.7935600e+04   1.2000000e-02
   2.7852420e-03   1.0680268e+00   3.7935600e+04   1.2000000e-02
   2.9461560e-03   1.1372273e+00   3.7935600e+04   1.2000000e-02
   2.9488630e-03   1.0011998e+00   3.7935600e+04   1.2000000e-02
   3.1271640e-03   1.0802806e+00   3.7935600e+04   1.2000000e-02
   3.1207670e-03   1.1646947e+00   3.7935600e+04   1.2000000e-02
   3.2939010e-03   1.4126684e+00   3.7935600e+04   1.2000000e-02
   3.2852080e-03   1.6600345e+00   3.7932600e+04   1.2000000e-02
   3.4552260e-03   1.5980433e+00   3.7932600e+04   1.2000000e-02
   3.6351670e-03   1.7491270e+00   3.7935600e+04   1.2000000e-02
   3.6345110e-03   1.7074165e+00   3.7935600e+04   1.2000000e-02
   3.8159290e-03   1.8583773e+00   3.7935600e+04   1.2000000e-02
