  -7.1427262e-02  -9.5840912e-02   3.7953400e+04   1.2000000e-02
  -7.1422013e-02  -6.6953176e-02   3.7953400e+04   1.2000000e-02
  -7.1253800e-02  -5.1071023e-02   3.7956400e+04   1.2000000e-02
  -7.1261755e-02  -6.7773574e-02   3.7956400e+04   1.2000000e-02
  -7.1089033e-02  -5.5882772e-02   3.7956400e+04   1.2000000e-02
  -7.1084522e-02  -4.2087567e-02   3.7956400e+04   1.2000000e-02
  -7.0909337e-02  -4.8903853e-02   3.7956400e+04   1.2000000e-02
  -7.0732020e-02  -8.0703819e-02   3.7956400e+04   1.2000000e-02
  -7.0738089e-02  -4.4174034e-02   3.7959400e+04   1.2000000e-02
  -7.0566595e-02  -2.7789268e-02   3.7962400e+04   1.2000000e-02
  -7.0562003e-02  -3.3126087e-02   3.7959400e+04   1.2000000e-02
  -7.0400104e-02  -7.9941820e-02   3.7959400e+04   1.2000000e-02
  -7.0388704e-02  -3.7574185e-02   3.7956400e+04   1.2000000e-02
  -7.0209747e-02  -2.3988596e-02   3.7956400e+04   1.2000000e-02
  -7.0031202e-02  -3.6283921e-02   3.7953400e+04   1.2000000e-02
  -7.0027758e-02  -5.1298861e-02   3.7953400e+04   1.2000000e-02
  -6.9859544e-02  -3.9359575e-02   3.7956400e+04   1.2000000e-02
  -6.9868894e-02  -3.1597074e-02   3.7959400e+04   1.2000000e-02
  -6.9696744e-02  -5.6305069e-02   3.7959400e+04   1.2000000e-02
  -6.9694283e-02  -6.7290011e-02   3.7959400e+04   1.2000000e-02
  -6.9502532e-02  -4.4991973e-02   3.7959400e+04   1.2000000e-02
  -6.9338501e-02  -3.9651386e-02   3.7959400e+04   1.2000000e-02
  -6.9337927e-02  -4.9003255e-02   3.7959400e+04   1.2000000e-02
  -6.9163480e-02  -8.0325880e-03   3.7962400e+04   1.2000000e-02
  -6.9162988e-02  -2.6697972e-02   3.7962400e+04   1.2000000e-02
  -6.8995927e-02  -5.3365561e-02   3.7962400e+04   1.2000000e-02
  -6.8997567e-02  -4.5704684e-02   3.7962400e+04   1.2000000e-02
  -6.8809014e-02  -5.4642948e-02   3.7962400e+04   1.2000000e-02
  -6.8641293e-02  -2.2217804e-02   3.7962400e+04   1.2000000e-02
  -6.8649658e-02  -1.4390504e-02   3.7962400e+04   1.2000000e-02
  -6.8472177e-02  -3.3904493e-02   3.7962400e+04   1.2000000e-02
  -6.8476852e-02  -2.1272822e-02   3.7959400e+04   1.2000000e-02
  -6.8300273e-02  -4.8523794e-02   3.7956400e+04   1.2000000e-02
  -6.8306752e-02  -5.5657312e-02   3.7956400e+04   1.2000000e-02
  -6.8137144e-02  -2.6222939e-02   3.7956400e+04   1.2000000e-02
  -6.7960897e-02  -2.1732846e-02   3.7956400e+04   1.2000000e-02
  -6.7960979e-02  -1.9134845e-02   3.7959400e+04   1.2000000e-02
  -6.7780463e-02  -1.8004593e-02   3.7962400e+04   1.2000000e-02
  -6.7782349e-02  -3.1489060e-02   3.7962400e+04   1.2000000e-02
  -6.7617826e-02  -5.7369872e-02   3.7959400e+04   1.2000000e-02
  -6.7607821e-02  -2.6518112e-02   3.7956400e+04   1.2000000e-02
  -6.7434604e-02  -5.2317900e-02   3.7956400e+04   1.2000000e-02
  -6.7246707e-02  -4.4027062e-02   3.7959400e+04   1.2000000e-02
  -6.7241540e-02  -1.3802454e-02   3.7962400e+04   1.2000000e-02
  -6.7080790e-02   5.5156170e-03   3.7959400e+04   1.2000000e-02
  -6.7078412e-02   2.3401450e-03   3.7959400e+04   1.2000000e-02
  -6.6924963e-02  -3.9893904e-02   3.7956400e+04   1.2000000e-02
  -6.6913727e-02  -4.0763267e-02   3.7953400e+04   1.2000000e-02
  -6.6739690e-02  -4.9169746e-02   3.7950500e+04   1.2000000e-02
  -6.6566228e-02  -1.6088468e-02   3.7953400e+04   1.2000000e-02
  -6.6565654e-02   1.2720756e-02   3.7953400e+04   1.2000000e-02
  -6.6400147e-02  -2.9726306e-02   3.7953400e+04   1.2000000e-02
  -6.6394980e-02  -2.3487319e-02   3.7953400e+04   1.2000000e-02
  -6.6215776e-02  -1.9389749e-02   3.7953400e+04   1.2000000e-02
  -6.6218565e-02  -3.0379968e-02   3.7953400e+04   1.2000000e-02
  -6.6038459e-02  -2.4120476e-02   3.7950500e+04   1.2000000e-02
  -6.6037147e-02  -1.5953640e-03   3.7950500e+04   1.2000000e-02
  -6.5859587e-02  -1.5434804e-02   3.7953400e+04   1.2000000e-02
  -6.5697935e-02  -4.5064554e-02   3.7953400e+04   1.2000000e-02
  -6.5692194e-02  -5.4203346e-02   3.7953400e+04   1.2000000e-02
  -6.5516353e-02  -3.8101870e-02   3.7953400e+04   1.2000000e-02
  -6.5534806e-02  -1.3947211e-02   3.7953400e+04   1.2000000e-02
  -6.5353388e-02   2.2359860e-03   3.7956400e+04   1.2000000e-02
  -6.5345269e-02  -3.6213962e-02   3.7956400e+04   1.2000000e-02
  -6.5188456e-02  -2.5768575e-02   3.7956400e+04   1.2000000e-02
  -6.5010892e-02  -8.6209680e-03   3.7959400e+04   1.2000000e-02
  -6.5003183e-02  -3.0262030e-02   3.7959400e+04   1.2000000e-02
  -6.4828328e-02  -2.3385292e-02   3.7962400e+04   1.2000000e-02
  -6.4833003e-02  -2.4360699e-02   3.7959400e+04   1.2000000e-02
  -6.4648387e-02  -2.0235493e-02   3.7956400e+04   1.2000000e-02
  -6.4660935e-02  -2.3767401e-02   3.7956400e+04   1.2000000e-02
  -6.4479517e-02  -2.6774246e-02   3.7956400e+04   1.2000000e-02
  -6.4301790e-02  -3.0521034e-02   3.7956400e+04   1.2000000e-02
  -6.4307285e-02  -2.8579731e-02   3.7956400e+04   1.2000000e-02
  -6.4141122e-02  -2.7813545e-02   3.7956400e+04   1.2000000e-02
  -6.4145223e-02  -1.3946637e-02   3.7956400e+04   1.2000000e-02
  -6.3976845e-02  -2.9115537e-02   3.7959400e+04   1.2000000e-02
  -6.3979142e-02  -2.9742463e-02   3.7956400e+04   1.2000000e-02
  -6.3802729e-02  -5.2686064e-02   3.7956400e+04   1.2000000e-02
  -6.3625822e-02  -3.3577908e-02   3.7959400e+04   1.2000000e-02
  -6.3634843e-02  -4.5794081e-02   3.7962400e+04   1.2000000e-02
  -6.3459905e-02   4.3280350e-03   3.7962400e+04   1.2000000e-02
  -6.3463595e-02   1.7453620e-02   3.7962400e+04   1.2000000e-02
  -6.3279061e-02   1.4401900e-04   3.7962400e+04   1.2000000e-02
  -6.3278159e-02  -3.9050706e-02   3.7962400e+04   1.2000000e-02
  -6.3112078e-02  -5.7575484e-02   3.7959400e+04   1.2000000e-02
  -6.2944438e-02  -3.2042417e-02   3.7956400e+04   1.2000000e-02
  -6.2934514e-02   1.0317620e-02   3.7956400e+04   1.2000000e-02
  -6.2753180e-02  -5.7391920e-03   3.7956400e+04   1.2000000e-02
  -6.2751048e-02  -2.3339960e-03   3.7956400e+04   1.2000000e-02
  -6.2582014e-02  -1.5225993e-02   3.7959400e+04   1.2000000e-02
  -6.2583573e-02  -3.8995673e-02   3.7962400e+04   1.2000000e-02
  -6.2413227e-02  -2.1220086e-02   3.7962400e+04   1.2000000e-02
  -6.2227052e-02  -1.8672690e-02   3.7962400e+04   1.2000000e-02
  -6.2234926e-02  -1.8505461e-02   3.7962400e+04   1.2000000e-02
  -6.2062365e-02  -3.3518880e-03   3.7962400e+04   1.2000000e-02
  -6.2060725e-02  -1.8640704e-02   3.7965400e+04   1.2000000e-02
  -6.1879471e-02  -4.9606804e-02   3.7965400e+04   1.2000000e-02
  -6.1882014e-02  -2.8621149e-02   3.7965400e+04   1.2000000e-02
  -6.1699453e-02  -1.3534016e-02   3.7965400e+04   1.2000000e-02
  -6.1539277e-02   4.3391890e-03   3.7962400e+04   1.2000000e-02
  -6.1538539e-02  -4.5354397e-02   3.7959400e+04   1.2000000e-02
  -6.1368357e-02  -3.5195658e-02   3.7956400e+04   1.2000000e-02
  -6.1375820e-02  -2.5116963e-02   3.7959400e+04   1.2000000e-02
  -6.1186283e-02   5.1907500e-04   3.7962400e+04   1.2000000e-02
  -6.1186283e-02  -6.6142150e-03   3.7965400e+04   1.2000000e-02
  -6.1027583e-02  -7.8159850e-03   3.7965400e+04   1.2000000e-02
  -6.0849282e-02  -3.5313760e-02   3.7965400e+04   1.2000000e-02
  -6.0843705e-02  -2.1623437e-02   3.7965400e+04   1.2000000e-02
  -6.0682301e-02  -4.1720137e-02   3.7965400e+04   1.2000000e-02
  -6.0668194e-02  -9.8767850e-03   3.7965400e+04   1.2000000e-02
  -6.0496536e-02  -1.4054979e-02   3.7962400e+04   1.2000000e-02
  -6.0492845e-02  -2.1126917e-02   3.7962400e+04   1.2000000e-02
  -6.0326026e-02  -4.2152660e-03   3.7962400e+04   1.2000000e-02
  -6.0151251e-02  -3.2182335e-02   3.7962400e+04   1.2000000e-02
  -6.0143706e-02   6.7684860e-03   3.7962400e+04   1.2000000e-02
  -5.9973442e-02  -1.7803410e-02   3.7962400e+04   1.2000000e-02
  -5.9969095e-02  -2.6156998e-02   3.7962400e+04   1.2000000e-02
  -5.9797027e-02  -3.1308381e-02   3.7962400e+04   1.2000000e-02
  -5.9789564e-02  -7.8920140e-03   3.7962400e+04   1.2000000e-02
  -5.9617908e-02  -4.9463605e-02   3.7962400e+04   1.2000000e-02
  -5.9448710e-02  -8.6335980e-03   3.7959400e+04   1.2000000e-02
  -5.9453795e-02   1.0751319e-02   3.7959400e+04   1.2000000e-02
  -5.9290995e-02   1.9907522e-02   3.7959400e+04   1.2000000e-02
  -5.9285418e-02   2.8390440e-03   3.7962400e+04   1.2000000e-02
  -5.9103836e-02  -3.6739269e-02   3.7965400e+04   1.2000000e-02
  -5.9106214e-02  -3.0366517e-02   3.7965400e+04   1.2000000e-02
  -5.8927175e-02  -1.8953181e-02   3.7965400e+04   1.2000000e-02
  -5.8759863e-02  -2.7844793e-02   3.7965400e+04   1.2000000e-02
  -5.8753466e-02  -2.7270522e-02   3.7965400e+04   1.2000000e-02
  -5.8588699e-02  -5.0469194e-02   3.7965400e+04   1.2000000e-02
  -5.8590668e-02  -1.8453791e-02   3.7965400e+04   1.2000000e-02
  -5.8415893e-02  -2.6103279e-02   3.7965400e+04   1.2000000e-02
  -5.8417123e-02  -1.6146125e-02   3.7965400e+04   1.2000000e-02
  -5.8245137e-02   7.2681230e-03   3.7962400e+04   1.2000000e-02
  -5.8066590e-02   2.7813880e-03   3.7962400e+04   1.2000000e-02
  -5.8070937e-02  -3.2372939e-02   3.7962400e+04   1.2000000e-02
  -5.7893783e-02  -4.0669441e-02   3.7962400e+04   1.2000000e-02
  -5.7887140e-02  -3.4826671e-02   3.7962400e+04   1.2000000e-02
  -5.7727702e-02  -1.5054499e-02   3.7962400e+04   1.2000000e-02
  -5.7714990e-02  -5.0179500e-03   3.7962400e+04   1.2000000e-02
  -5.7548911e-02  -5.3931700e-03   3.7962400e+04   1.2000000e-02
  -5.7370200e-02  -1.6587285e-02   3.7956400e+04   1.2000000e-02
  -5.7360686e-02  -9.3921570e-03   3.7956400e+04   1.2000000e-02
  -5.7186895e-02  -6.9339110e-03   3.7956400e+04   1.2000000e-02
  -5.7203955e-02  -5.8034920e-03   3.7953400e+04   1.2000000e-02
  -5.7028032e-02   8.1987510e-03   3.7953400e+04   1.2000000e-02
  -5.7025407e-02  -1.9658185e-02   3.7956400e+04   1.2000000e-02
  -5.6860146e-02  -1.5560616e-02   3.7956400e+04   1.2000000e-02
  -5.6854487e-02   1.6201491e-02   3.7956400e+04   1.2000000e-02
  -5.6684223e-02  -2.5045880e-03   3.7953400e+04   1.2000000e-02
  -5.6497067e-02  -1.4634006e-02   3.7953400e+04   1.2000000e-02
  -5.6511419e-02  -1.1031317e-02   3.7953400e+04   1.2000000e-02
  -5.6334676e-02   3.1035440e-03   3.7956400e+04   1.2000000e-02
  -5.6335332e-02   3.5745580e-03   3.7956400e+04   1.2000000e-02
  -5.6157113e-02  -8.8190350e-03   3.7953400e+04   1.2000000e-02
  -5.6157523e-02  -6.4275480e-03   3.7953400e+04   1.2000000e-02
  -5.5981108e-02   4.5498040e-03   3.7956400e+04   1.2000000e-02
  -5.5805349e-02   1.3535824e-02   3.7956400e+04   1.2000000e-02
  -5.5805185e-02   6.3525860e-03   3.7953400e+04   1.2000000e-02
  -5.5620159e-02   2.1604095e-02   3.7950500e+04   1.2000000e-02
  -5.5631313e-02   2.9277544e-02   3.7947500e+04   1.2000000e-02
  -5.5464988e-02   1.5791989e-02   3.7947500e+04   1.2000000e-02
  -5.5465398e-02   1.0962918e-02   3.7947500e+04   1.2000000e-02
  -5.5292017e-02  -1.8551635e-02   3.7950500e+04   1.2000000e-02
  -5.5114536e-02  -4.6119272e-02   3.7950500e+04   1.2000000e-02
  -5.5118801e-02  -3.1027314e-02   3.7953400e+04   1.2000000e-02
  -5.4936481e-02  -3.1683764e-02   3.7953400e+04   1.2000000e-02
  -5.4917699e-02   6.0806200e-04   3.7953400e+04   1.2000000e-02
  -5.4754407e-02  -1.4530680e-03   3.7953400e+04   1.2000000e-02
  -5.4760558e-02  -8.1123890e-03   3.7953400e+04   1.2000000e-02
  -5.4589392e-02   1.0684640e-02   3.7956400e+04   1.2000000e-02
  -5.4412321e-02  -5.4437730e-03   3.7953400e+04   1.2000000e-02
  -5.4417734e-02  -6.7004130e-03   3.7947500e+04   1.2000000e-02
  -5.4245256e-02  -1.9891767e-02   3.7947500e+04   1.2000000e-02
  -5.4232461e-02   4.3943800e-04   3.7950500e+04   1.2000000e-02
  -5.4050059e-02  -1.4126333e-02   3.7950500e+04   1.2000000e-02
  -5.4058097e-02  -1.0711950e-02   3.7950500e+04   1.2000000e-02
  -5.3889555e-02  -1.5334417e-02   3.7953400e+04   1.2000000e-02
  -5.3727329e-02   3.1891869e-02   3.7953400e+04   1.2000000e-02
  -5.3716421e-02  -8.7949220e-03   3.7953400e+04   1.2000000e-02
  -5.3526637e-02  -1.6831198e-02   3.7953400e+04   1.2000000e-02
  -5.3527868e-02  -1.0654293e-02   3.7956400e+04   1.2000000e-02
  -5.3372287e-02  -1.8668097e-02   3.7962400e+04   1.2000000e-02
  -5.3358590e-02   4.6779940e-03   3.7959400e+04   1.2000000e-02
  -5.3188162e-02  -1.7073963e-02   3.7953400e+04   1.2000000e-02
  -5.3019047e-02  -2.9058127e-02   3.7953400e+04   1.2000000e-02
  -5.3016258e-02  -1.2818104e-02   3.7956400e+04   1.2000000e-02
  -5.2846076e-02  -1.8134751e-02   3.7959400e+04   1.2000000e-02
  -5.2845912e-02   3.2071290e-03   3.7962400e+04   1.2000000e-02
  -5.2679503e-02   1.7718590e-03   3.7962400e+04   1.2000000e-02
  -5.2676961e-02   1.0821114e-02   3.7965400e+04   1.2000000e-02
  -5.2488982e-02   1.7492003e-02   3.7965400e+04   1.2000000e-02
  -5.2320852e-02  -6.5690240e-03   3.7965400e+04   1.2000000e-02
  -5.2328890e-02   6.4747890e-03   3.7965400e+04   1.2000000e-02
  -5.2140583e-02   2.2247016e-02   3.7965400e+04   1.2000000e-02
  -5.2149358e-02  -9.8676820e-03   3.7962400e+04   1.2000000e-02
  -5.1971139e-02  -3.4136842e-02   3.7962400e+04   1.2000000e-02
  -5.1969417e-02  -3.3778600e-02   3.7962400e+04   1.2000000e-02
  -5.1810881e-02  -5.1321970e-03   3.7959400e+04   1.2000000e-02
  -5.1636352e-02  -2.0425933e-02   3.7956400e+04   1.2000000e-02
  -5.1624378e-02  -2.6320209e-02   3.7953400e+04   1.2000000e-02
  -5.1456411e-02  -2.0609670e-03   3.7956400e+04   1.2000000e-02
  -5.1451572e-02  -6.8397570e-03   3.7956400e+04   1.2000000e-02
  -5.1282868e-02   8.8052560e-03   3.7959400e+04   1.2000000e-02
  -5.1281720e-02  -1.7201415e-02   3.7959400e+04   1.2000000e-02
  -5.1113179e-02  -4.8165200e-03   3.7959400e+04   1.2000000e-02
  -5.0931925e-02  -1.0049100e-02   3.7959400e+04   1.2000000e-02
  -5.0932089e-02  -7.8739700e-03   3.7962400e+04   1.2000000e-02
  -5.0755100e-02  -1.0879425e-02   3.7962400e+04   1.2000000e-02
  -5.0748702e-02   9.0629480e-03   3.7962400e+04   1.2000000e-02
  -5.0560887e-02  -1.8888717e-02   3.7962400e+04   1.2000000e-02
  -5.0562446e-02  -1.1549080e-02   3.7962400e+04   1.2000000e-02
  -5.0391690e-02   5.1308830e-03   3.7959400e+04   1.2000000e-02
  -5.0236764e-02   2.3536052e-02   3.7956400e+04   1.2000000e-02
  -5.0224790e-02   5.2810738e-02   3.7956400e+04   1.2000000e-02
  -5.0049605e-02  -1.6521099e-02   3.7959400e+04   1.2000000e-02
  -5.0044356e-02  -8.0247140e-03   3.7962400e+04   1.2000000e-02
  -4.9866957e-02  -8.2848670e-03   3.7965400e+04   1.2000000e-02
  -4.9869745e-02   4.9698050e-03   3.7965400e+04   1.2000000e-02
  -4.9697677e-02  -1.1620770e-03   3.7962400e+04   1.2000000e-02
  -4.9516587e-02  -1.7844089e-02   3.7956400e+04   1.2000000e-02
  -4.9533318e-02   2.0708050e-03   3.7959400e+04   1.2000000e-02
  -4.9354197e-02  -1.6516588e-02   3.7962400e+04   1.2000000e-02
  -4.9340008e-02  -2.2805220e-03   3.7962400e+04   1.2000000e-02
  -4.9167778e-02   6.0642100e-04   3.7962400e+04   1.2000000e-02
  -4.9170895e-02   1.0405786e-02   3.7962400e+04   1.2000000e-02
  -4.9001615e-02   3.8100240e-03   3.7965400e+04   1.2000000e-02
  -4.8833894e-02   5.0868400e-03   3.7965400e+04   1.2000000e-02
  -4.8840619e-02  -3.4879735e-02   3.7965400e+04   1.2000000e-02
  -4.8671585e-02  -2.7867593e-02   3.7965400e+04   1.2000000e-02
  -4.8669207e-02  -1.8389491e-02   3.7962400e+04   1.2000000e-02
  -4.8492874e-02  -1.4590129e-02   3.7959400e+04   1.2000000e-02
  -4.8489265e-02   1.0834646e-02   3.7959400e+04   1.2000000e-02
  -4.8309652e-02   4.2148540e-03   3.7962400e+04   1.2000000e-02
  -4.8147181e-02   1.8819013e-02   3.7962400e+04   1.2000000e-02
  -4.8142096e-02  -2.8837505e-02   3.7965400e+04   1.2000000e-02
  -4.7961909e-02   2.4949080e-03   3.7965400e+04   1.2000000e-02
  -4.7950345e-02  -8.7859010e-03   3.7965400e+04   1.2000000e-02
  -4.7773766e-02   7.7513570e-03   3.7965400e+04   1.2000000e-02
  -4.7768189e-02   2.8290898e-02   3.7965400e+04   1.2000000e-02
  -4.7602107e-02   3.7601786e-02   3.7962400e+04   1.2000000e-02
  -4.7591199e-02  -2.9960132e-02   3.7962400e+04   1.2000000e-02
  -4.7426677e-02  -3.2431498e-02   3.7959400e+04   1.2000000e-02
  -4.7261334e-02  -1.2569680e-02   3.7956400e+04   1.2000000e-02
  -4.7267813e-02   7.8992310e-03   3.7956400e+04   1.2000000e-02
  -4.7086315e-02  -1.8295994e-02   3.7962400e+04   1.2000000e-02
  -4.7085495e-02  -2.9288344e-02   3.7962400e+04   1.2000000e-02
  -4.6924089e-02  -9.9752860e-03   3.7962400e+04   1.2000000e-02
  -4.6923269e-02   8.4147810e-03   3.7962400e+04   1.2000000e-02
  -4.6746690e-02  -1.0346569e-02   3.7959400e+04   1.2000000e-02
  -4.6577164e-02  -2.4342190e-03   3.7956400e+04   1.2000000e-02
  -4.6585448e-02  -8.4466850e-03   3.7956400e+04   1.2000000e-02
  -4.6406408e-02  -1.0408819e-02   3.7956400e+04   1.2000000e-02
  -4.6407310e-02  -2.2816700e-03   3.7956400e+04   1.2000000e-02
  -4.6234750e-02  -1.5753025e-02   3.7959400e+04   1.2000000e-02
  -4.6237703e-02   1.4392476e-02   3.7959400e+04   1.2000000e-02
  -4.6053577e-02   2.5304210e-03   3.7956400e+04   1.2000000e-02
  -4.5876342e-02   1.2376110e-03   3.7956400e+04   1.2000000e-02
  -4.5874046e-02  -6.7562650e-03   3.7956400e+04   1.2000000e-02
  -4.5707472e-02  -5.2169190e-03   3.7956400e+04   1.2000000e-02
  -4.5705668e-02  -1.7688586e-02   3.7953400e+04   1.2000000e-02
  -4.5530975e-02   1.1500939e-02   3.7953400e+04   1.2000000e-02
  -4.5529581e-02   1.4342119e-02   3.7956400e+04   1.2000000e-02
  -4.5352838e-02   1.8895617e-02   3.7956400e+04   1.2000000e-02
  -4.5173307e-02   9.1791640e-03   3.7956400e+04   1.2000000e-02
  -4.5178146e-02   9.4482570e-03   3.7956400e+04   1.2000000e-02
  -4.5016741e-02  -7.9421250e-03   3.7956400e+04   1.2000000e-02
  -4.5013871e-02  -1.9438876e-02   3.7956400e+04   1.2000000e-02
  -4.4846888e-02  -2.0669540e-03   3.7956400e+04   1.2000000e-02
  -4.4857140e-02  -2.3346990e-02   3.7959400e+04   1.2000000e-02
  -4.4682201e-02   1.6580156e-02   3.7959400e+04   1.2000000e-02
  -4.4509313e-02  -7.7881800e-04   3.7962400e+04   1.2000000e-02
  -4.4512511e-02   8.4353670e-03   3.7962400e+04   1.2000000e-02
  -4.4337408e-02  -3.7175672e-02   3.7962400e+04   1.2000000e-02
  -4.4339131e-02  -7.6111110e-03   3.7962400e+04   1.2000000e-02
  -4.4152300e-02   3.2600648e-02   3.7959400e+04   1.2000000e-02
  -4.4155909e-02   2.1532905e-02   3.7956400e+04   1.2000000e-02
  -4.3977279e-02  -7.7359380e-03   3.7956400e+04   1.2000000e-02
  -4.3801439e-02  -1.3654826e-02   3.7956400e+04   1.2000000e-02
  -4.3803736e-02  -1.9001330e-03   3.7956400e+04   1.2000000e-02
  -4.3631996e-02  -1.2965000e-03   3.7956400e+04   1.2000000e-02
  -4.3638311e-02   1.7553679e-02   3.7959400e+04   1.2000000e-02
  -4.3461076e-02   2.6349756e-02   3.7959400e+04   1.2000000e-02
  -4.3440818e-02   4.3504688e-02   3.7959400e+04   1.2000000e-02
  -4.3272933e-02   3.6687396e-02   3.7962400e+04   1.2000000e-02
  -4.3095779e-02  -2.4014950e-03   3.7962400e+04   1.2000000e-02
  -4.3094877e-02  -3.1095961e-02   3.7962400e+04   1.2000000e-02
  -4.2920679e-02  -1.8954576e-02   3.7962400e+04   1.2000000e-02
  -4.2905260e-02   1.2247360e-02   3.7962400e+04   1.2000000e-02
  -4.2743280e-02   2.4881268e-02   3.7965400e+04   1.2000000e-02
  -4.2757222e-02   2.0045370e-03   3.7965400e+04   1.2000000e-02
  -4.2574656e-02   2.4523517e-02   3.7965400e+04   1.2000000e-02
  -4.2410133e-02  -1.3485627e-02   3.7962400e+04   1.2000000e-02
  -4.2402096e-02   5.9381600e-03   3.7962400e+04   1.2000000e-02
  -4.2224861e-02  -9.6573000e-04   3.7965400e+04   1.2000000e-02
  -4.2228059e-02   1.3767683e-02   3.7965400e+04   1.2000000e-02
  -4.2055089e-02   2.0069423e-02   3.7962400e+04   1.2000000e-02
  -4.2053941e-02   3.9775689e-02   3.7962400e+04   1.2000000e-02
  -4.1877033e-02   1.1451730e-02   3.7962400e+04   1.2000000e-02
  -4.1703160e-02   7.4062370e-03   3.7956400e+04   1.2000000e-02
  -4.1694795e-02  -2.1124730e-03   3.7956400e+04   1.2000000e-02
  -4.1530272e-02   4.1260744e-02   3.7959400e+04   1.2000000e-02
  -4.1534865e-02  -9.5015650e-03   3.7962400e+04   1.2000000e-02
  -4.1363945e-02  -1.0545869e-02   3.7965400e+04   1.2000000e-02
  -4.1374525e-02  -2.6259846e-02   3.7968300e+04   1.2000000e-02
  -4.1192861e-02  -1.7002692e-02   3.7968300e+04   1.2000000e-02
  -4.1014068e-02  -2.3917981e-02   3.7968300e+04   1.2000000e-02
  -4.1017758e-02  -4.6344460e-03   3.7971300e+04   1.2000000e-02
  -4.0844542e-02  -2.3522000e-04   3.7974300e+04   1.2000000e-02
  -4.0850693e-02   1.2199463e-02   3.7974300e+04   1.2000000e-02
  -4.0681989e-02   4.8326750e-03   3.7965400e+04   1.2000000e-02
  -4.0679365e-02   2.9649380e-03   3.7947500e+04   1.2000000e-02
  -4.0505985e-02  -6.9740980e-03   3.7944500e+04   1.2000000e-02
  -4.0319892e-02  -1.3962466e-02   3.7950500e+04   1.2000000e-02
  -4.0329406e-02   5.1456450e-03   3.7953400e+04   1.2000000e-02
  -4.0143231e-02   5.5166010e-03   3.7959400e+04   1.2000000e-02
  -4.0142247e-02   2.6981274e-02   3.7962400e+04   1.2000000e-02
  -3.9980512e-02   1.6158843e-02   3.7959400e+04   1.2000000e-02
  -3.9976986e-02  -9.3887940e-03   3.7956400e+04   1.2000000e-02
  -3.9806804e-02   2.5878577e-02   3.7956400e+04   1.2000000e-02
  -3.9627027e-02   8.2600980e-03   3.7956400e+04   1.2000000e-02
  -3.9633343e-02   4.9936710e-03   3.7956400e+04   1.2000000e-02
  -3.9452663e-02   3.5451750e-02   3.7956400e+04   1.2000000e-02
  -3.9458814e-02  -1.2490944e-02   3.7962400e+04   1.2000000e-02
  -3.9277970e-02   2.2917491e-02   3.7962400e+04   1.2000000e-02
  -3.9290518e-02  -1.4905231e-02   3.7959400e+04   1.2000000e-02
  -3.9116646e-02   7.9469640e-03   3.7962400e+04   1.2000000e-02
  -3.8946546e-02   1.0141943e-02   3.7962400e+04   1.2000000e-02
  -3.8942199e-02   4.7269570e-03   3.7962400e+04   1.2000000e-02
  -3.8759305e-02   2.9972462e-02   3.7959400e+04   1.2000000e-02
  -3.8761356e-02   5.6131330e-03   3.7956400e+04   1.2000000e-02
  -3.8581414e-02   6.2736840e-03   3.7956400e+04   1.2000000e-02
  -3.8580758e-02   6.6496450e-03   3.7953400e+04   1.2000000e-02
  -3.8403687e-02   3.2324172e-02   3.7953400e+04   1.2000000e-02
  -3.8413857e-02   2.4270336e-02   3.7953400e+04   1.2000000e-02
  -3.8223581e-02   6.2127534e-02   3.7956400e+04   1.2000000e-02
  -3.8062831e-02   2.0895563e-02   3.7959400e+04   1.2000000e-02
  -3.8072509e-02   1.3490634e-02   3.7962400e+04   1.2000000e-02
  -3.7897406e-02   3.3670375e-02   3.7962400e+04   1.2000000e-02
  -3.7884612e-02   2.9513833e-02   3.7962400e+04   1.2000000e-02
  -3.7708197e-02   2.1220837e-02   3.7962400e+04   1.2000000e-02
  -3.7708771e-02  -7.0178940e-03   3.7959400e+04   1.2000000e-02
  -3.7543183e-02  -1.0153095e-02   3.7959400e+04   1.2000000e-02
  -3.7364800e-02   3.7616385e-02   3.7962400e+04   1.2000000e-02
  -3.7374641e-02   4.5626919e-02   3.7962400e+04   1.2000000e-02
  -3.7198555e-02   2.0847666e-02   3.7962400e+04   1.2000000e-02
  -3.7201179e-02   1.9823374e-02   3.7962400e+04   1.2000000e-02
  -3.7030833e-02  -4.8720440e-03   3.7962400e+04   1.2000000e-02
  -3.7030177e-02   4.9774320e-03   3.7962400e+04   1.2000000e-02
  -3.6848185e-02   3.2908698e-02   3.7959400e+04   1.2000000e-02
  -3.6668490e-02   3.7418974e-02   3.7962400e+04   1.2000000e-02
  -3.6661764e-02  -2.4079700e-04   3.7962400e+04   1.2000000e-02
  -3.6487483e-02   3.8957504e-02   3.7962400e+04   1.2000000e-02
  -3.6490763e-02   2.4385239e-02   3.7965400e+04   1.2000000e-02
  -3.6318941e-02   3.5404345e-02   3.7965400e+04   1.2000000e-02
  -3.6319843e-02   1.6125053e-02   3.7965400e+04   1.2000000e-02
  -3.6145479e-02   2.7173846e-02   3.7968300e+04   1.2000000e-02
  -3.5959058e-02   5.4451948e-02   3.7968300e+04   1.2000000e-02
  -3.5965701e-02   6.1671773e-02   3.7971300e+04   1.2000000e-02
  -3.5792649e-02   1.5166784e-02   3.7974300e+04   1.2000000e-02
  -3.5794453e-02   4.2814199e-02   3.7974300e+04   1.2000000e-02
  -3.5615496e-02   5.8220316e-02   3.7974300e+04   1.2000000e-02
  -3.5613363e-02   5.5713924e-02   3.7974300e+04   1.2000000e-02
  -3.5435717e-02   2.5938449e-02   3.7968300e+04   1.2000000e-02
  -3.5265863e-02   2.0560039e-02   3.7968300e+04   1.2000000e-02
  -3.5273245e-02   2.5794676e-02   3.7965400e+04   1.2000000e-02
  -3.5103391e-02   4.7303564e-02   3.7965400e+04   1.2000000e-02
  -3.5096584e-02   4.9549639e-02   3.7965400e+04   1.2000000e-02
  -3.4922875e-02   3.8903784e-02   3.7968300e+04   1.2000000e-02
  -3.4916642e-02   3.3368804e-02   3.7971300e+04   1.2000000e-02
  -3.4744738e-02   2.3301160e-02   3.7971300e+04   1.2000000e-02
  -3.4569553e-02   1.4912208e-02   3.7968300e+04   1.2000000e-02
  -3.4566273e-02   1.8722481e-02   3.7968300e+04   1.2000000e-02
  -3.4392812e-02   1.7646028e-02   3.7971300e+04   1.2000000e-02
  -3.4391746e-02   1.2815320e-02   3.7974300e+04   1.2000000e-02
  -3.4227305e-02   4.5800546e-02   3.7974300e+04   1.2000000e-02
  -3.4236491e-02   3.0086874e-02   3.7974300e+04   1.2000000e-02
  -3.4057370e-02   3.2351565e-02   3.7974300e+04   1.2000000e-02
  -3.3879068e-02   3.7832906e-02   3.7974300e+04   1.2000000e-02
  -3.3882677e-02   4.1690258e-02   3.7974300e+04   1.2000000e-02
  -3.3707984e-02   2.1401845e-02   3.7974300e+04   1.2000000e-02
  -3.3716760e-02   9.3019410e-03   3.7974300e+04   1.2000000e-02
  -3.3548465e-02   2.0631228e-02   3.7974300e+04   1.2000000e-02
  -3.3548629e-02   1.6168767e-02   3.7974300e+04   1.2000000e-02
  -3.3373281e-02   3.2175232e-02   3.7977300e+04   1.2000000e-02
  -3.3197686e-02   4.7039308e-02   3.7980300e+04   1.2000000e-02
  -3.3196620e-02   3.4214383e-02   3.7980300e+04   1.2000000e-02
  -3.3028078e-02   2.4837964e-02   3.7980300e+04   1.2000000e-02
  -3.3014956e-02   9.9360030e-03   3.7980300e+04   1.2000000e-02
  -3.2844938e-02   2.3001393e-02   3.7977300e+04   1.2000000e-02
  -3.2845184e-02   1.6709904e-02   3.7974300e+04   1.2000000e-02
  -3.2666309e-02   3.5539014e-02   3.7974300e+04   1.2000000e-02
  -3.2483989e-02   1.0389711e-02   3.7974300e+04   1.2000000e-02
  -3.2487269e-02   4.6000335e-02   3.7974300e+04   1.2000000e-02
  -3.2302488e-02   3.4204787e-02   3.7971300e+04   1.2000000e-02
  -3.2311427e-02   7.5751207e-02   3.7968300e+04   1.2000000e-02
  -3.2135587e-02   5.3605304e-02   3.7968300e+04   1.2000000e-02
  -3.2134438e-02   3.1920984e-02   3.7968300e+04   1.2000000e-02
  -3.1954743e-02   4.3629515e-02   3.7968300e+04   1.2000000e-02
  -3.1795059e-02   3.5184626e-02   3.7971300e+04   1.2000000e-02
  -3.1803260e-02   2.1847352e-02   3.7968300e+04   1.2000000e-02
  -3.1638000e-02   4.0587232e-02   3.7968300e+04   1.2000000e-02
  -3.1629962e-02   4.3819791e-02   3.7965400e+04   1.2000000e-02
  -3.1455926e-02   8.9753630e-02   3.7962400e+04   1.2000000e-02
  -3.1460436e-02   4.9052050e-02   3.7962400e+04   1.2000000e-02
  -3.1265979e-02   4.7101558e-02   3.7959400e+04   1.2000000e-02
  -3.1077590e-02   1.2489552e-02   3.7956400e+04   1.2000000e-02
  -3.1083823e-02   2.5764330e-02   3.7959400e+04   1.2000000e-02
  -3.0915364e-02   3.6034718e-02   3.7962400e+04   1.2000000e-02
  -3.0923893e-02   2.6052286e-02   3.7962400e+04   1.2000000e-02
  -3.0767572e-02   4.1959271e-02   3.7962400e+04   1.2000000e-02
  -3.0771017e-02   6.0554067e-02   3.7965400e+04   1.2000000e-02
  -3.0590583e-02   2.7167613e-02   3.7968300e+04   1.2000000e-02
  -3.0408673e-02   1.8622177e-02   3.7974300e+04   1.2000000e-02
  -3.0404818e-02   2.3465108e-02   3.7974300e+04   1.2000000e-02
  -3.0238574e-02   5.3902774e-02   3.7974300e+04   1.2000000e-02
  -3.0237180e-02   6.7263790e-02   3.7977300e+04   1.2000000e-02
  -3.0059781e-02   5.4767547e-02   3.7977300e+04   1.2000000e-02
  -3.0063307e-02   6.0487142e-02   3.7977300e+04   1.2000000e-02
  -2.9890665e-02   3.4061424e-02   3.7974300e+04   1.2000000e-02
  -2.9719745e-02   3.4270481e-02   3.7977300e+04   1.2000000e-02
  -2.9715480e-02   1.4873579e-02   3.7974300e+04   1.2000000e-02
  -2.9533324e-02   3.4540148e-02   3.7974300e+04   1.2000000e-02
  -2.9529142e-02   1.8894304e-02   3.7974300e+04   1.2000000e-02
  -2.9365357e-02   3.3008347e-02   3.7974300e+04   1.2000000e-02
  -2.9368802e-02   2.8281466e-02   3.7971300e+04   1.2000000e-02
  -2.9180165e-02   3.8968494e-02   3.7971300e+04   1.2000000e-02
  -2.9201489e-02   3.6410430e-02   3.7971300e+04   1.2000000e-02
  -2.9020071e-02   3.7311452e-02   3.7974300e+04   1.2000000e-02
  -2.8846527e-02   4.5699585e-02   3.7974300e+04   1.2000000e-02
  -2.8839638e-02   4.4178281e-02   3.7974300e+04   1.2000000e-02
  -2.8671096e-02   4.1331277e-02   3.7974300e+04   1.2000000e-02
  -2.8670604e-02   2.2233073e-02   3.7977300e+04   1.2000000e-02
  -2.8494927e-02   4.5466087e-02   3.7977300e+04   1.2000000e-02
  -2.8494845e-02   5.2610456e-02   3.7974300e+04   1.2000000e-02
  -2.8331553e-02   3.7449976e-02   3.7971300e+04   1.2000000e-02
  -2.8154073e-02   4.9236831e-02   3.7968300e+04   1.2000000e-02
  -2.8152186e-02   4.3162848e-02   3.7968300e+04   1.2000000e-02
  -2.7995701e-02   7.6478847e-02   3.7971300e+04   1.2000000e-02
  -2.8003739e-02   5.2707808e-02   3.7974300e+04   1.2000000e-02
  -2.7815513e-02   3.4183955e-02   3.7974300e+04   1.2000000e-02
  -2.7821418e-02   2.8373161e-02   3.7977300e+04   1.2000000e-02
  -2.7648366e-02   5.8715033e-02   3.7980300e+04   1.2000000e-02
  -2.7458911e-02   7.9346683e-02   3.7977300e+04   1.2000000e-02
  -2.7462929e-02   7.4042950e-02   3.7974300e+04   1.2000000e-02
  -2.7299063e-02   4.7455128e-02   3.7968300e+04   1.2000000e-02
  -2.7293158e-02   4.3030885e-02   3.7968300e+04   1.2000000e-02
  -2.7125763e-02   4.6260573e-02   3.7968300e+04   1.2000000e-02
  -2.7121663e-02   5.0505447e-02   3.7971300e+04   1.2000000e-02
  -2.6938030e-02   9.4584540e-02   3.7974300e+04   1.2000000e-02
  -2.6768833e-02   6.0744342e-02   3.7977300e+04   1.2000000e-02
  -2.6781217e-02   6.3057425e-02   3.7977300e+04   1.2000000e-02
  -2.6608411e-02   4.2684779e-02   3.7980300e+04   1.2000000e-02
  -2.6615710e-02   2.1736796e-02   3.7980300e+04   1.2000000e-02
  -2.6435194e-02   4.0825896e-02   3.7977300e+04   1.2000000e-02
  -2.6419283e-02   5.6736165e-02   3.7977300e+04   1.2000000e-02
  -2.6249266e-02   9.1848600e-02   3.7977300e+04   1.2000000e-02
  -2.6072360e-02   7.6819787e-02   3.7977300e+04   1.2000000e-02
  -2.6078265e-02   5.0690310e-02   3.7980300e+04   1.2000000e-02
  -2.5908001e-02   4.2104110e-02   3.7980300e+04   1.2000000e-02
  -2.5911856e-02   5.8363187e-02   3.7977300e+04   1.2000000e-02
  -2.5736015e-02   3.5218335e-02   3.7977300e+04   1.2000000e-02
  -2.5730192e-02   7.7155229e-02   3.7977300e+04   1.2000000e-02
  -2.5550004e-02   4.2241650e-02   3.7977300e+04   1.2000000e-02
  -2.5377690e-02   6.3114180e-02   3.7980300e+04   1.2000000e-02
  -2.5382283e-02   8.8949545e-02   3.7977300e+04   1.2000000e-02
  -2.5205048e-02   4.7726763e-02   3.7977300e+04   1.2000000e-02
  -2.5213659e-02   4.2483595e-02   3.7974300e+04   1.2000000e-02
  -2.5034947e-02   3.8222069e-02   3.7974300e+04   1.2000000e-02
  -2.5041918e-02   3.6056862e-02   3.7977300e+04   1.2000000e-02
  -2.4864929e-02   4.9643547e-02   3.7977300e+04   1.2000000e-02
  -2.4691713e-02   6.2382847e-02   3.7977300e+04   1.2000000e-02
  -2.4682117e-02   6.0104623e-02   3.7977300e+04   1.2000000e-02
  -2.4511525e-02   7.7386103e-02   3.7974300e+04   1.2000000e-02
  -2.4517840e-02   7.1411195e-02   3.7971300e+04   1.2000000e-02
  -2.4342573e-02   4.3363129e-02   3.7971300e+04   1.2000000e-02
  -2.4344706e-02   3.3985970e-02   3.7974300e+04   1.2000000e-02
  -2.4164600e-02   5.4440302e-02   3.7974300e+04   1.2000000e-02
  -2.3985152e-02   4.7432082e-02   3.7974300e+04   1.2000000e-02
  -2.3987202e-02   8.8288010e-02   3.7974300e+04   1.2000000e-02
  -2.3824894e-02   9.1698539e-02   3.7977300e+04   1.2000000e-02
  -2.3808819e-02   5.5647656e-02   3.7974300e+04   1.2000000e-02
  -2.3629861e-02   4.0798831e-02   3.7974300e+04   1.2000000e-02
  -2.3633306e-02   5.6646358e-02   3.7977300e+04   1.2000000e-02
  -2.3459761e-02   6.9066454e-02   3.7977300e+04   1.2000000e-02
  -2.3278836e-02   3.2546764e-02   3.7977300e+04   1.2000000e-02
  -2.3296797e-02   4.9659376e-02   3.7974300e+04   1.2000000e-02
  -2.3122843e-02   7.3465190e-02   3.7974300e+04   1.2000000e-02
  -2.3125795e-02   5.0907404e-02   3.7971300e+04   1.2000000e-02
  -2.2948069e-02   1.2086364e-02   3.7974300e+04   1.2000000e-02
  -2.2950283e-02   1.4650660e-02   3.7974300e+04   1.2000000e-02
  -2.2765913e-02   6.9398944e-02   3.7971300e+04   1.2000000e-02
  -2.2596715e-02   6.4796234e-02   3.7971300e+04   1.2000000e-02
  -2.2605245e-02   1.8431409e-02   3.7974300e+04   1.2000000e-02
  -2.2431208e-02   3.2994486e-02   3.7977300e+04   1.2000000e-02
  -2.2422679e-02   3.8495672e-02   3.7977300e+04   1.2000000e-02
  -2.2233879e-02   6.6528485e-02   3.7980300e+04   1.2000000e-02
  -2.2248724e-02   5.0906830e-02   3.7980300e+04   1.2000000e-02
  -2.2079937e-02   5.8154130e-02   3.7977300e+04   1.2000000e-02
  -2.1900895e-02   8.0021330e-02   3.7977300e+04   1.2000000e-02
  -2.1905652e-02   5.9184737e-02   3.7974300e+04   1.2000000e-02
  -2.1734978e-02   5.3277077e-02   3.7974300e+04   1.2000000e-02
  -2.1734322e-02   5.0340350e-02   3.7977300e+04   1.2000000e-02
  -2.1549788e-02   1.0139976e-01   3.7977300e+04   1.2000000e-02
  -2.1560614e-02   2.8175667e-02   3.7977300e+04   1.2000000e-02
  -2.1377309e-02   3.1187684e-02   3.7974300e+04   1.2000000e-02
  -2.1205487e-02   9.6832780e-02   3.7971300e+04   1.2000000e-02
  -2.1228862e-02   6.8800888e-02   3.7974300e+04   1.2000000e-02
  -2.1048592e-02   4.2615558e-02   3.7974300e+04   1.2000000e-02
  -2.1059910e-02   3.3783064e-02   3.7977300e+04   1.2000000e-02
  -2.0888909e-02   4.3880482e-02   3.7977300e+04   1.2000000e-02
  -2.0883004e-02   5.1188881e-02   3.7974300e+04   1.2000000e-02
  -2.0714791e-02   3.7754910e-02   3.7971300e+04   1.2000000e-02
  -2.0535013e-02   5.7683362e-02   3.7971300e+04   1.2000000e-02
  -2.0533127e-02   5.8488999e-02   3.7968300e+04   1.2000000e-02
  -2.0366061e-02   5.7216693e-02   3.7965400e+04   1.2000000e-02
  -2.0358926e-02   3.8235273e-02   3.7965400e+04   1.2000000e-02
  -2.0179559e-02   4.5562373e-02   3.7962400e+04   1.2000000e-02
  -2.0178902e-02   3.9757728e-02   3.7962400e+04   1.2000000e-02
  -2.0008393e-02   4.3139392e-02   3.7956400e+04   1.2000000e-02
  -2.0006670e-02   1.6857861e-02   3.7953400e+04   1.2000000e-02
  -1.9822380e-02   4.2688469e-02   3.7956400e+04   1.2000000e-02
  -1.9657939e-02   1.1368357e-01   3.7953400e+04   1.2000000e-02
  -1.9656873e-02   5.2534428e-02   3.7953400e+04   1.2000000e-02
  -1.9486363e-02   2.9660640e-02   3.7953400e+04   1.2000000e-02
  -1.9482754e-02   6.1181978e-02   3.7956400e+04   1.2000000e-02
  -1.9312245e-02   7.0238617e-02   3.7959400e+04   1.2000000e-02
  -1.9312819e-02   5.5140963e-02   3.7959400e+04   1.2000000e-02
  -1.9138208e-02   1.0505533e-01   3.7959400e+04   1.2000000e-02
  -1.8962367e-02   4.4968826e-02   3.7956400e+04   1.2000000e-02
  -1.8967370e-02   5.6439268e-02   3.7956400e+04   1.2000000e-02
  -1.8795631e-02   1.9190462e-02   3.7956400e+04   1.2000000e-02
  -1.8790464e-02   6.3724374e-02   3.7956400e+04   1.2000000e-02
  -1.8606668e-02   4.7729059e-02   3.7956400e+04   1.2000000e-02
  -1.8612655e-02   1.1630720e-01   3.7959400e+04   1.2000000e-02
  -1.8427956e-02   3.1866444e-02   3.7962400e+04   1.2000000e-02
  -1.8257036e-02   5.6744941e-02   3.7962400e+04   1.2000000e-02
  -1.8259415e-02   5.1940963e-02   3.7965400e+04   1.2000000e-02
  -1.8094236e-02   3.3949145e-02   3.7965400e+04   1.2000000e-02
  -1.8091529e-02   2.8107430e-02   3.7965400e+04   1.2000000e-02
  -1.7918477e-02   4.9282431e-02   3.7962400e+04   1.2000000e-02
  -1.7921922e-02   1.3251950e-01   3.7962400e+04   1.2000000e-02
  -1.7734269e-02   5.7231210e-02   3.7962400e+04   1.2000000e-02
  -1.7579424e-02   1.3630552e-02   3.7962400e+04   1.2000000e-02
  -1.7570566e-02   5.0576308e-02   3.7962400e+04   1.2000000e-02
  -1.7381275e-02   1.5799856e-01   3.7965400e+04   1.2000000e-02
  -1.7401450e-02   8.3113081e-02   3.7965400e+04   1.2000000e-02
  -1.7210191e-02   5.8516474e-02   3.7965400e+04   1.2000000e-02
  -1.7218310e-02   6.5895078e-02   3.7965400e+04   1.2000000e-02
  -1.7043618e-02   9.8797430e-02   3.7962400e+04   1.2000000e-02
  -1.6875896e-02   5.9736946e-02   3.7959400e+04   1.2000000e-02
  -1.6883606e-02   1.1540561e-01   3.7956400e+04   1.2000000e-02
  -1.6698498e-02   5.2452085e-02   3.7956400e+04   1.2000000e-02
  -1.6702107e-02   5.9519605e-02   3.7959400e+04   1.2000000e-02
  -1.6528152e-02   3.1946081e-02   3.7959400e+04   1.2000000e-02
  -1.6531597e-02   8.6830010e-02   3.7962400e+04   1.2000000e-02
  -1.6350097e-02   4.7917120e-02   3.7962400e+04   1.2000000e-02
  -1.6178603e-02   5.4346313e-02   3.7962400e+04   1.2000000e-02
  -1.6168351e-02   6.4425771e-02   3.7965400e+04   1.2000000e-02
  -1.5991608e-02   1.3009668e-01   3.7965400e+04   1.2000000e-02
  -1.5997595e-02   6.8970168e-02   3.7968300e+04   1.2000000e-02
  -1.5812076e-02   5.6795052e-02   3.7971300e+04   1.2000000e-02
  -1.5826019e-02   4.4750174e-02   3.7971300e+04   1.2000000e-02
  -1.5663711e-02   1.2134301e-01   3.7968300e+04   1.2000000e-02
  -1.5487376e-02   5.8592174e-02   3.7968300e+04   1.2000000e-02
  -1.5493445e-02   5.4450144e-02   3.7968300e+04   1.2000000e-02
  -1.5309403e-02   7.4306667e-02   3.7968300e+04   1.2000000e-02
  -1.5316866e-02   8.0112791e-02   3.7968300e+04   1.2000000e-02
  -1.5128805e-02   1.0885103e-01   3.7965400e+04   1.2000000e-02
  -1.5135120e-02   1.3203756e-01   3.7962400e+04   1.2000000e-02
  -1.4964528e-02   5.5689566e-02   3.7959400e+04   1.2000000e-02
  -1.4793116e-02   3.9291389e-02   3.7962400e+04   1.2000000e-02
  -1.4797217e-02   8.6526750e-02   3.7965400e+04   1.2000000e-02
  -1.4603908e-02   8.5292068e-02   3.7965400e+04   1.2000000e-02
  -1.4610551e-02   5.2323975e-02   3.7965400e+04   1.2000000e-02
  -1.4435038e-02   6.2988204e-02   3.7962400e+04   1.2000000e-02
  -1.4427657e-02   5.0940620e-02   3.7962400e+04   1.2000000e-02
  -1.4262806e-02   6.3875692e-02   3.7965400e+04   1.2000000e-02
  -1.4087129e-02   4.6090270e-02   3.7968300e+04   1.2000000e-02
  -1.4093034e-02   4.9407179e-02   3.7968300e+04   1.2000000e-02
  -1.3918424e-02   6.4547154e-02   3.7965400e+04   1.2000000e-02
  -1.3916455e-02   5.0540468e-02   3.7968300e+04   1.2000000e-02
  -1.3745453e-02   3.2431940e-02   3.7965400e+04   1.2000000e-02
  -1.3731511e-02   4.5272941e-02   3.7965400e+04   1.2000000e-02
  -1.3566824e-02   1.0818795e-01   3.7965400e+04   1.2000000e-02
  -1.3397296e-02   5.8052267e-02   3.7968300e+04   1.2000000e-02
  -1.3392457e-02   4.6787931e-02   3.7971300e+04   1.2000000e-02
  -1.3217683e-02   6.9098768e-02   3.7974300e+04   1.2000000e-02
  -1.3211696e-02   1.1376225e-01   3.7974300e+04   1.2000000e-02
  -1.3035445e-02   8.6433394e-02   3.7977300e+04   1.2000000e-02
  -1.3039791e-02   5.5781177e-02   3.7980300e+04   1.2000000e-02
  -1.2862310e-02   5.6794642e-02   3.7983200e+04   1.2000000e-02
  -1.2695901e-02   5.3797876e-02   3.7983200e+04   1.2000000e-02
  -1.2694753e-02   8.8359609e-02   3.7980300e+04   1.2000000e-02
  -1.2528672e-02   1.0848138e-01   3.7980300e+04   1.2000000e-02
  -1.2524899e-02   7.9548687e-02   3.7980300e+04   1.2000000e-02
  -1.2355701e-02   4.8848980e-02   3.7977300e+04   1.2000000e-02
  -1.2355373e-02   1.0405454e-01   3.7974300e+04   1.2000000e-02
  -1.2178712e-02   5.7850181e-02   3.7974300e+04   1.2000000e-02
  -1.2001148e-02   1.0223906e-01   3.7977300e+04   1.2000000e-02
  -1.1989748e-02   9.9899020e-02   3.7977300e+04   1.2000000e-02
  -1.1817762e-02   5.7082352e-02   3.7977300e+04   1.2000000e-02
  -1.1817188e-02   4.3860716e-02   3.7980300e+04   1.2000000e-02
  -1.1639625e-02   1.1581460e-01   3.7980300e+04   1.2000000e-02
  -1.1645694e-02   1.1659899e-01   3.7980300e+04   1.2000000e-02
  -1.1466244e-02   7.1915753e-02   3.7980300e+04   1.2000000e-02
  -1.1305576e-02   5.1875761e-02   3.7983200e+04   1.2000000e-02
  -1.1300574e-02   3.9257106e-02   3.7983200e+04   1.2000000e-02
  -1.1138593e-02   3.9641102e-02   3.7983200e+04   1.2000000e-02
  -1.1125881e-02   1.0974197e-01   3.7980300e+04   1.2000000e-02
  -1.0962588e-02   8.0567200e-02   3.7980300e+04   1.2000000e-02
  -1.0955535e-02   5.7726092e-02   3.7980300e+04   1.2000000e-02
  -1.0781499e-02   4.6211200e-02   3.7977300e+04   1.2000000e-02
  -1.0789782e-02   4.1084575e-02   3.7977300e+04   1.2000000e-02
  -1.0619518e-02   1.2249786e-01   3.7977300e+04   1.2000000e-02
  -1.0443431e-02   9.0573779e-02   3.7980300e+04   1.2000000e-02
  -1.0447778e-02   1.0953706e-01   3.7983200e+04   1.2000000e-02
  -1.0270951e-02   6.7526203e-02   3.7983200e+04   1.2000000e-02
  -1.0271197e-02   4.2665915e-02   3.7980300e+04   1.2000000e-02
  -1.0088631e-02   3.3883779e-02   3.7977300e+04   1.2000000e-02
  -1.0088795e-02   6.0087317e-02   3.7974300e+04   1.2000000e-02
  -9.9162350e-03   1.0311442e-01   3.7974300e+04   1.2000000e-02
  -9.7493340e-03   7.4603238e-02   3.7974300e+04   1.2000000e-02
  -9.7542550e-03   8.9573310e-02   3.7977300e+04   1.2000000e-02
  -9.5788240e-03   5.5032211e-02   3.7977300e+04   1.2000000e-02
  -9.5796440e-03   7.8612399e-02   3.7977300e+04   1.2000000e-02
  -9.4004400e-03   6.3190208e-02   3.7977300e+04   1.2000000e-02
  -9.3988000e-03   9.3226977e-02   3.7974300e+04   1.2000000e-02
  -9.2210740e-03   8.5767770e-02   3.7968300e+04   1.2000000e-02
  -9.0347350e-03   8.5232115e-02   3.7965400e+04   1.2000000e-02
  -9.0367040e-03   1.4839658e-01   3.7962400e+04   1.2000000e-02
  -8.8552040e-03   7.8522264e-02   3.7956400e+04   1.2000000e-02
  -8.8769380e-03   1.0628313e-01   3.7959400e+04   1.2000000e-02
  -8.6961760e-03   1.1583919e-01   3.7965400e+04   1.2000000e-02
  -8.6980620e-03   9.3022310e-02   3.7968300e+04   1.2000000e-02
  -8.5373120e-03   9.6004514e-02   3.7974300e+04   1.2000000e-02
  -8.3569610e-03   1.0601101e-01   3.7974300e+04   1.2000000e-02
  -8.3527780e-03   1.4221574e-01   3.7971300e+04   1.2000000e-02
  -8.1914520e-03   9.0233110e-02   3.7968300e+04   1.2000000e-02
  -8.1790670e-03   3.2780590e-02   3.7968300e+04   1.2000000e-02
  -8.0142160e-03   2.7832761e-02   3.7971300e+04   1.2000000e-02
  -8.0220080e-03   4.0160998e-02   3.7971300e+04   1.2000000e-02
  -7.8333730e-03   7.9813681e-02   3.7974300e+04   1.2000000e-02
  -7.6600740e-03   6.4293070e-02   3.7974300e+04   1.2000000e-02
  -7.6689320e-03   5.3011265e-02   3.7974300e+04   1.2000000e-02
  -7.4725050e-03   6.4532555e-02   3.7974300e+04   1.2000000e-02
  -7.4701270e-03   4.6534750e-02   3.7977300e+04   1.2000000e-02
  -7.3044560e-03   1.1503678e-01   3.7977300e+04   1.2000000e-02
  -7.3079000e-03   1.1860544e-01   3.7980300e+04   1.2000000e-02
  -7.1220540e-03   8.2155141e-02   3.7977300e+04   1.2000000e-02
  -6.9575310e-03   6.2055852e-02   3.7974300e+04   1.2000000e-02
  -6.9538400e-03   5.8490393e-02   3.7974300e+04   1.2000000e-02
  -6.7812800e-03   6.8846500e-02   3.7977300e+04   1.2000000e-02
  -6.7834120e-03   5.3055143e-02   3.7977300e+04   1.2000000e-02
  -6.6150350e-03   5.9092880e-02   3.7977300e+04   1.2000000e-02
  -6.6077360e-03   9.4525520e-02   3.7974300e+04   1.2000000e-02
  -6.4401780e-03   6.3567643e-02   3.7977300e+04   1.2000000e-02
  -6.2650760e-03   9.9567890e-02   3.7977300e+04   1.2000000e-02
  -6.2687660e-03   1.0438895e-01   3.7980300e+04   1.2000000e-02
  -6.0843950e-03   6.7435986e-02   3.7980300e+04   1.2000000e-02
  -6.0981730e-03   9.0070830e-02   3.7980300e+04   1.2000000e-02
  -5.9307800e-03   1.1339178e-01   3.7977300e+04   1.2000000e-02
  -5.9288940e-03   1.2605509e-01   3.7977300e+04   1.2000000e-02
  -5.7639610e-03   6.7072000e-02   3.7980300e+04   1.2000000e-02
  -5.5916470e-03   6.0887625e-02   3.7980300e+04   1.2000000e-02
  -5.5873000e-03   1.0826827e-01   3.7977300e+04   1.2000000e-02
  -5.4248280e-03   1.1283279e-01   3.7974300e+04   1.2000000e-02
  -5.4217930e-03   1.4447792e-01   3.7974300e+04   1.2000000e-02
  -5.2409490e-03   9.2345300e-02   3.7974300e+04   1.2000000e-02
  -5.2443940e-03   4.0725838e-02   3.7974300e+04   1.2000000e-02
  -5.0656010e-03   4.4123987e-02   3.7971300e+04   1.2000000e-02
  -4.8768830e-03   5.5694651e-02   3.7971300e+04   1.2000000e-02
  -4.8864790e-03   6.8244907e-02   3.7974300e+04   1.2000000e-02
  -4.6960390e-03   9.0862145e-02   3.7977300e+04   1.2000000e-02
  -4.7100640e-03   7.4790479e-02   3.7977300e+04   1.2000000e-02
  -4.5347150e-03   5.6764871e-02   3.7977300e+04   1.2000000e-02
  -4.5329110e-03   4.0531215e-02   3.7977300e+04   1.2000000e-02
  -4.3633850e-03   4.1119267e-02   3.7974300e+04   1.2000000e-02
  -4.1902510e-03   5.0557117e-02   3.7974300e+04   1.2000000e-02
  -4.1896770e-03   8.7923400e-02   3.7974300e+04   1.2000000e-02
  -4.0163760e-03   1.3592916e-01   3.7977300e+04   1.2000000e-02
  -4.0196570e-03   1.4759252e-01   3.7977300e+04   1.2000000e-02
  -3.8411100e-03   8.1149138e-02   3.7977300e+04   1.2000000e-02
  -3.8379930e-03   7.6575053e-02   3.7977300e+04   1.2000000e-02
  -3.6698620e-03   8.8365268e-02   3.7977300e+04   1.2000000e-02
  -3.4765520e-03   9.1854340e-02   3.7977300e+04   1.2000000e-02
  -3.4805700e-03   1.3070239e-01   3.7974300e+04   1.2000000e-02
  -3.3053860e-03   1.3305062e-01   3.7977300e+04   1.2000000e-02
  -3.3057140e-03   7.6065080e-02   3.7977300e+04   1.2000000e-02
  -3.1335640e-03   8.4638649e-02   3.7980300e+04   1.2000000e-02
  -3.1265100e-03   9.5406048e-02   3.7977300e+04   1.2000000e-02
  -2.9664160e-03   4.3710464e-02   3.7974300e+04   1.2000000e-02
  -2.7899190e-03   6.7213889e-02   3.7974300e+04   1.2000000e-02
  -2.7953320e-03   7.1435800e-02   3.7974300e+04   1.2000000e-02
  -2.6198200e-03   1.0899938e-01   3.7974300e+04   1.2000000e-02
  -2.6225260e-03   1.4148545e-01   3.7977300e+04   1.2000000e-02
  -2.4442250e-03   1.1951605e-01   3.7974300e+04   1.2000000e-02
  -2.4440610e-03   6.9332512e-02   3.7974300e+04   1.2000000e-02
  -2.2870010e-03   1.3742501e-01   3.7968300e+04   1.2000000e-02
  -2.0969720e-03   6.9101721e-02   3.7965400e+04   1.2000000e-02
  -2.0914770e-03   1.3154988e-01   3.7968300e+04   1.2000000e-02
  -1.9162080e-03   1.3942490e-01   3.7968300e+04   1.2000000e-02
  -1.9154700e-03   1.4336896e-01   3.7968300e+04   1.2000000e-02
  -1.7501270e-03   1.1586050e-01   3.7968300e+04   1.2000000e-02
  -1.7511930e-03   1.1426468e-01   3.7971300e+04   1.2000000e-02
  -1.5814210e-03   1.3768565e-01   3.7974300e+04   1.2000000e-02
  -1.5779770e-03   1.3719797e-01   3.7974300e+04   1.2000000e-02
  -1.3958210e-03   1.3881100e-01   3.7974300e+04   1.2000000e-02
  -1.2103020e-03   1.3586851e-01   3.7977300e+04   1.2000000e-02
  -1.2213740e-03   1.1060996e-01   3.7977300e+04   1.2000000e-02
  -1.0434010e-03   1.6914635e-01   3.7980300e+04   1.2000000e-02
  -1.0491420e-03   1.6120249e-01   3.7977300e+04   1.2000000e-02
  -8.7485700e-04   1.6018533e-01   3.7977300e+04   1.2000000e-02
  -8.7403700e-04   1.2355437e-01   3.7974300e+04   1.2000000e-02
  -7.0131300e-04   1.7856310e-01   3.7974300e+04   1.2000000e-02
  -5.2071500e-04   1.9515159e-01   3.7974300e+04   1.2000000e-02
  -5.2243800e-04   1.9288204e-01   3.7974300e+04   1.2000000e-02
  -3.5504400e-04   1.1956523e-01   3.7977300e+04   1.2000000e-02
  -3.5807900e-04   1.3896919e-01   3.7980300e+04   1.2000000e-02
  -1.8642100e-04   1.7641893e-01   3.7980300e+04   1.2000000e-02
  -1.7830100e-04   1.7502883e-01   3.7980300e+04   1.2000000e-02
  -4.1830000e-06   2.0811160e-01   3.7977300e+04   1.2000000e-02
   1.6599900e-04   2.5347737e-01   3.7977300e+04   1.2000000e-02
   1.7305200e-04   2.2610579e-01   3.7977300e+04   1.2000000e-02
   3.2789700e-04   2.5691900e-01   3.7977300e+04   1.2000000e-02
   3.2617500e-04   2.8957719e-01   3.7977300e+04   1.2000000e-02
   4.9225600e-04   2.1642102e-01   3.7977300e+04   1.2000000e-02
   4.9832500e-04   2.0950989e-01   3.7974300e+04   1.2000000e-02
   6.7228000e-04   3.2690320e-01   3.7977300e+04   1.2000000e-02
   8.5484600e-04   2.9835136e-01   3.7977300e+04   1.2000000e-02
   8.4155900e-04   2.4163697e-01   3.7980300e+04   1.2000000e-02
   1.0215010e-03   2.6973966e-01   3.7980300e+04   1.2000000e-02
   1.0400360e-03   3.9451621e-01   3.7980300e+04   1.2000000e-02
   1.1967680e-03   3.6489883e-01   3.7980300e+04   1.2000000e-02
   1.2058710e-03   3.2444183e-01   3.7980300e+04   1.2000000e-02
   1.3804820e-03   3.8497240e-01   3.7980300e+04   1.2000000e-02
   1.5521400e-03   5.0013716e-01   3.7980300e+04   1.2000000e-02
   1.5509920e-03   4.9132612e-01   3.7977300e+04   1.2000000e-02
   1.7271610e-03   5.4798315e-01   3.7977300e+04   1.2000000e-02
   1.7251100e-03   6.3475667e-01   3.7977300e+04   1.2000000e-02
   1.8888950e-03   5.7924716e-01   3.7977300e+04   1.2000000e-02
   1.8989830e-03   1.0693646e+00   3.7980300e+04   1.2000000e-02
   2.0708050e-03   8.1571975e-01   3.7980300e+04   1.2000000e-02
   2.2414810e-03   7.5780708e-01   3.7980300e+04   1.2000000e-02
   2.2496820e-03   1.0294114e+00   3.7977300e+04   1.2000000e-02
   2.4233090e-03   1.2062903e+00   3.7974300e+04   1.2000000e-02
   2.4325770e-03   1.3276631e+00   3.7968300e+04   1.2000000e-02
   2.6034960e-03   1.5650325e+00   3.7968300e+04   1.2000000e-02
   2.5944750e-03   1.5281070e+00   3.7974300e+04   1.2000000e-02
   2.7790910e-03   1.6732814e+00   3.7974300e+04   1.2000000e-02
   2.9468950e-03   2.0797914e+00   3.7977300e+04   1.2000000e-02
   2.9403330e-03   1.8987337e+00   3.7977300e+04   1.2000000e-02
   3.1119910e-03   1.8996775e+00   3.7980300e+04   1.2000000e-02
   3.1124020e-03   1.8858970e+00   3.7980300e+04   1.2000000e-02
   3.2771700e-03   2.4398304e+00   3.7980300e+04   1.2000000e-02
   3.2784010e-03   2.0571715e+00   3.7977300e+04   1.2000000e-02
   3.4524370e-03   2.1304236e+00   3.7977300e+04   1.2000000e-02
   3.6368080e-03   2.8657102e+00   3.7977300e+04   1.2000000e-02
   3.6354130e-03   2.6967666e+00   3.7977300e+04   1.2000000e-02
   3.8152730e-03   2.8158823e+00   3.7974300e+04   1.2000000e-02
