  -7.1422341e-02  -5.7415226e-02   3.7935600e+04   1.2000000e-02
  -7.1421193e-02  -5.1894126e-02   3.7935600e+04   1.2000000e-02
  -7.1241334e-02  -4.0283887e-02   3.7932600e+04   1.2000000e-02
  -7.1237725e-02  -3.0065440e-02   3.7932600e+04   1.2000000e-02
  -7.1058605e-02  -7.0606947e-02   3.7932600e+04   1.2000000e-02
  -7.1062706e-02  -6.2752114e-02   3.7932600e+04   1.2000000e-02
  -7.0884405e-02  -7.4034768e-02   3.7932600e+04   1.2000000e-02
  -7.0710368e-02  -4.8307683e-02   3.7932600e+04   1.2000000e-02
  -7.0718406e-02  -5.5716527e-02   3.7932600e+04   1.2000000e-02
  -7.0545517e-02  -2.9985721e-02   3.7932600e+04   1.2000000e-02
  -7.0545189e-02  -3.2953608e-02   3.7935600e+04   1.2000000e-02
  -7.0374023e-02  -3.6520453e-02   3.7935600e+04   1.2000000e-02
  -7.0379026e-02  -7.4453782e-02   3.7935600e+04   1.2000000e-02
  -7.0201217e-02  -3.4312355e-02   3.7935600e+04   1.2000000e-02
  -7.0029070e-02  -3.8698696e-02   3.7935600e+04   1.2000000e-02
  -7.0020376e-02  -4.1093212e-02   3.7935600e+04   1.2000000e-02
  -6.9852245e-02  -5.9178470e-02   3.7938500e+04   1.2000000e-02
  -6.9844453e-02  -2.8990464e-02   3.7938500e+04   1.2000000e-02
  -6.9674354e-02  -2.3265959e-02   3.7938500e+04   1.2000000e-02
  -6.9676240e-02  -3.2671312e-02   3.7935600e+04   1.2000000e-02
  -6.9518033e-02  -4.7088448e-02   3.7935600e+04   1.2000000e-02
  -6.9336205e-02  -6.9360563e-02   3.7932600e+04   1.2000000e-02
  -6.9334154e-02  -4.8194994e-02   3.7935600e+04   1.2000000e-02
  -6.9151014e-02  -2.2898204e-02   3.7938500e+04   1.2000000e-02
  -6.9163234e-02  -1.1646022e-02   3.7938500e+04   1.2000000e-02
  -6.8996337e-02  -1.1397680e-02   3.7941500e+04   1.2000000e-02
  -6.8994041e-02  -3.5061071e-02   3.7938500e+04   1.2000000e-02
  -6.8820332e-02  -3.0179441e-02   3.7938500e+04   1.2000000e-02
  -6.8640391e-02  -3.5819304e-02   3.7935600e+04   1.2000000e-02
  -6.8643425e-02  -4.9165400e-02   3.7935600e+04   1.2000000e-02
  -6.8472505e-02  -2.8136193e-02   3.7938500e+04   1.2000000e-02
  -6.8467748e-02  -2.9202309e-02   3.7938500e+04   1.2000000e-02
  -6.8304784e-02  -1.2748719e-02   3.7938500e+04   1.2000000e-02
  -6.8310115e-02  -4.9266112e-02   3.7938500e+04   1.2000000e-02
  -6.8122218e-02  -4.1441941e-02   3.7938500e+04   1.2000000e-02
  -6.7951055e-02  -3.6381191e-02   3.7938500e+04   1.2000000e-02
  -6.7942935e-02   1.3689180e-03   3.7935600e+04   1.2000000e-02
  -6.7766028e-02  -2.7701102e-02   3.7938500e+04   1.2000000e-02
  -6.7783333e-02  -4.7414046e-02   3.7938500e+04   1.2000000e-02
  -6.7590515e-02  -2.2704975e-02   3.7941500e+04   1.2000000e-02
  -6.7609051e-02  -2.8117330e-02   3.7941500e+04   1.2000000e-02
  -6.7431980e-02  -2.1560450e-02   3.7935600e+04   1.2000000e-02
  -6.7258025e-02  -3.4006050e-03   3.7935600e+04   1.2000000e-02
  -6.7251710e-02  -3.6756820e-02   3.7935600e+04   1.2000000e-02
  -6.7067504e-02  -2.5945974e-02   3.7938500e+04   1.2000000e-02
  -6.7063567e-02  -4.8979799e-02   3.7941500e+04   1.2000000e-02
  -6.6899456e-02  -2.4199129e-02   3.7944500e+04   1.2000000e-02
  -6.6906838e-02  -3.1694262e-02   3.7944500e+04   1.2000000e-02
  -6.6727552e-02  -4.7169805e-02   3.7941500e+04   1.2000000e-02
  -6.6565900e-02  -1.8547535e-02   3.7941500e+04   1.2000000e-02
  -6.6555156e-02  -2.5084238e-02   3.7938500e+04   1.2000000e-02
  -6.6382924e-02  -1.0405210e-02   3.7938500e+04   1.2000000e-02
  -6.6363322e-02  -8.7828660e-03   3.7938500e+04   1.2000000e-02
  -6.6198143e-02  -4.4478610e-03   3.7938500e+04   1.2000000e-02
  -6.6198471e-02  -1.1432290e-02   3.7938500e+04   1.2000000e-02
  -6.6020662e-02  -3.0661116e-02   3.7938500e+04   1.2000000e-02
  -6.6037393e-02  -6.6718720e-03   3.7938500e+04   1.2000000e-02
  -6.5860571e-02  -3.0885264e-02   3.7938500e+04   1.2000000e-02
  -6.5689815e-02  -1.1498559e-02   3.7938500e+04   1.2000000e-02
  -6.5677677e-02   2.2061320e-03   3.7938500e+04   1.2000000e-02
  -6.5514056e-02  -3.2978400e-03   3.7938500e+04   1.2000000e-02
  -6.5516271e-02   8.0396410e-03   3.7938500e+04   1.2000000e-02
  -6.5335591e-02  -2.3758789e-02   3.7935600e+04   1.2000000e-02
  -6.5332474e-02  -2.0025042e-02   3.7935600e+04   1.2000000e-02
  -6.5167132e-02  -2.8518712e-02   3.7932600e+04   1.2000000e-02
  -6.4994325e-02  -3.4655505e-02   3.7929600e+04   1.2000000e-02
  -6.4997360e-02  -3.7795953e-02   3.7929600e+04   1.2000000e-02
  -6.4833823e-02  -1.4964200e-02   3.7926600e+04   1.2000000e-02
  -6.4827426e-02  -1.9423867e-02   3.7926600e+04   1.2000000e-02
  -6.4651667e-02  -3.2221539e-02   3.7926600e+04   1.2000000e-02
  -6.4651339e-02   2.1245270e-03   3.7923600e+04   1.2000000e-02
  -6.4476893e-02  -1.6085762e-02   3.7920700e+04   1.2000000e-02
  -6.4301790e-02  -3.4989390e-02   3.7920700e+04   1.2000000e-02
  -6.4284157e-02  -2.2172122e-02   3.7923600e+04   1.2000000e-02
  -6.4113237e-02  -8.6121920e-03   3.7923600e+04   1.2000000e-02
  -6.4112334e-02  -1.8981641e-02   3.7923600e+04   1.2000000e-02
  -6.3937888e-02  -2.5127543e-02   3.7920700e+04   1.2000000e-02
  -6.3934279e-02  -1.4632038e-02   3.7920700e+04   1.2000000e-02
  -6.3766150e-02  -3.0058140e-02   3.7926600e+04   1.2000000e-02
  -6.3602447e-02  -6.2031530e-03   3.7929600e+04   1.2000000e-02
  -6.3598428e-02   9.3636900e-04   3.7932600e+04   1.2000000e-02
  -6.3431035e-02  -6.3196980e-03   3.7932600e+04   1.2000000e-02
  -6.3417749e-02  -7.8472330e-03   3.7932600e+04   1.2000000e-02
  -6.3245845e-02  -2.3124237e-02   3.7932600e+04   1.2000000e-02
  -6.3242810e-02  -1.9260493e-02   3.7929600e+04   1.2000000e-02
  -6.3074022e-02  -2.4197816e-02   3.7926600e+04   1.2000000e-02
  -6.2890062e-02  -3.3749402e-02   3.7923600e+04   1.2000000e-02
  -6.2897936e-02  -1.4863239e-02   3.7920700e+04   1.2000000e-02
  -6.2737023e-02  -5.0860220e-03   3.7917700e+04   1.2000000e-02
  -6.2741862e-02  -2.0231638e-02   3.7914700e+04   1.2000000e-02
  -6.2556016e-02  -3.9241883e-02   3.7914700e+04   1.2000000e-02
  -6.2557902e-02  -1.6028105e-02   3.7917700e+04   1.2000000e-02
  -6.2387884e-02  -3.3107305e-02   3.7920700e+04   1.2000000e-02
  -6.2216472e-02  -1.5162759e-02   3.7923600e+04   1.2000000e-02
  -6.2208107e-02  -2.8270779e-02   3.7923600e+04   1.2000000e-02
  -6.2028165e-02  -2.0023401e-02   3.7926600e+04   1.2000000e-02
  -6.2035382e-02   5.1003730e-03   3.7926600e+04   1.2000000e-02
  -6.1866677e-02  -1.6618861e-02   3.7926600e+04   1.2000000e-02
  -6.1857573e-02  -2.6166430e-02   3.7926600e+04   1.2000000e-02
  -6.1667221e-02  -1.3297730e-02   3.7929600e+04   1.2000000e-02
  -6.1503600e-02  -1.0898220e-03   3.7929600e+04   1.2000000e-02
  -6.1509013e-02  -1.1702285e-02   3.7929600e+04   1.2000000e-02
  -6.1344490e-02   1.3855686e-02   3.7932600e+04   1.2000000e-02
  -6.1350067e-02  -2.7132161e-02   3.7932600e+04   1.2000000e-02
  -6.1167419e-02  -1.3649988e-02   3.7932600e+04   1.2000000e-02
  -6.1156593e-02  -1.8122613e-02   3.7932600e+04   1.2000000e-02
  -6.0989446e-02  -3.2368838e-02   3.7932600e+04   1.2000000e-02
  -6.0818526e-02  -2.0709378e-02   3.7932600e+04   1.2000000e-02
  -6.0815573e-02   4.4339160e-03   3.7926600e+04   1.2000000e-02
  -6.0640637e-02   6.7253460e-03   3.7923600e+04   1.2000000e-02
  -6.0642605e-02  -1.4508524e-02   3.7920700e+04   1.2000000e-02
  -6.0470373e-02  -8.8477400e-03   3.7917700e+04   1.2000000e-02
  -6.0481363e-02  -1.7549734e-02   3.7917700e+04   1.2000000e-02
  -6.0303636e-02  -2.2344354e-02   3.7920700e+04   1.2000000e-02
  -6.0134438e-02  -8.7070020e-03   3.7920700e+04   1.2000000e-02
  -6.0124842e-02  -1.0322457e-02   3.7923600e+04   1.2000000e-02
  -5.9958023e-02  -8.5181100e-04   3.7923600e+04   1.2000000e-02
  -5.9950642e-02  -3.7899320e-03   3.7926600e+04   1.2000000e-02
  -5.9772341e-02  -1.9908662e-02   3.7929600e+04   1.2000000e-02
  -5.9772423e-02  -2.3867050e-02   3.7932600e+04   1.2000000e-02
  -5.9603719e-02  -2.4798251e-02   3.7932600e+04   1.2000000e-02
  -5.9442477e-02  -3.0301562e-02   3.7935600e+04   1.2000000e-02
  -5.9434685e-02  -1.4046286e-02   3.7935600e+04   1.2000000e-02
  -5.9266144e-02  -8.7198700e-04   3.7938500e+04   1.2000000e-02
  -5.9269917e-02  -3.3811324e-02   3.7938500e+04   1.2000000e-02
  -5.9091615e-02  -2.0205147e-02   3.7938500e+04   1.2000000e-02
  -5.9088581e-02   2.1437190e-03   3.7938500e+04   1.2000000e-02
  -5.8916513e-02  -2.3508151e-02   3.7938500e+04   1.2000000e-02
  -5.8752810e-02  -1.9615701e-02   3.7938500e+04   1.2000000e-02
  -5.8744362e-02  -2.0844457e-02   3.7938500e+04   1.2000000e-02
  -5.8570820e-02  -1.8514811e-02   3.7941500e+04   1.2000000e-02
  -5.8578037e-02   3.8954020e-03   3.7941500e+04   1.2000000e-02
  -5.8397030e-02   1.4715190e-03   3.7941500e+04   1.2000000e-02
  -5.8391863e-02  -1.0073950e-02   3.7941500e+04   1.2000000e-02
  -5.8210691e-02  -9.0557310e-03   3.7941500e+04   1.2000000e-02
  -5.8025254e-02  -1.1135149e-02   3.7941500e+04   1.2000000e-02
  -5.8037228e-02  -1.8606668e-02   3.7938500e+04   1.2000000e-02
  -5.7880743e-02   4.0285900e-04   3.7938500e+04   1.2000000e-02
  -5.7870327e-02  -3.1622690e-03   3.7938500e+04   1.2000000e-02
  -5.7692190e-02   3.8693210e-03   3.7938500e+04   1.2000000e-02
  -5.7691452e-02  -1.4781798e-02   3.7938500e+04   1.2000000e-02
  -5.7512988e-02   1.4268387e-02   3.7938500e+04   1.2000000e-02
  -5.7341904e-02  -1.4328920e-03   3.7938500e+04   1.2000000e-02
  -5.7350598e-02  -1.7161392e-02   3.7941500e+04   1.2000000e-02
  -5.7173937e-02   1.5178430e-02   3.7944500e+04   1.2000000e-02
  -5.7168688e-02  -3.4560860e-02   3.7944500e+04   1.2000000e-02
  -5.6984072e-02  -4.4425300e-03   3.7944500e+04   1.2000000e-02
  -5.6985548e-02   1.6470320e-03   3.7944500e+04   1.2000000e-02
  -5.6807985e-02  -1.5610563e-02   3.7941500e+04   1.2000000e-02
  -5.6802736e-02   8.8347000e-03   3.7938500e+04   1.2000000e-02
  -5.6625747e-02  -1.8957446e-02   3.7938500e+04   1.2000000e-02
  -5.6459175e-02  -1.2067663e-02   3.7935600e+04   1.2000000e-02
  -5.6462620e-02  -3.1593980e-03   3.7932600e+04   1.2000000e-02
  -5.6286451e-02  -3.4744190e-03   3.7926600e+04   1.2000000e-02
  -5.6289076e-02  -2.2492966e-02   3.7926600e+04   1.2000000e-02
  -5.6107658e-02  -3.4726039e-02   3.7929600e+04   1.2000000e-02
  -5.6119222e-02  -2.2778133e-02   3.7932600e+04   1.2000000e-02
  -5.5943545e-02   6.2542470e-03   3.7935600e+04   1.2000000e-02
  -5.5776152e-02  -4.5343050e-03   3.7938500e+04   1.2000000e-02
  -5.5768360e-02  -6.0363300e-04   3.7938500e+04   1.2000000e-02
  -5.5596538e-02   3.5810370e-03   3.7941500e+04   1.2000000e-02
  -5.5590059e-02   2.9701050e-03   3.7941500e+04   1.2000000e-02
  -5.5417747e-02  -2.8713908e-02   3.7944500e+04   1.2000000e-02
  -5.5429065e-02  -8.8785780e-03   3.7941500e+04   1.2000000e-02
  -5.5239364e-02  -2.5460853e-02   3.7941500e+04   1.2000000e-02
  -5.5069182e-02  -9.9455960e-03   3.7944500e+04   1.2000000e-02
  -5.5064753e-02  -3.6755210e-03   3.7947500e+04   1.2000000e-02
  -5.4900558e-02  -1.9425098e-02   3.7947500e+04   1.2000000e-02
  -5.4907037e-02  -2.5191870e-03   3.7944500e+04   1.2000000e-02
  -5.4727834e-02  -8.5226310e-03   3.7941500e+04   1.2000000e-02
  -5.4728162e-02  -2.7654790e-03   3.7941500e+04   1.2000000e-02
  -5.4547236e-02  -1.4601611e-02   3.7938500e+04   1.2000000e-02
  -5.4374840e-02  -1.8694916e-02   3.7938500e+04   1.2000000e-02
  -5.4375332e-02  -1.9587816e-02   3.7938500e+04   1.2000000e-02
  -5.4207283e-02  -1.2381700e-02   3.7938500e+04   1.2000000e-02
  -5.4206298e-02   5.2516090e-03   3.7938500e+04   1.2000000e-02
  -5.4028735e-02  -2.6957140e-02   3.7941500e+04   1.2000000e-02
  -5.4029145e-02  -2.6641900e-03   3.7941500e+04   1.2000000e-02
  -5.3868969e-02  -1.5962657e-02   3.7944500e+04   1.2000000e-02
  -5.3689602e-02   3.4402170e-03   3.7944500e+04   1.2000000e-02
  -5.3681728e-02   9.1534110e-03   3.7944500e+04   1.2000000e-02
  -5.3505067e-02  -1.3811230e-02   3.7944500e+04   1.2000000e-02
  -5.3509414e-02   1.1430816e-02   3.7944500e+04   1.2000000e-02
  -5.3338988e-02  -2.8140212e-02   3.7947500e+04   1.2000000e-02
  -5.3345222e-02   1.1830710e-03   3.7947500e+04   1.2000000e-02
  -5.3169381e-02  -3.9585774e-02   3.7944500e+04   1.2000000e-02
  -5.3005842e-02  -1.4279209e-02   3.7941500e+04   1.2000000e-02
  -5.3002316e-02  -1.4512543e-02   3.7941500e+04   1.2000000e-02
  -5.2830986e-02  -1.3586918e-02   3.7944500e+04   1.2000000e-02
  -5.2834512e-02  -3.4928206e-02   3.7947500e+04   1.2000000e-02
  -5.2652602e-02   6.9080760e-03   3.7947500e+04   1.2000000e-02
  -5.2662444e-02   3.7410490e-03   3.7950500e+04   1.2000000e-02
  -5.2486275e-02   1.8832710e-02   3.7950500e+04   1.2000000e-02
  -5.2305433e-02   2.3633560e-03   3.7950500e+04   1.2000000e-02
  -5.2303711e-02   2.4362670e-03   3.7950500e+04   1.2000000e-02
  -5.2136810e-02  -1.4904903e-02   3.7947500e+04   1.2000000e-02
  -5.2141485e-02   7.9456400e-04   3.7947500e+04   1.2000000e-02
  -5.1967858e-02   1.4831587e-02   3.7947500e+04   1.2000000e-02
  -5.1964414e-02   9.2160600e-04   3.7947500e+04   1.2000000e-02
  -5.1791607e-02  -1.5301857e-02   3.7947500e+04   1.2000000e-02
  -5.1620851e-02  -1.6104379e-02   3.7947500e+04   1.2000000e-02
  -5.1620769e-02   1.4451100e-03   3.7947500e+04   1.2000000e-02
  -5.1431396e-02  -4.6588870e-03   3.7944500e+04   1.2000000e-02
  -5.1437383e-02  -7.4669280e-03   3.7941500e+04   1.2000000e-02
  -5.1253097e-02  -2.1732190e-02   3.7941500e+04   1.2000000e-02
  -5.1257033e-02  -3.0085451e-02   3.7941500e+04   1.2000000e-02
  -5.1078732e-02  -2.4822117e-02   3.7938500e+04   1.2000000e-02
  -5.0903137e-02  -1.9591999e-02   3.7935600e+04   1.2000000e-02
  -5.0900021e-02  -3.1308463e-02   3.7932600e+04   1.2000000e-02
  -5.0733940e-02   9.0942780e-03   3.7932600e+04   1.2000000e-02
  -5.0732873e-02  -9.9018000e-03   3.7929600e+04   1.2000000e-02
  -5.0559083e-02  -9.0468730e-03   3.7932600e+04   1.2000000e-02
  -5.0548257e-02  -1.0742623e-02   3.7932600e+04   1.2000000e-02
  -5.0385867e-02  -1.9214236e-02   3.7935600e+04   1.2000000e-02
  -5.0220525e-02  -4.4178873e-02   3.7935600e+04   1.2000000e-02
  -5.0225446e-02  -8.4362690e-03   3.7935600e+04   1.2000000e-02
  -5.0050671e-02   8.2082650e-03   3.7932600e+04   1.2000000e-02
  -5.0053788e-02  -6.8819100e-04   3.7932600e+04   1.2000000e-02
  -4.9874092e-02  -7.3237290e-03   3.7929600e+04   1.2000000e-02
  -4.9877865e-02  -1.4444552e-02   3.7929600e+04   1.2000000e-02
  -4.9697759e-02  -2.1965689e-02   3.7929600e+04   1.2000000e-02
  -4.9526101e-02  -1.1960141e-02   3.7929600e+04   1.2000000e-02
  -4.9519458e-02   1.3087610e-02   3.7932600e+04   1.2000000e-02
  -4.9354443e-02   2.4047730e-03   3.7932600e+04   1.2000000e-02
  -4.9348374e-02  -6.6546480e-03   3.7935600e+04   1.2000000e-02
  -4.9176226e-02  -6.6873730e-03   3.7938500e+04   1.2000000e-02
  -4.9180572e-02  -2.1774100e-02   3.7941500e+04   1.2000000e-02
  -4.8999811e-02   6.1098180e-03   3.7941500e+04   1.2000000e-02
  -4.8836108e-02   4.2757090e-03   3.7938500e+04   1.2000000e-02
  -4.8834386e-02  -2.4076460e-03   3.7938500e+04   1.2000000e-02
  -4.8654854e-02  -1.4312999e-02   3.7938500e+04   1.2000000e-02
  -4.8646407e-02  -3.0873618e-02   3.7938500e+04   1.2000000e-02
  -4.8479998e-02  -1.7688012e-02   3.7938500e+04   1.2000000e-02
  -4.8486805e-02   1.1325262e-02   3.7935600e+04   1.2000000e-02
  -4.8310144e-02   1.2577718e-02   3.7935600e+04   1.2000000e-02
  -4.8131926e-02   1.5186140e-02   3.7938500e+04   1.2000000e-02
  -4.8132665e-02   1.4153976e-02   3.7941500e+04   1.2000000e-02
  -4.7952887e-02  -6.3623460e-03   3.7941500e+04   1.2000000e-02
  -4.7954773e-02  -7.8362430e-03   3.7941500e+04   1.2000000e-02
  -4.7772043e-02  -1.8735600e-03   3.7938500e+04   1.2000000e-02
  -4.7766794e-02  -2.0295692e-02   3.7935600e+04   1.2000000e-02
  -4.7597433e-02  -2.1616302e-02   3.7935600e+04   1.2000000e-02
  -4.7605388e-02  -1.2254248e-02   3.7935600e+04   1.2000000e-02
  -4.7437339e-02  -1.6818896e-02   3.7935600e+04   1.2000000e-02
  -4.7272570e-02  -1.4907035e-02   3.7935600e+04   1.2000000e-02
  -4.7271094e-02  -7.8092600e-03   3.7932600e+04   1.2000000e-02
  -4.7092056e-02  -9.7068500e-03   3.7935600e+04   1.2000000e-02
  -4.7090416e-02   9.2748760e-03   3.7935600e+04   1.2000000e-02
  -4.6929748e-02   1.3220475e-02   3.7935600e+04   1.2000000e-02
  -4.6931388e-02  -2.7070731e-02   3.7938500e+04   1.2000000e-02
  -4.6758582e-02   1.0838501e-02   3.7941500e+04   1.2000000e-02
  -4.6580199e-02   7.4454400e-03   3.7941500e+04   1.2000000e-02
  -4.6572571e-02   1.2253430e-02   3.7938500e+04   1.2000000e-02
  -4.6390415e-02   1.5539872e-02   3.7938500e+04   1.2000000e-02
  -4.6398371e-02   3.4658498e-02   3.7938500e+04   1.2000000e-02
  -4.6231961e-02   1.1270804e-02   3.7938500e+04   1.2000000e-02
  -4.6233520e-02   2.0370009e-02   3.7941500e+04   1.2000000e-02
  -4.6059154e-02  -1.8356849e-02   3.7941500e+04   1.2000000e-02
  -4.5884051e-02  -6.7799680e-03   3.7938500e+04   1.2000000e-02
  -4.5876342e-02   2.4064887e-02   3.7938500e+04   1.2000000e-02
  -4.5703536e-02  -3.9694640e-03   3.7938500e+04   1.2000000e-02
  -4.5692464e-02  -3.0640970e-03   3.7938500e+04   1.2000000e-02
  -4.5511046e-02  -2.8535033e-02   3.7935600e+04   1.2000000e-02
  -4.5526793e-02  -2.3720816e-02   3.7935600e+04   1.2000000e-02
  -4.5352264e-02   1.0989737e-02   3.7938500e+04   1.2000000e-02
  -4.5174619e-02   1.6119886e-02   3.7941500e+04   1.2000000e-02
  -4.5179376e-02   1.4386407e-02   3.7941500e+04   1.2000000e-02
  -4.4999928e-02   7.4246080e-03   3.7941500e+04   1.2000000e-02
  -4.5007966e-02   1.4425610e-02   3.7938500e+04   1.2000000e-02
  -4.4846068e-02   3.1170000e-06   3.7935600e+04   1.2000000e-02
  -4.4830895e-02  -7.7701390e-03   3.7935600e+04   1.2000000e-02
  -4.4663993e-02  -1.3694604e-02   3.7935600e+04   1.2000000e-02
  -4.4482001e-02  -4.0126860e-03   3.7935600e+04   1.2000000e-02
  -4.4493320e-02  -3.8029730e-03   3.7935600e+04   1.2000000e-02
  -4.4309359e-02   3.3879730e-03   3.7932600e+04   1.2000000e-02
  -4.4316577e-02   5.7099930e-03   3.7932600e+04   1.2000000e-02
  -4.4138603e-02   1.2140823e-02   3.7932600e+04   1.2000000e-02
  -4.4140408e-02  -1.0630590e-02   3.7935600e+04   1.2000000e-02
  -4.3957761e-02  -2.3579450e-03   3.7938500e+04   1.2000000e-02
  -4.3793566e-02  -9.2440380e-03   3.7941500e+04   1.2000000e-02
  -4.3797749e-02  -1.1958993e-02   3.7941500e+04   1.2000000e-02
  -4.3612886e-02  -5.3965320e-03   3.7938500e+04   1.2000000e-02
  -4.3611902e-02  -8.4499660e-03   3.7938500e+04   1.2000000e-02
  -4.3443442e-02  -2.2676762e-02   3.7938500e+04   1.2000000e-02
  -4.3455171e-02   8.7423510e-03   3.7938500e+04   1.2000000e-02
  -4.3279248e-02   1.5888439e-02   3.7938500e+04   1.2000000e-02
  -4.3108902e-02   1.1572784e-02   3.7938500e+04   1.2000000e-02
  -4.3109312e-02   2.4113522e-02   3.7938500e+04   1.2000000e-02
  -4.2932077e-02   6.1871580e-03   3.7938500e+04   1.2000000e-02
  -4.2932897e-02  -1.5703078e-02   3.7938500e+04   1.2000000e-02
  -4.2764112e-02   1.9259355e-02   3.7938500e+04   1.2000000e-02
  -4.2756894e-02   1.2319616e-02   3.7935600e+04   1.2000000e-02
  -4.2584334e-02  -4.4818150e-03   3.7938500e+04   1.2000000e-02
  -4.2409313e-02  -6.2539220e-03   3.7941500e+04   1.2000000e-02
  -4.2412512e-02  -1.6059599e-02   3.7944500e+04   1.2000000e-02
  -4.2232898e-02   2.0033500e-02   3.7941500e+04   1.2000000e-02
  -4.2229618e-02   3.3413880e-03   3.7941500e+04   1.2000000e-02
  -4.2063373e-02   8.9961880e-03   3.7941500e+04   1.2000000e-02
  -4.2067473e-02   9.5228000e-04   3.7941500e+04   1.2000000e-02
  -4.1890648e-02   3.9405100e-03   3.7941500e+04   1.2000000e-02
  -4.1733014e-02  -1.8078653e-02   3.7941500e+04   1.2000000e-02
  -4.1712674e-02   4.4578650e-03   3.7938500e+04   1.2000000e-02
  -4.1541590e-02   1.3100323e-02   3.7938500e+04   1.2000000e-02
  -4.1535521e-02   2.6219188e-02   3.7938500e+04   1.2000000e-02
  -4.1365339e-02   4.3098384e-02   3.7938500e+04   1.2000000e-02
  -4.1371736e-02   1.2086856e-02   3.7941500e+04   1.2000000e-02
  -4.1201719e-02   2.2853273e-02   3.7938500e+04   1.2000000e-02
  -4.1019399e-02   3.4450505e-02   3.7938500e+04   1.2000000e-02
  -4.1028748e-02   4.9880120e-03   3.7938500e+04   1.2000000e-02
  -4.0853399e-02   1.4325962e-02   3.7941500e+04   1.2000000e-02
  -4.0838227e-02   1.1400224e-02   3.7947500e+04   1.2000000e-02
  -4.0663290e-02   1.5383386e-02   3.7947500e+04   1.2000000e-02
  -4.0673132e-02   2.8460753e-02   3.7947500e+04   1.2000000e-02
  -4.0498685e-02   9.6655160e-03   3.7947500e+04   1.2000000e-02
  -4.0322844e-02   2.0902781e-02   3.7950500e+04   1.2000000e-02
  -4.0310706e-02  -6.3808000e-05   3.7950500e+04   1.2000000e-02
  -4.0140114e-02   8.0892600e-03   3.7950500e+04   1.2000000e-02
  -4.0141426e-02  -4.6734850e-03   3.7947500e+04   1.2000000e-02
  -3.9955990e-02  -1.1391950e-03   3.7944500e+04   1.2000000e-02
  -3.9965996e-02   5.0059730e-03   3.7944500e+04   1.2000000e-02
  -3.9786464e-02   2.7202060e-02   3.7944500e+04   1.2000000e-02
  -3.9625223e-02   3.3583521e-02   3.7944500e+04   1.2000000e-02
  -3.9614561e-02   2.3557868e-02   3.7944500e+04   1.2000000e-02
  -3.9432651e-02   6.7926800e-03   3.7947500e+04   1.2000000e-02
  -3.9433389e-02   1.2809004e-02   3.7947500e+04   1.2000000e-02
  -3.9267390e-02   1.4888178e-02   3.7947500e+04   1.2000000e-02
  -3.9262551e-02   8.3672000e-04   3.7950500e+04   1.2000000e-02
  -3.9097454e-02   2.4092020e-03   3.7950500e+04   1.2000000e-02
  -3.8927437e-02   2.7170894e-02   3.7950500e+04   1.2000000e-02
  -3.8926452e-02  -9.9243540e-03   3.7950500e+04   1.2000000e-02
  -3.8755204e-02  -1.2478560e-02   3.7950500e+04   1.2000000e-02
  -3.8753072e-02  -1.4832155e-02   3.7950500e+04   1.2000000e-02
  -3.8571162e-02   2.3266057e-02   3.7950500e+04   1.2000000e-02
  -3.8578133e-02   2.2781920e-02   3.7950500e+04   1.2000000e-02
  -3.8415989e-02   3.5832500e-04   3.7953400e+04   1.2000000e-02
  -3.8419516e-02   4.3075310e-03   3.7950500e+04   1.2000000e-02
  -3.8239492e-02   3.2606850e-03   3.7950500e+04   1.2000000e-02
  -3.8062093e-02   1.5007018e-02   3.7947500e+04   1.2000000e-02
  -3.8047166e-02   4.3728150e-03   3.7950500e+04   1.2000000e-02
  -3.7885596e-02   1.0277104e-02   3.7950500e+04   1.2000000e-02
  -3.7898308e-02  -2.4015415e-02   3.7947500e+04   1.2000000e-02
  -3.7727224e-02   7.9681240e-03   3.7950500e+04   1.2000000e-02
  -3.7718695e-02   2.1605325e-02   3.7950500e+04   1.2000000e-02
  -3.7538508e-02   6.0754102e-02   3.7947500e+04   1.2000000e-02
  -3.7365866e-02   4.0932026e-02   3.7944500e+04   1.2000000e-02
  -3.7372755e-02   2.7067883e-02   3.7941500e+04   1.2000000e-02
  -3.7194044e-02   2.0340894e-02   3.7941500e+04   1.2000000e-02
  -3.7190353e-02   1.7040755e-02   3.7944500e+04   1.2000000e-02
  -3.7023616e-02   9.2346890e-03   3.7944500e+04   1.2000000e-02
  -3.7026979e-02   3.3197064e-02   3.7941500e+04   1.2000000e-02
  -3.6843838e-02   2.5297007e-02   3.7941500e+04   1.2000000e-02
  -3.6671770e-02   6.3310980e-03   3.7944500e+04   1.2000000e-02
  -3.6677429e-02   1.3652698e-02   3.7941500e+04   1.2000000e-02
  -3.6499949e-02   1.2967212e-02   3.7941500e+04   1.2000000e-02
  -3.6495438e-02   5.1076356e-02   3.7938500e+04   1.2000000e-02
  -3.6330177e-02   4.2959694e-02   3.7938500e+04   1.2000000e-02
  -3.6329275e-02   4.2048176e-02   3.7935600e+04   1.2000000e-02
  -3.6147693e-02   3.7688968e-02   3.7938500e+04   1.2000000e-02
  -3.5972180e-02   3.4796284e-02   3.7941500e+04   1.2000000e-02
  -3.5972180e-02   3.4193879e-02   3.7947500e+04   1.2000000e-02
  -3.5790106e-02   2.8391286e-02   3.7944500e+04   1.2000000e-02
  -3.5784693e-02   2.6107318e-02   3.7941500e+04   1.2000000e-02
  -3.5630915e-02   3.9880588e-02   3.7941500e+04   1.2000000e-02
  -3.5632309e-02   1.6921833e-02   3.7941500e+04   1.2000000e-02
  -3.5456877e-02   3.4456984e-02   3.7941500e+04   1.2000000e-02
  -3.5283497e-02   2.5004127e-02   3.7941500e+04   1.2000000e-02
  -3.5289812e-02   3.2114541e-02   3.7944500e+04   1.2000000e-02
  -3.5117088e-02   2.6634104e-02   3.7944500e+04   1.2000000e-02
  -3.5111101e-02   2.8435902e-02   3.7947500e+04   1.2000000e-02
  -3.4945840e-02   4.1731758e-02   3.7947500e+04   1.2000000e-02
  -3.4938458e-02   4.0861491e-02   3.7947500e+04   1.2000000e-02
  -3.4757861e-02   9.5732490e-03   3.7944500e+04   1.2000000e-02
  -3.4581446e-02   2.3523913e-02   3.7944500e+04   1.2000000e-02
  -3.4581856e-02   1.9953617e-02   3.7944500e+04   1.2000000e-02
  -3.4417417e-02   2.4663353e-02   3.7944500e+04   1.2000000e-02
  -3.4408805e-02   4.2328258e-02   3.7944500e+04   1.2000000e-02
  -3.4241494e-02   3.5343244e-02   3.7944500e+04   1.2000000e-02
  -3.4225583e-02   3.9858116e-02   3.7947500e+04   1.2000000e-02
  -3.4046134e-02   2.5303978e-02   3.7944500e+04   1.2000000e-02
  -3.3876198e-02   3.5643092e-02   3.7944500e+04   1.2000000e-02
  -3.3883169e-02   1.1769949e-02   3.7941500e+04   1.2000000e-02
  -3.3716678e-02   1.3151500e-02   3.7941500e+04   1.2000000e-02
  -3.3721025e-02   7.5169580e-03   3.7938500e+04   1.2000000e-02
  -3.3547562e-02   3.4656120e-02   3.7938500e+04   1.2000000e-02
  -3.3547890e-02   3.9217001e-02   3.7938500e+04   1.2000000e-02
  -3.3375331e-02   5.5352071e-02   3.7938500e+04   1.2000000e-02
  -3.3209414e-02   5.4004719e-02   3.7941500e+04   1.2000000e-02
  -3.3197112e-02   3.1048997e-02   3.7944500e+04   1.2000000e-02
  -3.3028242e-02   3.7120520e-02   3.7941500e+04   1.2000000e-02
  -3.3032917e-02  -5.4562400e-03   3.7944500e+04   1.2000000e-02
  -3.2858963e-02   2.7066816e-02   3.7947500e+04   1.2000000e-02
  -3.2856912e-02   3.4605680e-02   3.7950500e+04   1.2000000e-02
  -3.2683860e-02   6.2877564e-02   3.7950500e+04   1.2000000e-02
  -3.2515319e-02   2.3472736e-02   3.7950500e+04   1.2000000e-02
  -3.2505067e-02   4.9497110e-03   3.7950500e+04   1.2000000e-02
  -3.2328077e-02   2.7941841e-02   3.7950500e+04   1.2000000e-02
  -3.2335950e-02   1.4755969e-02   3.7947500e+04   1.2000000e-02
  -3.2162816e-02   2.3501113e-02   3.7947500e+04   1.2000000e-02
  -3.2173150e-02   2.3942274e-02   3.7947500e+04   1.2000000e-02
  -3.1985252e-02   2.2525130e-02   3.7941500e+04   1.2000000e-02
  -3.1811872e-02   1.5350334e-02   3.7938500e+04   1.2000000e-02
  -3.1814497e-02   1.9774575e-02   3.7932600e+04   1.2000000e-02
  -3.1636605e-02   5.4821841e-02   3.7926600e+04   1.2000000e-02
  -3.1634063e-02   8.3502330e-03   3.7926600e+04   1.2000000e-02
  -3.1464783e-02   4.3725391e-02   3.7932600e+04   1.2000000e-02
  -3.1465275e-02   3.2800848e-02   3.7935600e+04   1.2000000e-02
  -3.1292798e-02   4.3280540e-02   3.7935600e+04   1.2000000e-02
  -3.1115727e-02   3.9806035e-02   3.7938500e+04   1.2000000e-02
  -3.1117285e-02   4.3889832e-02   3.7938500e+04   1.2000000e-02
  -3.0945217e-02   4.3238958e-02   3.7935600e+04   1.2000000e-02
  -3.0943167e-02   5.5293594e-02   3.7932600e+04   1.2000000e-02
  -3.0767572e-02   2.9159605e-02   3.7932600e+04   1.2000000e-02
  -3.0766260e-02   1.1161313e-02   3.7929600e+04   1.2000000e-02
  -3.0590747e-02   2.0297344e-02   3.7932600e+04   1.2000000e-02
  -3.0411707e-02   3.0887000e-04   3.7935600e+04   1.2000000e-02
  -3.0431965e-02   7.2282280e-02   3.7938500e+04   1.2000000e-02
  -3.0235950e-02   2.9821062e-02   3.7941500e+04   1.2000000e-02
  -3.0242757e-02   3.6059405e-02   3.7944500e+04   1.2000000e-02
  -3.0065932e-02   2.8941937e-02   3.7947500e+04   1.2000000e-02
  -3.0068720e-02   5.7072428e-02   3.7947500e+04   1.2000000e-02
  -2.9886892e-02   4.5069623e-02   3.7947500e+04   1.2000000e-02
  -2.9720237e-02   5.7850099e-02   3.7947500e+04   1.2000000e-02
  -2.9716301e-02   5.4572597e-02   3.7947500e+04   1.2000000e-02
  -2.9538573e-02   3.0811234e-02   3.7947500e+04   1.2000000e-02
  -2.9543412e-02   3.8948729e-02   3.7947500e+04   1.2000000e-02
  -2.9368802e-02   3.6104677e-02   3.7947500e+04   1.2000000e-02
  -2.9373394e-02   3.5018791e-02   3.7947500e+04   1.2000000e-02
  -2.9191401e-02   7.7176800e-02   3.7947500e+04   1.2000000e-02
  -2.9191237e-02   6.3829682e-02   3.7944500e+04   1.2000000e-02
  -2.9021056e-02   3.8055906e-02   3.7941500e+04   1.2000000e-02
  -2.8845297e-02   3.0513929e-02   3.7941500e+04   1.2000000e-02
  -2.8846445e-02   1.4220654e-02   3.7944500e+04   1.2000000e-02
  -2.8673803e-02   2.7268987e-02   3.7947500e+04   1.2000000e-02
  -2.8672408e-02   7.2072075e-02   3.7947500e+04   1.2000000e-02
  -2.8491729e-02   6.3925229e-02   3.7947500e+04   1.2000000e-02
  -2.8493861e-02   3.2213779e-02   3.7941500e+04   1.2000000e-02
  -2.8322777e-02   3.8881640e-02   3.7938500e+04   1.2000000e-02
  -2.8149234e-02   7.0159554e-02   3.7935600e+04   1.2000000e-02
  -2.8145461e-02   1.2086282e-02   3.7935600e+04   1.2000000e-02
  -2.7991600e-02   2.3101617e-02   3.7935600e+04   1.2000000e-02
  -2.8005789e-02   5.5038034e-02   3.7935600e+04   1.2000000e-02
  -2.7824043e-02   5.7811880e-02   3.7935600e+04   1.2000000e-02
  -2.7820598e-02   3.2113884e-02   3.7935600e+04   1.2000000e-02
  -2.7628190e-02   2.7058615e-02   3.7935600e+04   1.2000000e-02
  -2.7454154e-02   2.4214073e-02   3.7935600e+04   1.2000000e-02
  -2.7453580e-02   4.6703702e-02   3.7935600e+04   1.2000000e-02
  -2.7281922e-02   3.4655463e-02   3.7935600e+04   1.2000000e-02
  -2.7290943e-02   3.6913431e-02   3.7935600e+04   1.2000000e-02
  -2.7109032e-02   3.6650735e-02   3.7938500e+04   1.2000000e-02
  -2.7110755e-02   3.3562197e-02   3.7941500e+04   1.2000000e-02
  -2.6930321e-02   6.0226661e-02   3.7941500e+04   1.2000000e-02
  -2.6762518e-02   3.5694929e-02   3.7941500e+04   1.2000000e-02
  -2.6764896e-02   1.8562879e-02   3.7938500e+04   1.2000000e-02
  -2.6594550e-02   7.1694640e-02   3.7938500e+04   1.2000000e-02
  -2.6596108e-02   3.4564342e-02   3.7941500e+04   1.2000000e-02
  -2.6410918e-02   5.8217938e-02   3.7941500e+04   1.2000000e-02
  -2.6403537e-02   4.5900276e-02   3.7941500e+04   1.2000000e-02
  -2.6233355e-02   7.4673197e-02   3.7938500e+04   1.2000000e-02
  -2.6062518e-02   6.2923494e-02   3.7941500e+04   1.2000000e-02
  -2.6053332e-02   4.5236526e-02   3.7941500e+04   1.2000000e-02
  -2.5889219e-02   5.9425206e-02   3.7941500e+04   1.2000000e-02
  -2.5884955e-02   5.3362291e-02   3.7941500e+04   1.2000000e-02
  -2.5715019e-02   8.2249048e-02   3.7941500e+04   1.2000000e-02
  -2.5711820e-02   7.2505937e-02   3.7941500e+04   1.2000000e-02
  -2.5536882e-02   4.2366149e-02   3.7941500e+04   1.2000000e-02
  -2.5364567e-02   2.8854180e-02   3.7938500e+04   1.2000000e-02
  -2.5372277e-02   6.2612572e-02   3.7938500e+04   1.2000000e-02
  -2.5194304e-02   4.4447701e-02   3.7938500e+04   1.2000000e-02
  -2.5206196e-02   6.2938667e-02   3.7935600e+04   1.2000000e-02
  -2.5017560e-02   9.2408219e-02   3.7932600e+04   1.2000000e-02
  -2.5026499e-02   8.0849618e-02   3.7935600e+04   1.2000000e-02
  -2.4848198e-02   4.1427153e-02   3.7938500e+04   1.2000000e-02
  -2.4657266e-02   6.5078451e-02   3.7938500e+04   1.2000000e-02
  -2.4656200e-02   1.1523758e-01   3.7938500e+04   1.2000000e-02
  -2.4493728e-02   6.9718066e-02   3.7938500e+04   1.2000000e-02
  -2.4493236e-02   7.5794921e-02   3.7935600e+04   1.2000000e-02
  -2.4325186e-02   3.7087140e-02   3.7935600e+04   1.2000000e-02
  -2.4330681e-02   4.7301349e-02   3.7932600e+04   1.2000000e-02
  -2.4142784e-02   4.3597119e-02   3.7932600e+04   1.2000000e-02
  -2.3976622e-02   5.0396285e-02   3.7935600e+04   1.2000000e-02
  -2.3976950e-02   1.0320786e-01   3.7938500e+04   1.2000000e-02
  -2.3814724e-02   2.2410964e-02   3.7941500e+04   1.2000000e-02
  -2.3811361e-02   4.1607996e-02   3.7944500e+04   1.2000000e-02
  -2.3633716e-02   2.8542030e-02   3.7941500e+04   1.2000000e-02
  -2.3624038e-02   5.2776127e-02   3.7941500e+04   1.2000000e-02
  -2.3451560e-02   4.4362979e-02   3.7938500e+04   1.2000000e-02
  -2.3263991e-02   4.1900955e-02   3.7938500e+04   1.2000000e-02
  -2.3278918e-02   2.0340812e-02   3.7938500e+04   1.2000000e-02
  -2.3112427e-02   9.5467280e-02   3.7941500e+04   1.2000000e-02
  -2.3113657e-02   7.0128307e-02   3.7941500e+04   1.2000000e-02
  -2.2934864e-02   5.2508757e-02   3.7941500e+04   1.2000000e-02
  -2.2943968e-02   3.7075986e-02   3.7941500e+04   1.2000000e-02
  -2.2753611e-02   9.8557280e-02   3.7938500e+04   1.2000000e-02
  -2.2597207e-02   5.5902395e-02   3.7938500e+04   1.2000000e-02
  -2.2595157e-02   6.1943409e-02   3.7938500e+04   1.2000000e-02
  -2.2430716e-02   5.2598482e-02   3.7935600e+04   1.2000000e-02
  -2.2431536e-02   5.3028898e-02   3.7935600e+04   1.2000000e-02
  -2.2258730e-02   6.8966641e-02   3.7932600e+04   1.2000000e-02
  -2.2251923e-02   6.2888390e-02   3.7935600e+04   1.2000000e-02
  -2.2079281e-02   5.3696013e-02   3.7938500e+04   1.2000000e-02
  -2.1903930e-02   3.6501959e-02   3.7941500e+04   1.2000000e-02
  -2.1907046e-02   5.4943798e-02   3.7941500e+04   1.2000000e-02
  -2.1729073e-02   8.9394630e-02   3.7944500e+04   1.2000000e-02
  -2.1738751e-02   4.7875867e-02   3.7941500e+04   1.2000000e-02
  -2.1558399e-02   2.6607367e-02   3.7938500e+04   1.2000000e-02
  -2.1552904e-02   5.5487232e-02   3.7935600e+04   1.2000000e-02
  -2.1379442e-02   6.8642271e-02   3.7935600e+04   1.2000000e-02
  -2.1219020e-02   6.2779391e-02   3.7938500e+04   1.2000000e-02
  -2.1204749e-02   4.0558772e-02   3.7941500e+04   1.2000000e-02
  -2.1053267e-02   4.6768166e-02   3.7941500e+04   1.2000000e-02
  -2.1035552e-02   3.7555119e-02   3.7941500e+04   1.2000000e-02
  -2.0862828e-02   3.4226521e-02   3.7941500e+04   1.2000000e-02
  -2.0858481e-02   4.3617213e-02   3.7941500e+04   1.2000000e-02
  -2.0680590e-02   7.1400460e-02   3.7941500e+04   1.2000000e-02
  -2.0505734e-02   4.2882518e-02   3.7941500e+04   1.2000000e-02
  -2.0513443e-02   7.5480580e-02   3.7941500e+04   1.2000000e-02
  -2.0336536e-02   9.1048155e-02   3.7941500e+04   1.2000000e-02
  -2.0343917e-02   8.1520749e-02   3.7941500e+04   1.2000000e-02
  -2.0161023e-02   6.1631996e-02   3.7941500e+04   1.2000000e-02
  -2.0168897e-02   6.1988764e-02   3.7941500e+04   1.2000000e-02
  -1.9992236e-02   4.2809852e-02   3.7941500e+04   1.2000000e-02
  -1.9987233e-02   4.8748922e-02   3.7941500e+04   1.2000000e-02
  -1.9821970e-02   7.8190266e-02   3.7941500e+04   1.2000000e-02
  -1.9665402e-02   5.9928208e-02   3.7941500e+04   1.2000000e-02
  -1.9659989e-02   9.9833652e-02   3.7941500e+04   1.2000000e-02
  -1.9488167e-02   7.8136136e-02   3.7944500e+04   1.2000000e-02
  -1.9485871e-02   4.2884240e-02   3.7944500e+04   1.2000000e-02
  -1.9311506e-02   6.0047704e-02   3.7947500e+04   1.2000000e-02
  -1.9298302e-02   6.8947450e-02   3.7950500e+04   1.2000000e-02
  -1.9139028e-02   5.1858702e-02   3.7947500e+04   1.2000000e-02
  -1.8967452e-02   8.8224200e-02   3.7947500e+04   1.2000000e-02
  -1.8956298e-02   4.2962237e-02   3.7947500e+04   1.2000000e-02
  -1.8791612e-02   3.1744077e-02   3.7950500e+04   1.2000000e-02
  -1.8782837e-02   5.7418697e-02   3.7953400e+04   1.2000000e-02
  -1.8608472e-02   1.2009307e-01   3.7953400e+04   1.2000000e-02
  -1.8605191e-02   6.9014374e-02   3.7950500e+04   1.2000000e-02
  -1.8434600e-02   6.8614878e-02   3.7947500e+04   1.2000000e-02
  -1.8259169e-02   6.8390648e-02   3.7947500e+04   1.2000000e-02
  -1.8269339e-02   2.8945135e-02   3.7950500e+04   1.2000000e-02
  -1.8080621e-02   1.5558325e-02   3.7950500e+04   1.2000000e-02
  -1.8080867e-02   9.4640270e-02   3.7953400e+04   1.2000000e-02
  -1.7897481e-02   4.4170981e-02   3.7956400e+04   1.2000000e-02
  -1.7902402e-02   6.1463044e-02   3.7956400e+04   1.2000000e-02
  -1.7725247e-02   3.9942017e-02   3.7959400e+04   1.2000000e-02
  -1.7546208e-02   3.1990369e-02   3.7956400e+04   1.2000000e-02
  -1.7559658e-02   6.2356520e-02   3.7956400e+04   1.2000000e-02
  -1.7378568e-02   6.3890455e-02   3.7953400e+04   1.2000000e-02
  -1.7372499e-02   3.3112342e-02   3.7953400e+04   1.2000000e-02
  -1.7199611e-02   3.8856625e-02   3.7953400e+04   1.2000000e-02
  -1.7209289e-02   6.3123530e-02   3.7953400e+04   1.2000000e-02
  -1.7045586e-02   9.0092140e-02   3.7953400e+04   1.2000000e-02
  -1.6875404e-02   7.9728959e-02   3.7953400e+04   1.2000000e-02
  -1.6867039e-02   6.5227883e-02   3.7953400e+04   1.2000000e-02
  -1.6684391e-02   4.6451586e-02   3.7953400e+04   1.2000000e-02
  -1.6674386e-02   9.0215080e-02   3.7953400e+04   1.2000000e-02
  -1.6512815e-02   6.2142296e-02   3.7956400e+04   1.2000000e-02
  -1.6504778e-02   3.9724922e-02   3.7956400e+04   1.2000000e-02
  -1.6330413e-02   9.0173280e-02   3.7953400e+04   1.2000000e-02
  -1.6159329e-02   4.9279233e-02   3.7950500e+04   1.2000000e-02
  -1.6166875e-02   3.9849422e-02   3.7947500e+04   1.2000000e-02
  -1.5984227e-02   3.6486541e-02   3.7944500e+04   1.2000000e-02
  -1.5983653e-02   4.6931540e-02   3.7941500e+04   1.2000000e-02
  -1.5804531e-02   9.9649850e-02   3.7941500e+04   1.2000000e-02
  -1.5804531e-02   4.0058561e-02   3.7944500e+04   1.2000000e-02
  -1.5623931e-02   3.8889842e-02   3.7944500e+04   1.2000000e-02
  -1.5472695e-02   3.5743072e-02   3.7947500e+04   1.2000000e-02
  -1.5489918e-02   1.1037390e-01   3.7947500e+04   1.2000000e-02
  -1.5307352e-02   7.6274219e-02   3.7947500e+04   1.2000000e-02
  -1.5305138e-02   7.8024267e-02   3.7950500e+04   1.2000000e-02
  -1.5125114e-02   8.3588606e-02   3.7950500e+04   1.2000000e-02
  -1.5121423e-02   6.5822412e-02   3.7950500e+04   1.2000000e-02
  -1.4954850e-02   3.5484966e-02   3.7950500e+04   1.2000000e-02
  -1.4789015e-02   9.3789490e-02   3.7950500e+04   1.2000000e-02
  -1.4775237e-02   8.5322906e-02   3.7950500e+04   1.2000000e-02
  -1.4615061e-02   6.2991485e-02   3.7953400e+04   1.2000000e-02
  -1.4607270e-02   1.0138746e-01   3.7956400e+04   1.2000000e-02
  -1.4436843e-02   6.9786467e-02   3.7956400e+04   1.2000000e-02
  -1.4434710e-02   9.4307490e-02   3.7956400e+04   1.2000000e-02
  -1.4256327e-02   5.6206960e-02   3.7956400e+04   1.2000000e-02
  -1.4081552e-02   6.7856643e-02   3.7956400e+04   1.2000000e-02
  -1.4079748e-02   4.5338389e-02   3.7953400e+04   1.2000000e-02
  -1.3902021e-02   4.6158054e-02   3.7953400e+04   1.2000000e-02
  -1.3910550e-02   8.1177010e-02   3.7953400e+04   1.2000000e-02
  -1.3739630e-02   9.9606410e-02   3.7950500e+04   1.2000000e-02
  -1.3727738e-02   8.8315649e-02   3.7947500e+04   1.2000000e-02
  -1.3550091e-02   6.2610522e-02   3.7950500e+04   1.2000000e-02
  -1.3383354e-02   5.2425756e-02   3.7950500e+04   1.2000000e-02
  -1.3389669e-02   4.3709562e-02   3.7950500e+04   1.2000000e-02
  -1.3205462e-02   7.4339145e-02   3.7950500e+04   1.2000000e-02
  -1.3220143e-02   7.6137920e-02   3.7950500e+04   1.2000000e-02
  -1.3036183e-02   6.4625642e-02   3.7950500e+04   1.2000000e-02
  -1.3038233e-02   5.1749703e-02   3.7950500e+04   1.2000000e-02
  -1.2863705e-02   4.0257284e-02   3.7950500e+04   1.2000000e-02
  -1.2699838e-02   5.9579969e-02   3.7950500e+04   1.2000000e-02
  -1.2694343e-02   6.2122531e-02   3.7950500e+04   1.2000000e-02
  -1.2522931e-02   7.1973164e-02   3.7950500e+04   1.2000000e-02
  -1.2516287e-02   4.6243022e-02   3.7950500e+04   1.2000000e-02
  -1.2341430e-02   1.0186039e-01   3.7950500e+04   1.2000000e-02
  -1.2341922e-02   6.5729899e-02   3.7950500e+04   1.2000000e-02
  -1.2165179e-02   6.3741679e-02   3.7950500e+04   1.2000000e-02
  -1.1991143e-02   7.2124200e-02   3.7947500e+04   1.2000000e-02
  -1.1999426e-02   1.2057009e-01   3.7947500e+04   1.2000000e-02
  -1.1809315e-02   6.8397783e-02   3.7950500e+04   1.2000000e-02
  -1.1810463e-02   3.8110282e-02   3.7950500e+04   1.2000000e-02
  -1.1640855e-02   1.1622442e-01   3.7950500e+04   1.2000000e-02
  -1.1644464e-02   5.1440670e-02   3.7950500e+04   1.2000000e-02
  -1.1466080e-02   1.1612360e-01   3.7947500e+04   1.2000000e-02
  -1.1307463e-02   7.0263635e-02   3.7947500e+04   1.2000000e-02
  -1.1295407e-02   3.8388478e-02   3.7947500e+04   1.2000000e-02
  -1.1127931e-02   4.5303123e-02   3.7941500e+04   1.2000000e-02
  -1.1127603e-02   8.9109400e-02   3.7938500e+04   1.2000000e-02
  -1.0951188e-02   1.1265083e-01   3.7938500e+04   1.2000000e-02
  -1.0948892e-02   7.0072126e-02   3.7944500e+04   1.2000000e-02
  -1.0776906e-02   5.1818842e-02   3.7947500e+04   1.2000000e-02
  -1.0768622e-02   1.0098912e-01   3.7947500e+04   1.2000000e-02
  -1.0603115e-02   7.6769675e-02   3.7947500e+04   1.2000000e-02
  -1.0430883e-02   4.2397840e-02   3.7947500e+04   1.2000000e-02
  -1.0431949e-02   4.8737276e-02   3.7950500e+04   1.2000000e-02
  -1.0247577e-02   5.6435823e-02   3.7950500e+04   1.2000000e-02
  -1.0263488e-02   1.1700716e-01   3.7950500e+04   1.2000000e-02
  -1.0094126e-02   1.4051337e-01   3.7947500e+04   1.2000000e-02
  -1.0087647e-02   5.4971191e-02   3.7947500e+04   1.2000000e-02
  -9.9210740e-03   6.6145309e-02   3.7944500e+04   1.2000000e-02
  -9.7462170e-03   6.9942340e-02   3.7941500e+04   1.2000000e-02
  -9.7407220e-03   1.3746517e-01   3.7944500e+04   1.2000000e-02
  -9.5646350e-03   8.6490477e-02   3.7947500e+04   1.2000000e-02
  -9.5588940e-03   9.0093250e-02   3.7950500e+04   1.2000000e-02
  -9.4077400e-03   8.7218937e-02   3.7950500e+04   1.2000000e-02
  -9.4024090e-03   5.5050828e-02   3.7953400e+04   1.2000000e-02
  -9.2348530e-03   9.9212990e-02   3.7953400e+04   1.2000000e-02
  -9.0482680e-03   7.8103904e-02   3.7956400e+04   1.2000000e-02
  -9.0398200e-03   8.4866180e-02   3.7956400e+04   1.2000000e-02
  -8.8683260e-03   9.3413280e-02   3.7953400e+04   1.2000000e-02
  -8.8648810e-03   1.0661344e-01   3.7953400e+04   1.2000000e-02
  -8.6918290e-03   7.4205542e-02   3.7953400e+04   1.2000000e-02
  -8.6958480e-03   7.0566845e-02   3.7953400e+04   1.2000000e-02
  -8.5278800e-03   6.3758738e-02   3.7950500e+04   1.2000000e-02
  -8.3398190e-03   1.1477531e-01   3.7950500e+04   1.2000000e-02
  -8.3379330e-03   9.8218780e-02   3.7950500e+04   1.2000000e-02
  -8.1642220e-03   2.1465489e-02   3.7953400e+04   1.2000000e-02
  -8.1661910e-03   4.7101394e-02   3.7953400e+04   1.2000000e-02
  -7.9906780e-03   7.3204707e-02   3.7953400e+04   1.2000000e-02
  -7.9964190e-03   7.3504803e-02   3.7953400e+04   1.2000000e-02
  -7.8125410e-03   5.0943409e-02   3.7950500e+04   1.2000000e-02
  -7.6470340e-03   5.0378159e-02   3.7950500e+04   1.2000000e-02
  -7.6403910e-03   9.7430290e-02   3.7953400e+04   1.2000000e-02
  -7.4792300e-03   3.1813380e-02   3.7953400e+04   1.2000000e-02
  -7.4730790e-03   5.5867129e-02   3.7956400e+04   1.2000000e-02
  -7.3167580e-03   8.1386326e-02   3.7956400e+04   1.2000000e-02
  -7.3160200e-03   7.7215675e-02   3.7956400e+04   1.2000000e-02
  -7.1431320e-03   5.6042560e-02   3.7953400e+04   1.2000000e-02
  -6.9764770e-03   6.1083888e-02   3.7953400e+04   1.2000000e-02
  -6.9549890e-03   5.6956868e-02   3.7953400e+04   1.2000000e-02
  -6.7906300e-03   5.8408378e-02   3.7953400e+04   1.2000000e-02
  -6.7772610e-03   6.7866977e-02   3.7950500e+04   1.2000000e-02
  -6.6039630e-03   6.1355112e-02   3.7950500e+04   1.2000000e-02
  -6.6008460e-03   6.5599412e-02   3.7950500e+04   1.2000000e-02
  -6.4341910e-03   9.8735140e-02   3.7950500e+04   1.2000000e-02
  -6.2480160e-03   7.9347995e-02   3.7950500e+04   1.2000000e-02
  -6.2621230e-03   3.0038485e-02   3.7950500e+04   1.2000000e-02
  -6.0843950e-03   2.6806664e-02   3.7950500e+04   1.2000000e-02
  -6.0745530e-03   7.8481240e-02   3.7953400e+04   1.2000000e-02
  -5.9048630e-03   1.2656162e-01   3.7953400e+04   1.2000000e-02
  -5.9118350e-03   1.2966883e-01   3.7953400e+04   1.2000000e-02
  -5.7446050e-03   4.8847012e-02   3.7953400e+04   1.2000000e-02
  -5.5631050e-03   7.5107550e-02   3.7950500e+04   1.2000000e-02
  -5.5581850e-03   1.4098876e-01   3.7950500e+04   1.2000000e-02
  -5.3845580e-03   1.2134956e-01   3.7950500e+04   1.2000000e-02
  -5.3930060e-03   6.5260197e-02   3.7950500e+04   1.2000000e-02
  -5.2174110e-03   1.1620803e-01   3.7950500e+04   1.2000000e-02
  -5.2134740e-03   1.2908198e-01   3.7950500e+04   1.2000000e-02
  -5.0278730e-03   8.4017040e-02   3.7953400e+04   1.2000000e-02
  -4.8622850e-03   9.3043620e-02   3.7953400e+04   1.2000000e-02
  -4.8594960e-03   4.5604201e-02   3.7953400e+04   1.2000000e-02
  -4.6811130e-03   9.9806400e-02   3.7956400e+04   1.2000000e-02
  -4.6955470e-03   7.7964478e-02   3.7953400e+04   1.2000000e-02
  -4.5147040e-03   9.6291010e-02   3.7953400e+04   1.2000000e-02
  -4.5202810e-03   7.3440011e-02   3.7953400e+04   1.2000000e-02
  -4.3520670e-03   7.5937792e-02   3.7953400e+04   1.2000000e-02
  -4.1708950e-03   4.1560018e-02   3.7953400e+04   1.2000000e-02
  -4.1713050e-03   6.6573183e-02   3.7953400e+04   1.2000000e-02
  -3.9933300e-03   4.8452518e-02   3.7956400e+04   1.2000000e-02
  -3.9930020e-03   8.9045470e-02   3.7956400e+04   1.2000000e-02
  -3.8169970e-03   6.5465891e-02   3.7953400e+04   1.2000000e-02
  -3.8294640e-03   8.2312364e-02   3.7950500e+04   1.2000000e-02
  -3.6537870e-03   6.3446998e-02   3.7947500e+04   1.2000000e-02
  -3.4803240e-03   1.3511855e-01   3.7950500e+04   1.2000000e-02
  -3.4832770e-03   9.1737950e-02   3.7953400e+04   1.2000000e-02
  -3.3112090e-03   1.2659932e-01   3.7953400e+04   1.2000000e-02
  -3.3187540e-03   6.5242892e-02   3.7956400e+04   1.2000000e-02
  -3.1406990e-03   4.8636725e-02   3.7953400e+04   1.2000000e-02
  -3.1391410e-03   8.3233807e-02   3.7953400e+04   1.2000000e-02
  -2.9713370e-03   7.1352144e-02   3.7953400e+04   1.2000000e-02
  -2.7827020e-03   6.6595819e-02   3.7953400e+04   1.2000000e-02
  -2.7754850e-03   1.2855496e-01   3.7953400e+04   1.2000000e-02
  -2.6054670e-03   1.0047931e-01   3.7953400e+04   1.2000000e-02
  -2.6021040e-03   1.1002638e-01   3.7950500e+04   1.2000000e-02
  -2.4319220e-03   9.5676280e-02   3.7950500e+04   1.2000000e-02
  -2.4366790e-03   1.2975407e-01   3.7950500e+04   1.2000000e-02
  -2.2696960e-03   1.3294653e-01   3.7950500e+04   1.2000000e-02
  -2.1032050e-03   1.0046292e-01   3.7947500e+04   1.2000000e-02
  -2.0875400e-03   8.3436385e-02   3.7947500e+04   1.2000000e-02
  -1.9169460e-03   7.8859840e-02   3.7947500e+04   1.2000000e-02
  -1.9152240e-03   9.9151510e-02   3.7944500e+04   1.2000000e-02
  -1.7417610e-03   1.3614555e-01   3.7941500e+04   1.2000000e-02
  -1.7455340e-03   1.3981669e-01   3.7941500e+04   1.2000000e-02
  -1.5682990e-03   1.0705604e-01   3.7941500e+04   1.2000000e-02
  -1.5809290e-03   1.3761926e-01   3.7944500e+04   1.2000000e-02
  -1.3917200e-03   1.4636143e-01   3.7944500e+04   1.2000000e-02
  -1.2103840e-03   1.1305819e-01   3.7944500e+04   1.2000000e-02
  -1.2171090e-03   1.4236655e-01   3.7944500e+04   1.2000000e-02
  -1.0444670e-03   1.4125104e-01   3.7944500e+04   1.2000000e-02
  -1.0510280e-03   1.2737141e-01   3.7947500e+04   1.2000000e-02
  -8.7797400e-04   1.4619996e-01   3.7944500e+04   1.2000000e-02
  -8.7051100e-04   1.2312570e-01   3.7941500e+04   1.2000000e-02
  -7.0344500e-04   1.6543096e-01   3.7941500e+04   1.2000000e-02
  -5.2325800e-04   1.7551078e-01   3.7941500e+04   1.2000000e-02
  -5.1653300e-04   1.7991549e-01   3.7944500e+04   1.2000000e-02
  -3.5447000e-04   1.4242885e-01   3.7947500e+04   1.2000000e-02
  -3.5455200e-04   1.2248311e-01   3.7947500e+04   1.2000000e-02
  -1.7986000e-04   2.0108082e-01   3.7947500e+04   1.2000000e-02
  -1.6690100e-04   1.7406577e-01   3.7947500e+04   1.2000000e-02
   1.2300000e-06   1.6517688e-01   3.7947500e+04   1.2000000e-02
   1.7141200e-04   1.5805593e-01   3.7950500e+04   1.2000000e-02
   1.6542500e-04   2.1548992e-01   3.7953400e+04   1.2000000e-02
   3.4938500e-04   2.3480125e-01   3.7956400e+04   1.2000000e-02
   3.3995400e-04   2.4605560e-01   3.7956400e+04   1.2000000e-02
   5.0783900e-04   2.5451912e-01   3.7956400e+04   1.2000000e-02
   5.0636300e-04   2.2391164e-01   3.7953400e+04   1.2000000e-02
   6.8351600e-04   2.0632973e-01   3.7950500e+04   1.2000000e-02
   8.5714200e-04   3.1047369e-01   3.7953400e+04   1.2000000e-02
   8.6165300e-04   2.2498372e-01   3.7953400e+04   1.2000000e-02
   1.0420050e-03   3.5359119e-01   3.7953400e+04   1.2000000e-02
   1.0416770e-03   2.9184756e-01   3.7953400e+04   1.2000000e-02
   1.2056250e-03   4.2648264e-01   3.7956400e+04   1.2000000e-02
   1.2027550e-03   3.1647585e-01   3.7956400e+04   1.2000000e-02
   1.4017240e-03   4.9787252e-01   3.7956400e+04   1.2000000e-02
   1.5646060e-03   3.6257109e-01   3.7956400e+04   1.2000000e-02
   1.5661650e-03   5.0257720e-01   3.7956400e+04   1.2000000e-02
   1.7316720e-03   4.7203284e-01   3.7956400e+04   1.2000000e-02
   1.7251100e-03   5.1653798e-01   3.7956400e+04   1.2000000e-02
   1.8979990e-03   6.9573559e-01   3.7956400e+04   1.2000000e-02
   1.8969320e-03   1.0447697e+00   3.7956400e+04   1.2000000e-02
   2.0741680e-03   8.1644430e-01   3.7956400e+04   1.2000000e-02
   2.2537010e-03   1.1073575e+00   3.7956400e+04   1.2000000e-02
   2.2469760e-03   9.7899269e-01   3.7959400e+04   1.2000000e-02
   2.4196180e-03   1.0761558e+00   3.7962400e+04   1.2000000e-02
   2.4274100e-03   1.1200691e+00   3.7962400e+04   1.2000000e-02
   2.5896360e-03   1.0443972e+00   3.7959400e+04   1.2000000e-02
   2.5836490e-03   1.0241082e+00   3.7956400e+04   1.2000000e-02
   2.7617040e-03   1.0259221e+00   3.7956400e+04   1.2000000e-02
   2.9307380e-03   1.2617487e+00   3.7953400e+04   1.2000000e-02
   2.9354940e-03   1.0550999e+00   3.7953400e+04   1.2000000e-02
   3.1122380e-03   1.5283122e+00   3.7953400e+04   1.2000000e-02
   3.1119090e-03   1.4678802e+00   3.7956400e+04   1.2000000e-02
   3.2839780e-03   1.7737988e+00   3.7956400e+04   1.2000000e-02
   3.2820090e-03   2.0471666e+00   3.7956400e+04   1.2000000e-02
   3.4781900e-03   2.3786516e+00   3.7959400e+04   1.2000000e-02
   3.6558350e-03   2.1695569e+00   3.7956400e+04   1.2000000e-02
   3.6459110e-03   2.0980614e+00   3.7956400e+04   1.2000000e-02
   3.8191280e-03   2.3528636e+00   3.7953400e+04   1.2000000e-02
