  -7.1385270e-02  -3.5348535e-02   3.7962400e+04   1.2000000e-02
  -7.1392324e-02  -4.5309288e-02   3.7962400e+04   1.2000000e-02
  -7.1214024e-02  -2.7280609e-02   3.7965400e+04   1.2000000e-02
  -7.1199918e-02  -5.0741813e-02   3.7965400e+04   1.2000000e-02
  -7.1039742e-02  -4.5039376e-02   3.7965400e+04   1.2000000e-02
  -7.1034657e-02  -5.8088406e-02   3.7962400e+04   1.2000000e-02
  -7.0870626e-02  -6.6823346e-02   3.7962400e+04   1.2000000e-02
  -7.0691177e-02  -5.8801117e-02   3.7956400e+04   1.2000000e-02
  -7.0695934e-02  -3.1469130e-02   3.7953400e+04   1.2000000e-02
  -7.0532313e-02  -3.4624258e-02   3.7953400e+04   1.2000000e-02
  -7.0530673e-02  -7.8815424e-02   3.7956400e+04   1.2000000e-02
  -7.0349747e-02  -4.7655910e-02   3.7956400e+04   1.2000000e-02
  -7.0345236e-02  -2.8981114e-02   3.7956400e+04   1.2000000e-02
  -7.0171613e-02  -2.0039230e-02   3.7956400e+04   1.2000000e-02
  -6.9993885e-02  -2.3966944e-02   3.7956400e+04   1.2000000e-02
  -6.9996592e-02  -3.2747258e-02   3.7956400e+04   1.2000000e-02
  -6.9819521e-02  -5.4731115e-02   3.7956400e+04   1.2000000e-02
  -6.9828132e-02  -2.8914600e-02   3.7959400e+04   1.2000000e-02
  -6.9654014e-02  -3.2972964e-02   3.7962400e+04   1.2000000e-02
  -6.9654588e-02  -5.5463675e-02   3.7962400e+04   1.2000000e-02
  -6.9478747e-02  -3.4730057e-02   3.7962400e+04   1.2000000e-02
  -6.9296837e-02  -3.3730539e-02   3.7962400e+04   1.2000000e-02
  -6.9308975e-02  -2.1862430e-02   3.7959400e+04   1.2000000e-02
  -6.9131744e-02  -1.6826359e-02   3.7956400e+04   1.2000000e-02
  -6.9139782e-02  -7.6407190e-03   3.7956400e+04   1.2000000e-02
  -6.8959512e-02  -1.6092077e-02   3.7956400e+04   1.2000000e-02
  -6.8964843e-02  -4.9095769e-02   3.7953400e+04   1.2000000e-02
  -6.8780883e-02  -4.3097994e-02   3.7956400e+04   1.2000000e-02
  -6.8618410e-02  -6.5158684e-02   3.7956400e+04   1.2000000e-02
  -6.8612095e-02  -5.9387035e-02   3.7956400e+04   1.2000000e-02
  -6.8433794e-02  -5.3179305e-02   3.7956400e+04   1.2000000e-02
  -6.8432482e-02  -1.7218966e-02   3.7956400e+04   1.2000000e-02
  -6.8268533e-02  -2.4226112e-02   3.7953400e+04   1.2000000e-02
  -6.8267795e-02  -2.0264854e-02   3.7953400e+04   1.2000000e-02
  -6.8097613e-02  -3.7032802e-02   3.7953400e+04   1.2000000e-02
  -6.7911523e-02  -3.2931054e-02   3.7953400e+04   1.2000000e-02
  -6.7908571e-02  -3.1410407e-02   3.7956400e+04   1.2000000e-02
  -6.7738389e-02  -2.6425845e-02   3.7956400e+04   1.2000000e-02
  -6.7739865e-02  -2.4703359e-02   3.7956400e+04   1.2000000e-02
  -6.7558857e-02  -2.7402566e-02   3.7953400e+04   1.2000000e-02
  -6.7560826e-02  -1.8849022e-02   3.7953400e+04   1.2000000e-02
  -6.7387855e-02  -1.1382589e-02   3.7953400e+04   1.2000000e-02
  -6.7196104e-02  -1.6086992e-02   3.7956400e+04   1.2000000e-02
  -6.7197006e-02  -3.9950987e-02   3.7956400e+04   1.2000000e-02
  -6.7035274e-02  -3.9634655e-02   3.7956400e+04   1.2000000e-02
  -6.7034535e-02  -4.0890963e-02   3.7953400e+04   1.2000000e-02
  -6.6857464e-02  -2.7992010e-02   3.7953400e+04   1.2000000e-02
  -6.6861729e-02  -2.3545960e-02   3.7953400e+04   1.2000000e-02
  -6.6692942e-02  -2.0168410e-03   3.7953400e+04   1.2000000e-02
  -6.6529485e-02  -3.6383979e-02   3.7959400e+04   1.2000000e-02
  -6.6524236e-02  -4.4650625e-02   3.7962400e+04   1.2000000e-02
  -6.6350610e-02  -9.9342780e-03   3.7962400e+04   1.2000000e-02
  -6.6359057e-02  -1.9559603e-02   3.7962400e+04   1.2000000e-02
  -6.6184119e-02  -1.1785776e-02   3.7962400e+04   1.2000000e-02
  -6.6166977e-02  -2.7450463e-02   3.7962400e+04   1.2000000e-02
  -6.5989417e-02  -4.8442352e-02   3.7962400e+04   1.2000000e-02
  -6.6002701e-02  -5.3997816e-02   3.7959400e+04   1.2000000e-02
  -6.5834408e-02  -3.6912731e-02   3.7959400e+04   1.2000000e-02
  -6.5662586e-02  -2.0443648e-02   3.7959400e+04   1.2000000e-02
  -6.5654385e-02  -1.4650655e-02   3.7962400e+04   1.2000000e-02
  -6.5482070e-02  -2.4203886e-02   3.7965400e+04   1.2000000e-02
  -6.5490272e-02   1.8790530e-03   3.7968300e+04   1.2000000e-02
  -6.5324765e-02   6.0123010e-03   3.7965400e+04   1.2000000e-02
  -6.5317630e-02   3.5128820e-03   3.7965400e+04   1.2000000e-02
  -6.5149252e-02  -4.1493250e-03   3.7965400e+04   1.2000000e-02
  -6.4974724e-02  -2.3990319e-02   3.7965400e+04   1.2000000e-02
  -6.4968736e-02  -3.3864962e-02   3.7965400e+04   1.2000000e-02
  -6.4804216e-02  -1.4779338e-02   3.7965400e+04   1.2000000e-02
  -6.4806184e-02  -2.6566501e-02   3.7965400e+04   1.2000000e-02
  -6.4630343e-02  -3.9605949e-02   3.7965400e+04   1.2000000e-02
  -6.4625258e-02  -3.4584726e-02   3.7965400e+04   1.2000000e-02
  -6.4452534e-02  -3.1723378e-02   3.7962400e+04   1.2000000e-02
  -6.4271034e-02  -4.5367437e-02   3.7962400e+04   1.2000000e-02
  -6.4254221e-02  -4.0359095e-02   3.7962400e+04   1.2000000e-02
  -6.4095111e-02  -2.4112500e-04   3.7962400e+04   1.2000000e-02
  -6.4082563e-02   7.9284280e-03   3.7962400e+04   1.2000000e-02
  -6.3912709e-02  -2.2161296e-02   3.7962400e+04   1.2000000e-02
  -6.3917384e-02   1.1008437e-02   3.7962400e+04   1.2000000e-02
  -6.3744580e-02  -2.7331295e-02   3.7965400e+04   1.2000000e-02
  -6.3571773e-02  -3.6144167e-02   3.7965400e+04   1.2000000e-02
  -6.3577268e-02  -3.6216750e-02   3.7962400e+04   1.2000000e-02
  -6.3410695e-02  -3.2165686e-02   3.7962400e+04   1.2000000e-02
  -6.3413894e-02   1.8167402e-02   3.7959400e+04   1.2000000e-02
  -6.3228539e-02  -5.7885582e-02   3.7959400e+04   1.2000000e-02
  -6.3218041e-02  -2.4318297e-02   3.7959400e+04   1.2000000e-02
  -6.3058275e-02  -4.0189569e-02   3.7959400e+04   1.2000000e-02
  -6.2875545e-02  -1.1359625e-02   3.7959400e+04   1.2000000e-02
  -6.2882271e-02  -3.2210795e-02   3.7959400e+04   1.2000000e-02
  -6.2717668e-02  -4.2533074e-02   3.7959400e+04   1.2000000e-02
  -6.2713649e-02  -4.8919600e-02   3.7956400e+04   1.2000000e-02
  -6.2541909e-02  -2.9942171e-02   3.7956400e+04   1.2000000e-02
  -6.2535102e-02   2.2869170e-03   3.7956400e+04   1.2000000e-02
  -6.2359671e-02  -2.9202966e-02   3.7956400e+04   1.2000000e-02
  -6.2190637e-02  -1.8041254e-02   3.7956400e+04   1.2000000e-02
  -6.2192196e-02   8.8646350e-03   3.7956400e+04   1.2000000e-02
  -6.2014140e-02  -1.6988831e-02   3.7956400e+04   1.2000000e-02
  -6.2013648e-02  -2.7750721e-02   3.7956400e+04   1.2000000e-02
  -6.1836003e-02  -2.2715883e-02   3.7959400e+04   1.2000000e-02
  -6.1831574e-02  -1.2265156e-02   3.7962400e+04   1.2000000e-02
  -6.1649341e-02  -1.2678350e-02   3.7962400e+04   1.2000000e-02
  -6.1471204e-02   6.4939700e-04   3.7962400e+04   1.2000000e-02
  -6.1463823e-02  -3.9905420e-03   3.7962400e+04   1.2000000e-02
  -6.1294297e-02   6.7095990e-03   3.7962400e+04   1.2000000e-02
  -6.1301350e-02   1.9343092e-02   3.7962400e+04   1.2000000e-02
  -6.1135105e-02   2.2298686e-02   3.7962400e+04   1.2000000e-02
  -6.1131168e-02   1.6893538e-02   3.7962400e+04   1.2000000e-02
  -6.0949751e-02  -5.5395670e-03   3.7962400e+04   1.2000000e-02
  -6.0781783e-02  -3.0817191e-02   3.7965400e+04   1.2000000e-02
  -6.0777108e-02  -2.5798182e-02   3.7965400e+04   1.2000000e-02
  -6.0603484e-02  -1.3896115e-02   3.7962400e+04   1.2000000e-02
  -6.0614392e-02  -2.7961911e-02   3.7962400e+04   1.2000000e-02
  -6.0435516e-02  -3.9126570e-02   3.7962400e+04   1.2000000e-02
  -6.0441422e-02  -5.2173307e-02   3.7962400e+04   1.2000000e-02
  -6.0267467e-02  -4.1877115e-02   3.7962400e+04   1.2000000e-02
  -6.0094907e-02  -4.1734982e-02   3.7962400e+04   1.2000000e-02
  -6.0101632e-02  -6.4291880e-03   3.7962400e+04   1.2000000e-02
  -5.9934403e-02  -1.4928851e-02   3.7962400e+04   1.2000000e-02
  -5.9932106e-02  -2.8029983e-02   3.7962400e+04   1.2000000e-02
  -5.9746014e-02  -1.1977118e-02   3.7962400e+04   1.2000000e-02
  -5.9752329e-02  -4.5797115e-02   3.7959400e+04   1.2000000e-02
  -5.9585102e-02  -1.5459983e-02   3.7953400e+04   1.2000000e-02
  -5.9407784e-02  -1.1862296e-02   3.7953400e+04   1.2000000e-02
  -5.9403110e-02   2.6905150e-03   3.7950500e+04   1.2000000e-02
  -5.9234978e-02  -2.4892510e-03   3.7950500e+04   1.2000000e-02
  -5.9225628e-02  -1.1027955e-02   3.7953400e+04   1.2000000e-02
  -5.9047491e-02  -1.8883222e-02   3.7953400e+04   1.2000000e-02
  -5.9050772e-02   9.2350990e-03   3.7953400e+04   1.2000000e-02
  -5.8863941e-02   1.7182200e-04   3.7953400e+04   1.2000000e-02
  -5.8702289e-02  -3.6513892e-02   3.7956400e+04   1.2000000e-02
  -5.8690314e-02  -5.5532894e-02   3.7953400e+04   1.2000000e-02
  -5.8532273e-02   2.2347560e-03   3.7956400e+04   1.2000000e-02
  -5.8541048e-02   1.5106585e-02   3.7956400e+04   1.2000000e-02
  -5.8352495e-02   2.2917081e-02   3.7959400e+04   1.2000000e-02
  -5.8344950e-02  -1.6798474e-02   3.7962400e+04   1.2000000e-02
  -5.8174932e-02  -3.9469722e-02   3.7962400e+04   1.2000000e-02
  -5.7998763e-02  -1.2946048e-02   3.7962400e+04   1.2000000e-02
  -5.8010327e-02  -3.4128149e-02   3.7962400e+04   1.2000000e-02
  -5.7831370e-02  -1.6520935e-02   3.7959400e+04   1.2000000e-02
  -5.7842196e-02  -9.6827370e-03   3.7956400e+04   1.2000000e-02
  -5.7674310e-02  -2.7162260e-02   3.7953400e+04   1.2000000e-02
  -5.7657087e-02   2.0037160e-03   3.7953400e+04   1.2000000e-02
  -5.7480182e-02  -4.1195403e-02   3.7956400e+04   1.2000000e-02
  -5.7319350e-02  -1.3398937e-02   3.7956400e+04   1.2000000e-02
  -5.7318612e-02  -1.2357095e-02   3.7956400e+04   1.2000000e-02
  -5.7137604e-02  -7.3850770e-03   3.7956400e+04   1.2000000e-02
  -5.7143509e-02  -4.1143850e-03   3.7959400e+04   1.2000000e-02
  -5.6966520e-02  -4.3377150e-03   3.7962400e+04   1.2000000e-02
  -5.6971523e-02  -4.7482857e-02   3.7962400e+04   1.2000000e-02
  -5.6796584e-02  -2.5403197e-02   3.7962400e+04   1.2000000e-02
  -5.6792320e-02  -3.6906006e-02   3.7959400e+04   1.2000000e-02
  -5.6620662e-02  -9.7783670e-03   3.7956400e+04   1.2000000e-02
  -5.6450236e-02  -2.8398670e-03   3.7956400e+04   1.2000000e-02
  -5.6451056e-02   1.8741345e-02   3.7956400e+04   1.2000000e-02
  -5.6261436e-02  -2.7645086e-02   3.7956400e+04   1.2000000e-02
  -5.6260616e-02  -3.3433398e-02   3.7959400e+04   1.2000000e-02
  -5.6087318e-02  -1.0184507e-02   3.7959400e+04   1.2000000e-02
  -5.6082725e-02  -1.0568997e-02   3.7959400e+04   1.2000000e-02
  -5.5900979e-02  -8.8636510e-03   3.7956400e+04   1.2000000e-02
  -5.5751219e-02  -7.0089550e-03   3.7956400e+04   1.2000000e-02
  -5.5737113e-02  -4.8954374e-02   3.7956400e+04   1.2000000e-02
  -5.5574476e-02   5.6049300e-04   3.7956400e+04   1.2000000e-02
  -5.5565454e-02   2.8874520e-02   3.7956400e+04   1.2000000e-02
  -5.5400360e-02  -5.4483660e-03   3.7956400e+04   1.2000000e-02
  -5.5392978e-02  -3.4105841e-02   3.7959400e+04   1.2000000e-02
  -5.5225011e-02  -2.5846817e-02   3.7962400e+04   1.2000000e-02
  -5.5064507e-02  -2.6101475e-02   3.7965400e+04   1.2000000e-02
  -5.5057125e-02  -2.6242786e-02   3.7965400e+04   1.2000000e-02
  -5.4884155e-02   1.5328660e-03   3.7965400e+04   1.2000000e-02
  -5.4879726e-02   3.2037670e-03   3.7962400e+04   1.2000000e-02
  -5.4698883e-02  -2.2004237e-02   3.7962400e+04   1.2000000e-02
  -5.4709627e-02   1.3574535e-02   3.7962400e+04   1.2000000e-02
  -5.4529521e-02   2.3186502e-02   3.7962400e+04   1.2000000e-02
  -5.4364834e-02  -1.8187159e-02   3.7962400e+04   1.2000000e-02
  -5.4366967e-02   6.1381130e-03   3.7965400e+04   1.2000000e-02
  -5.4180546e-02  -1.2331096e-02   3.7965400e+04   1.2000000e-02
  -5.4189977e-02  -2.3971947e-02   3.7965400e+04   1.2000000e-02
  -5.4013234e-02  -2.1685605e-02   3.7962400e+04   1.2000000e-02
  -5.4018565e-02  -2.6444790e-02   3.7962400e+04   1.2000000e-02
  -5.3833621e-02  -3.6669090e-03   3.7962400e+04   1.2000000e-02
  -5.3672625e-02   1.0714412e-02   3.7962400e+04   1.2000000e-02
  -5.3663767e-02   1.6427525e-02   3.7962400e+04   1.2000000e-02
  -5.3494159e-02   3.7364023e-02   3.7965400e+04   1.2000000e-02
  -5.3499326e-02   5.5813930e-03   3.7962400e+04   1.2000000e-02
  -5.3327834e-02  -1.9250487e-02   3.7959400e+04   1.2000000e-02
  -5.3314466e-02  -3.8098620e-03   3.7956400e+04   1.2000000e-02
  -5.3145350e-02  -1.0622389e-02   3.7956400e+04   1.2000000e-02
  -5.2977301e-02  -1.7156717e-02   3.7956400e+04   1.2000000e-02
  -5.2959750e-02   3.8518520e-03   3.7956400e+04   1.2000000e-02
  -5.2795637e-02  -1.0528809e-02   3.7959400e+04   1.2000000e-02
  -5.2796949e-02  -3.8946218e-02   3.7962400e+04   1.2000000e-02
  -5.2630540e-02  -1.3959850e-03   3.7962400e+04   1.2000000e-02
  -5.2626439e-02   2.5939761e-02   3.7962400e+04   1.2000000e-02
  -5.2446170e-02  -1.3312082e-02   3.7959400e+04   1.2000000e-02
  -5.2276810e-02  -1.2743962e-02   3.7959400e+04   1.2000000e-02
  -5.2279763e-02  -1.9579614e-02   3.7959400e+04   1.2000000e-02
  -5.2095064e-02  -1.7243407e-02   3.7962400e+04   1.2000000e-02
  -5.2094736e-02  -2.9337964e-02   3.7962400e+04   1.2000000e-02
  -5.1918239e-02  -2.2018179e-02   3.7962400e+04   1.2000000e-02
  -5.1919059e-02  -2.1433244e-02   3.7962400e+04   1.2000000e-02
  -5.1754536e-02  -4.4007707e-02   3.7962400e+04   1.2000000e-02
  -5.1577875e-02  -3.5771981e-02   3.7959400e+04   1.2000000e-02
  -5.1580582e-02   8.4586600e-03   3.7956400e+04   1.2000000e-02
  -5.1411794e-02   1.4188750e-02   3.7956400e+04   1.2000000e-02
  -5.1410400e-02  -5.2301230e-03   3.7956400e+04   1.2000000e-02
  -5.1221275e-02  -2.2278680e-03   3.7959400e+04   1.2000000e-02
  -5.1230132e-02   1.0279800e-03   3.7959400e+04   1.2000000e-02
  -5.1057244e-02  -1.2139262e-02   3.7962400e+04   1.2000000e-02
  -5.0889769e-02   5.9460330e-03   3.7962400e+04   1.2000000e-02
  -5.0888046e-02   9.3618120e-03   3.7959400e+04   1.2000000e-02
  -5.0706711e-02   1.7162876e-02   3.7956400e+04   1.2000000e-02
  -5.0701872e-02   1.5139473e-02   3.7956400e+04   1.2000000e-02
  -5.0522996e-02   1.4986842e-02   3.7959400e+04   1.2000000e-02
  -5.0516435e-02  -7.8667530e-03   3.7962400e+04   1.2000000e-02
  -5.0347319e-02  -8.9929070e-03   3.7962400e+04   1.2000000e-02
  -5.0182388e-02  -2.2252579e-02   3.7962400e+04   1.2000000e-02
  -5.0183454e-02  -3.7527272e-02   3.7962400e+04   1.2000000e-02
  -5.0001298e-02  -4.5159340e-03   3.7962400e+04   1.2000000e-02
  -5.0012452e-02  -2.0899079e-02   3.7962400e+04   1.2000000e-02
  -4.9839400e-02  -1.8200118e-02   3.7962400e+04   1.2000000e-02
  -4.9832592e-02  -2.5915136e-02   3.7959400e+04   1.2000000e-02
  -4.9662328e-02   3.0908320e-03   3.7956400e+04   1.2000000e-02
  -4.9501168e-02   2.0997837e-02   3.7956400e+04   1.2000000e-02
  -4.9493787e-02   1.8681310e-02   3.7953400e+04   1.2000000e-02
  -4.9320981e-02  -4.6405150e-03   3.7953400e+04   1.2000000e-02
  -4.9324589e-02   1.2803673e-02   3.7956400e+04   1.2000000e-02
  -4.9152605e-02   2.2899520e-03   3.7956400e+04   1.2000000e-02
  -4.9156952e-02  -1.5844391e-02   3.7956400e+04   1.2000000e-02
  -4.8992839e-02   3.5110320e-02   3.7956400e+04   1.2000000e-02
  -4.8817901e-02   2.2936109e-02   3.7953400e+04   1.2000000e-02
  -4.8821919e-02   3.1451692e-02   3.7950500e+04   1.2000000e-02
  -4.8634596e-02   2.7458361e-02   3.7950500e+04   1.2000000e-02
  -4.8636811e-02   1.2558445e-02   3.7950500e+04   1.2000000e-02
  -4.8460396e-02   1.5331940e-03   3.7953400e+04   1.2000000e-02
  -4.8466629e-02   6.8580460e-03   3.7953400e+04   1.2000000e-02
  -4.8297841e-02  -3.1568123e-02   3.7956400e+04   1.2000000e-02
  -4.8122987e-02  -2.2121210e-03   3.7956400e+04   1.2000000e-02
  -4.8129302e-02  -3.5216408e-02   3.7956400e+04   1.2000000e-02
  -4.7946572e-02  -1.9253522e-02   3.7959400e+04   1.2000000e-02
  -4.7937304e-02  -1.2753640e-02   3.7959400e+04   1.2000000e-02
  -4.7754328e-02   3.2590315e-02   3.7962400e+04   1.2000000e-02
  -4.7758675e-02   5.1285040e-03   3.7962400e+04   1.2000000e-02
  -4.7592020e-02   1.6448029e-02   3.7962400e+04   1.2000000e-02
  -4.7578733e-02  -1.0887298e-02   3.7962400e+04   1.2000000e-02
  -4.7418475e-02   1.3753659e-02   3.7962400e+04   1.2000000e-02
  -4.7238370e-02   6.5841150e-03   3.7962400e+04   1.2000000e-02
  -4.7245013e-02   3.8248690e-03   3.7962400e+04   1.2000000e-02
  -4.7068682e-02   8.0381650e-03   3.7959400e+04   1.2000000e-02
  -4.7067780e-02   3.5143209e-02   3.7956400e+04   1.2000000e-02
  -4.6897106e-02   1.2958928e-02   3.7956400e+04   1.2000000e-02
  -4.6897516e-02   3.1025622e-02   3.7959400e+04   1.2000000e-02
  -4.6727334e-02   1.5154810e-02   3.7962400e+04   1.2000000e-02
  -4.6553133e-02   3.0917340e-03   3.7962400e+04   1.2000000e-02
  -4.6524182e-02   3.1107555e-02   3.7962400e+04   1.2000000e-02
  -4.6352442e-02   2.1726134e-02   3.7956400e+04   1.2000000e-02
  -4.6369665e-02  -1.2714683e-02   3.7956400e+04   1.2000000e-02
  -4.6197351e-02   1.4715044e-02   3.7956400e+04   1.2000000e-02
  -4.6188903e-02  -2.6137500e-03   3.7956400e+04   1.2000000e-02
  -4.6022165e-02  -4.0249769e-02   3.7956400e+04   1.2000000e-02
  -4.5834760e-02  -1.7256939e-02   3.7956400e+04   1.2000000e-02
  -4.5836155e-02  -1.2940143e-02   3.7956400e+04   1.2000000e-02
  -4.5669335e-02  -7.5496820e-03   3.7959400e+04   1.2000000e-02
  -4.5660560e-02   1.8479306e-02   3.7962400e+04   1.2000000e-02
  -4.5479060e-02   1.1007043e-02   3.7965400e+04   1.2000000e-02
  -4.5480454e-02  -6.4473140e-03   3.7965400e+04   1.2000000e-02
  -4.5298708e-02   1.8228175e-02   3.7965400e+04   1.2000000e-02
  -4.5133693e-02   1.2847552e-02   3.7965400e+04   1.2000000e-02
  -4.5127870e-02  -3.0960472e-02   3.7965400e+04   1.2000000e-02
  -4.4949489e-02  -9.7358830e-03   3.7965400e+04   1.2000000e-02
  -4.4956132e-02  -2.0825675e-02   3.7962400e+04   1.2000000e-02
  -4.4798007e-02   2.3325108e-02   3.7962400e+04   1.2000000e-02
  -4.4790543e-02   1.6152200e-02   3.7962400e+04   1.2000000e-02
  -4.4636600e-02   3.2180973e-02   3.7962400e+04   1.2000000e-02
  -4.4458627e-02   1.4816890e-03   3.7962400e+04   1.2000000e-02
  -4.4452722e-02  -1.2076767e-02   3.7962400e+04   1.2000000e-02
  -4.4269172e-02   1.8128280e-02   3.7962400e+04   1.2000000e-02
  -4.4262036e-02   3.6369669e-02   3.7962400e+04   1.2000000e-02
  -4.4089640e-02   4.4608041e-02   3.7962400e+04   1.2000000e-02
  -4.4095463e-02   3.4874362e-02   3.7962400e+04   1.2000000e-02
  -4.3934632e-02  -2.2889510e-02   3.7962400e+04   1.2000000e-02
  -4.3751492e-02  -1.4438000e-03   3.7962400e+04   1.2000000e-02
  -4.3766091e-02   1.8667531e-02   3.7962400e+04   1.2000000e-02
  -4.3586231e-02   1.8031502e-02   3.7962400e+04   1.2000000e-02
  -4.3574175e-02   1.4930006e-02   3.7962400e+04   1.2000000e-02
  -4.3395135e-02   1.0652162e-02   3.7962400e+04   1.2000000e-02
  -4.3399646e-02  -2.2536434e-02   3.7959400e+04   1.2000000e-02
  -4.3236764e-02  -2.3259590e-03   3.7956400e+04   1.2000000e-02
  -4.3056822e-02   4.1329718e-02   3.7956400e+04   1.2000000e-02
  -4.3055920e-02   4.3254787e-02   3.7956400e+04   1.2000000e-02
  -4.2872044e-02   4.2172320e-03   3.7956400e+04   1.2000000e-02
  -4.2883198e-02  -1.6254139e-02   3.7962400e+04   1.2000000e-02
  -4.2716051e-02  -3.8204554e-02   3.7962400e+04   1.2000000e-02
  -4.2723596e-02   1.7685970e-02   3.7962400e+04   1.2000000e-02
  -4.2541440e-02   1.1850734e-02   3.7965400e+04   1.2000000e-02
  -4.2360514e-02   2.2833753e-02   3.7965400e+04   1.2000000e-02
  -4.2372406e-02  -5.0199180e-03   3.7965400e+04   1.2000000e-02
  -4.2196976e-02   1.4131240e-03   3.7965400e+04   1.2000000e-02
  -4.2204111e-02   1.4652875e-02   3.7965400e+04   1.2000000e-02
  -4.2007520e-02  -8.5515010e-03   3.7965400e+04   1.2000000e-02
  -4.2012687e-02   2.6356646e-02   3.7965400e+04   1.2000000e-02
  -4.1836271e-02   1.0075347e-02   3.7965400e+04   1.2000000e-02
  -4.1658872e-02   8.9163870e-03   3.7962400e+04   1.2000000e-02
  -4.1664695e-02   2.6819786e-02   3.7962400e+04   1.2000000e-02
  -4.1484507e-02   1.4449559e-02   3.7962400e+04   1.2000000e-02
  -4.1489100e-02   2.1545700e-02   3.7962400e+04   1.2000000e-02
  -4.1320477e-02   3.1786151e-02   3.7962400e+04   1.2000000e-02
  -4.1314244e-02   2.5327598e-02   3.7962400e+04   1.2000000e-02
  -4.1142668e-02   1.0858830e-03   3.7962400e+04   1.2000000e-02
  -4.0964202e-02  -4.4499930e-03   3.7962400e+04   1.2000000e-02
  -4.0968631e-02  -7.4486300e-04   3.7962400e+04   1.2000000e-02
  -4.0788937e-02  -6.1437740e-03   3.7962400e+04   1.2000000e-02
  -4.0792628e-02   9.0663110e-03   3.7962400e+04   1.2000000e-02
  -4.0618018e-02   3.0879061e-02   3.7962400e+04   1.2000000e-02
  -4.0634831e-02   2.4916043e-02   3.7962400e+04   1.2000000e-02
  -4.0455299e-02   1.5573990e-02   3.7962400e+04   1.2000000e-02
  -4.0278884e-02   3.6857700e-04   3.7959400e+04   1.2000000e-02
  -4.0284543e-02   1.8068983e-02   3.7956400e+04   1.2000000e-02
  -4.0110425e-02   1.2695659e-02   3.7956400e+04   1.2000000e-02
  -4.0095990e-02   5.1707548e-02   3.7959400e+04   1.2000000e-02
  -3.9922282e-02   2.5616620e-02   3.7959400e+04   1.2000000e-02
  -3.9936306e-02   3.5496250e-03   3.7959400e+04   1.2000000e-02
  -3.9761286e-02   3.3021850e-03   3.7959400e+04   1.2000000e-02
  -3.9583641e-02  -7.9866500e-04   3.7959400e+04   1.2000000e-02
  -3.9581345e-02   1.7463298e-02   3.7959400e+04   1.2000000e-02
  -3.9402387e-02   1.7685067e-02   3.7962400e+04   1.2000000e-02
  -3.9398533e-02   1.2218327e-02   3.7962400e+04   1.2000000e-02
  -3.9232534e-02   4.9681356e-02   3.7962400e+04   1.2000000e-02
  -3.9225890e-02   1.5917472e-02   3.7962400e+04   1.2000000e-02
  -3.9068093e-02   2.6701848e-02   3.7962400e+04   1.2000000e-02
  -3.8899551e-02   8.6281030e-03   3.7959400e+04   1.2000000e-02
  -3.8905785e-02  -8.0777780e-03   3.7956400e+04   1.2000000e-02
  -3.8718462e-02   1.9588540e-03   3.7953400e+04   1.2000000e-02
  -3.8718051e-02   1.6606565e-02   3.7953400e+04   1.2000000e-02
  -3.8538930e-02   3.3831453e-02   3.7953400e+04   1.2000000e-02
  -3.8546803e-02   8.7461230e-03   3.7956400e+04   1.2000000e-02
  -3.8367354e-02   1.1533089e-02   3.7956400e+04   1.2000000e-02
  -3.8373669e-02   3.9221266e-02   3.7953400e+04   1.2000000e-02
  -3.8188643e-02   1.4819531e-02   3.7953400e+04   1.2000000e-02
  -3.8014360e-02   4.3541759e-02   3.7956400e+04   1.2000000e-02
  -3.8013704e-02   4.9468116e-02   3.7959400e+04   1.2000000e-02
  -3.7841062e-02   3.1414293e-02   3.7962400e+04   1.2000000e-02
  -3.7848771e-02   4.1473081e-02   3.7962400e+04   1.2000000e-02
  -3.7675146e-02   5.3077205e-02   3.7965400e+04   1.2000000e-02
  -3.7682117e-02   7.6480180e-03   3.7965400e+04   1.2000000e-02
  -3.7497418e-02   1.8844110e-02   3.7968300e+04   1.2000000e-02
  -3.7334782e-02   3.7461048e-02   3.7965400e+04   1.2000000e-02
  -3.7335274e-02   3.2394705e-02   3.7962400e+04   1.2000000e-02
  -3.7155743e-02   1.8228585e-02   3.7962400e+04   1.2000000e-02
  -3.7152216e-02   2.5427411e-02   3.7962400e+04   1.2000000e-02
  -3.6977113e-02   1.8115540e-03   3.7962400e+04   1.2000000e-02
  -3.6977605e-02   3.9094142e-02   3.7962400e+04   1.2000000e-02
  -3.6803815e-02   9.5461020e-03   3.7962400e+04   1.2000000e-02
  -3.6626007e-02   3.2989565e-02   3.7962400e+04   1.2000000e-02
  -3.6636175e-02   2.3782426e-02   3.7962400e+04   1.2000000e-02
  -3.6450166e-02   4.1174299e-02   3.7962400e+04   1.2000000e-02
  -3.6446229e-02  -4.6914470e-03   3.7962400e+04   1.2000000e-02
  -3.6286873e-02   2.6355498e-02   3.7965400e+04   1.2000000e-02
  -3.6278344e-02   2.7982110e-02   3.7965400e+04   1.2000000e-02
  -3.6099714e-02   4.3160634e-02   3.7965400e+04   1.2000000e-02
  -3.5923463e-02   3.2417095e-02   3.7965400e+04   1.2000000e-02
  -3.5933961e-02   6.7343801e-02   3.7965400e+04   1.2000000e-02
  -3.5757874e-02   4.8490902e-02   3.7965400e+04   1.2000000e-02
  -3.5751149e-02   5.2582899e-02   3.7965400e+04   1.2000000e-02
  -3.5576537e-02   3.5071035e-02   3.7965400e+04   1.2000000e-02
  -3.5560709e-02   2.2715323e-02   3.7965400e+04   1.2000000e-02
  -3.5386918e-02   7.8410000e-03   3.7965400e+04   1.2000000e-02
  -3.5207961e-02   5.9206900e-03   3.7965400e+04   1.2000000e-02
  -3.5209109e-02  -2.7712200e-03   3.7965400e+04   1.2000000e-02
  -3.5056888e-02   1.2745442e-02   3.7968300e+04   1.2000000e-02
  -3.5045652e-02   5.5492399e-02   3.7968300e+04   1.2000000e-02
  -3.4877439e-02   5.8456275e-02   3.7965400e+04   1.2000000e-02
  -3.4877603e-02   5.7955161e-02   3.7965400e+04   1.2000000e-02
  -3.4713080e-02   2.8468872e-02   3.7962400e+04   1.2000000e-02
  -3.4537405e-02   1.0283419e-02   3.7962400e+04   1.2000000e-02
  -3.4532730e-02   2.1130702e-02   3.7959400e+04   1.2000000e-02
  -3.4361729e-02   5.2476853e-02   3.7959400e+04   1.2000000e-02
  -3.4371652e-02   3.2212631e-02   3.7959400e+04   1.2000000e-02
  -3.4198026e-02   3.2864902e-02   3.7962400e+04   1.2000000e-02
  -3.4203767e-02   5.4674542e-02   3.7962400e+04   1.2000000e-02
  -3.4016444e-02   5.6411218e-02   3.7965400e+04   1.2000000e-02
  -3.3826168e-02   4.0741585e-02   3.7965400e+04   1.2000000e-02
  -3.3846426e-02   4.6299038e-02   3.7962400e+04   1.2000000e-02
  -3.3664188e-02   1.6858517e-02   3.7962400e+04   1.2000000e-02
  -3.3659431e-02   1.1933200e-04   3.7962400e+04   1.2000000e-02
  -3.3478096e-02   3.8504776e-02   3.7962400e+04   1.2000000e-02
  -3.3485150e-02   6.0782233e-02   3.7962400e+04   1.2000000e-02
  -3.3304962e-02   3.7053103e-02   3.7959400e+04   1.2000000e-02
  -3.3134534e-02   1.4621299e-02   3.7959400e+04   1.2000000e-02
  -3.3145524e-02   2.8478304e-02   3.7962400e+04   1.2000000e-02
  -3.2973292e-02   5.0709993e-02   3.7965400e+04   1.2000000e-02
  -3.2962712e-02   5.3176362e-02   3.7965400e+04   1.2000000e-02
  -3.2784739e-02   4.7919253e-02   3.7962400e+04   1.2000000e-02
  -3.2796795e-02   3.0743982e-02   3.7959400e+04   1.2000000e-02
  -3.2618494e-02   5.3436433e-02   3.7959400e+04   1.2000000e-02
  -3.2452331e-02   4.2677725e-02   3.7959400e+04   1.2000000e-02
  -3.2452249e-02   3.4065771e-02   3.7956400e+04   1.2000000e-02
  -3.2267221e-02   4.8360579e-02   3.7956400e+04   1.2000000e-02
  -3.2270338e-02   3.3686450e-02   3.7956400e+04   1.2000000e-02
  -3.2109342e-02   2.4368672e-02   3.7959400e+04   1.2000000e-02
  -3.2095071e-02   5.9943052e-02   3.7962400e+04   1.2000000e-02
  -3.1921445e-02   9.0571318e-02   3.7962400e+04   1.2000000e-02
  -3.1752821e-02   6.0352883e-02   3.7962400e+04   1.2000000e-02
  -3.1740765e-02   5.6013034e-02   3.7959400e+04   1.2000000e-02
  -3.1575996e-02   7.9558939e-02   3.7956400e+04   1.2000000e-02
  -3.1577800e-02   6.1725493e-02   3.7959400e+04   1.2000000e-02
  -3.1412621e-02   2.7473287e-02   3.7956400e+04   1.2000000e-02
  -3.1412621e-02   5.4810441e-02   3.7956400e+04   1.2000000e-02
  -3.1241292e-02   6.3704772e-02   3.7956400e+04   1.2000000e-02
  -3.1060121e-02   4.8582103e-02   3.7959400e+04   1.2000000e-02
  -3.1059546e-02   4.2684861e-02   3.7959400e+04   1.2000000e-02
  -3.0872141e-02   5.9477941e-02   3.7959400e+04   1.2000000e-02
  -3.0864678e-02   4.4789787e-02   3.7959400e+04   1.2000000e-02
  -3.0694660e-02   5.7682296e-02   3.7962400e+04   1.2000000e-02
  -3.0697285e-02   8.7532235e-02   3.7962400e+04   1.2000000e-02
  -3.0535058e-02   5.0739601e-02   3.7965400e+04   1.2000000e-02
  -3.0354461e-02   4.6273285e-02   3.7965400e+04   1.2000000e-02
  -3.0346915e-02   8.8833330e-02   3.7968300e+04   1.2000000e-02
  -3.0170665e-02   6.0592532e-02   3.7968300e+04   1.2000000e-02
  -3.0166155e-02   7.0755153e-02   3.7968300e+04   1.2000000e-02
  -3.0007783e-02   7.9670397e-02   3.7965400e+04   1.2000000e-02
  -3.0012130e-02   7.6354676e-02   3.7962400e+04   1.2000000e-02
  -2.9829072e-02   4.2326700e-02   3.7959400e+04   1.2000000e-02
  -2.9662334e-02   3.0230893e-02   3.7959400e+04   1.2000000e-02
  -2.9652657e-02   4.9524297e-02   3.7959400e+04   1.2000000e-02
  -2.9475175e-02   7.5300122e-02   3.7959400e+04   1.2000000e-02
  -2.9476816e-02   6.9181686e-02   3.7962400e+04   1.2000000e-02
  -2.9300975e-02   5.3821989e-02   3.7962400e+04   1.2000000e-02
  -2.9303517e-02   3.1521898e-02   3.7962400e+04   1.2000000e-02
  -2.9140224e-02   3.3974078e-02   3.7962400e+04   1.2000000e-02
  -2.9139076e-02   7.9018868e-02   3.7959400e+04   1.2000000e-02
  -2.8960200e-02   8.5942121e-02   3.7959400e+04   1.2000000e-02
  -2.8783539e-02   7.0807560e-02   3.7962400e+04   1.2000000e-02
  -2.8794611e-02   6.4310457e-02   3.7962400e+04   1.2000000e-02
  -2.8610241e-02   6.4772942e-02   3.7962400e+04   1.2000000e-02
  -2.8614998e-02   8.2077390e-02   3.7959400e+04   1.2000000e-02
  -2.8438009e-02   4.8265769e-02   3.7956400e+04   1.2000000e-02
  -2.8447358e-02   8.0758909e-02   3.7956400e+04   1.2000000e-02
  -2.8269221e-02   4.3775420e-02   3.7956400e+04   1.2000000e-02
  -2.8089034e-02   3.0479564e-02   3.7956400e+04   1.2000000e-02
  -2.8090839e-02   6.1221450e-02   3.7959400e+04   1.2000000e-02
  -2.7930909e-02   9.1816723e-02   3.7959400e+04   1.2000000e-02
  -2.7925824e-02   8.9690391e-02   3.7959400e+04   1.2000000e-02
  -2.7753100e-02   5.6667354e-02   3.7956400e+04   1.2000000e-02
  -2.7755560e-02   5.9763601e-02   3.7956400e+04   1.2000000e-02
  -2.7597271e-02   3.3738776e-02   3.7956400e+04   1.2000000e-02
  -2.7419379e-02   5.8441512e-02   3.7953400e+04   1.2000000e-02
  -2.7415197e-02   6.1172382e-02   3.7953400e+04   1.2000000e-02
  -2.7245425e-02   5.4808555e-02   3.7953400e+04   1.2000000e-02
  -2.7243867e-02   7.0709306e-02   3.7953400e+04   1.2000000e-02
  -2.7069501e-02   6.6106598e-02   3.7953400e+04   1.2000000e-02
  -2.7059577e-02   7.0647220e-02   3.7953400e+04   1.2000000e-02
  -2.6890708e-02   1.6653560e-02   3.7953400e+04   1.2000000e-02
  -2.6710602e-02   6.5101169e-02   3.7953400e+04   1.2000000e-02
  -2.6697151e-02   5.6073807e-02   3.7953400e+04   1.2000000e-02
  -2.6532793e-02   3.4515953e-02   3.7953400e+04   1.2000000e-02
  -2.6531562e-02   6.1254233e-02   3.7956400e+04   1.2000000e-02
  -2.6349242e-02   7.7833581e-02   3.7956400e+04   1.2000000e-02
  -2.6359084e-02   9.3278237e-02   3.7956400e+04   1.2000000e-02
  -2.6182915e-02   4.4541990e-02   3.7956400e+04   1.2000000e-02
  -2.6013801e-02   5.0691048e-02   3.7956400e+04   1.2000000e-02
  -2.6011094e-02   5.8049561e-02   3.7956400e+04   1.2000000e-02
  -2.5840748e-02   5.1257938e-02   3.7956400e+04   1.2000000e-02
  -2.5826806e-02   5.5627070e-02   3.7956400e+04   1.2000000e-02
  -2.5662201e-02   4.7690594e-02   3.7962400e+04   1.2000000e-02
  -2.5656542e-02   6.4667224e-02   3.7965400e+04   1.2000000e-02
  -2.5493085e-02   7.6375262e-02   3.7965400e+04   1.2000000e-02
  -2.5323232e-02   5.3573646e-02   3.7965400e+04   1.2000000e-02
  -2.5314948e-02   4.1759479e-02   3.7965400e+04   1.2000000e-02
  -2.5132792e-02   1.2652146e-01   3.7965400e+04   1.2000000e-02
  -2.5145176e-02   7.8849424e-02   3.7962400e+04   1.2000000e-02
  -2.4969171e-02   6.4108044e-02   3.7959400e+04   1.2000000e-02
  -2.4964086e-02   6.8376213e-02   3.7956400e+04   1.2000000e-02
  -2.4785374e-02   4.6178639e-02   3.7953400e+04   1.2000000e-02
  -2.4613552e-02   6.0735156e-02   3.7953400e+04   1.2000000e-02
  -2.4614044e-02   6.9033976e-02   3.7953400e+04   1.2000000e-02
  -2.4465186e-02   4.6616273e-02   3.7953400e+04   1.2000000e-02
  -2.4454032e-02   6.3535300e-02   3.7953400e+04   1.2000000e-02
  -2.4262444e-02   7.3301321e-02   3.7956400e+04   1.2000000e-02
  -2.4260066e-02   7.5144621e-02   3.7956400e+04   1.2000000e-02
  -2.4090622e-02   7.1735566e-02   3.7956400e+04   1.2000000e-02
  -2.3913388e-02   2.6440629e-02   3.7956400e+04   1.2000000e-02
  -2.3913060e-02   5.7744382e-02   3.7956400e+04   1.2000000e-02
  -2.3735579e-02   7.3352820e-02   3.7956400e+04   1.2000000e-02
  -2.3737383e-02   1.0905840e-01   3.7956400e+04   1.2000000e-02
  -2.3572369e-02   5.7579119e-02   3.7959400e+04   1.2000000e-02
  -2.3568104e-02   6.0238308e-02   3.7959400e+04   1.2000000e-02
  -2.3391443e-02   4.7935164e-02   3.7962400e+04   1.2000000e-02
  -2.3218718e-02   4.9236831e-02   3.7965400e+04   1.2000000e-02
  -2.3217816e-02   5.5076089e-02   3.7965400e+04   1.2000000e-02
  -2.3049357e-02   4.5809978e-02   3.7965400e+04   1.2000000e-02
  -2.3055590e-02   5.0191819e-02   3.7965400e+04   1.2000000e-02
  -2.2880898e-02   8.3146461e-02   3.7965400e+04   1.2000000e-02
  -2.2882539e-02   9.4126851e-02   3.7962400e+04   1.2000000e-02
  -2.2686768e-02   6.5849149e-02   3.7962400e+04   1.2000000e-02
  -2.2525854e-02   5.8791391e-02   3.7965400e+04   1.2000000e-02
  -2.2521753e-02   2.9910049e-02   3.7968300e+04   1.2000000e-02
  -2.2359363e-02   5.7556975e-02   3.7968300e+04   1.2000000e-02
  -2.2358543e-02   1.0198336e-01   3.7968300e+04   1.2000000e-02
  -2.2182784e-02   8.6833219e-02   3.7968300e+04   1.2000000e-02
  -2.2176961e-02   5.3877021e-02   3.7965400e+04   1.2000000e-02
  -2.2013012e-02   8.7073440e-02   3.7962400e+04   1.2000000e-02
  -2.1847667e-02   1.2248967e-01   3.7959400e+04   1.2000000e-02
  -2.1842008e-02   8.4178297e-02   3.7956400e+04   1.2000000e-02
  -2.1664773e-02   5.8786552e-02   3.7956400e+04   1.2000000e-02
  -2.1658048e-02   5.9985782e-02   3.7956400e+04   1.2000000e-02
  -2.1495493e-02   8.3864505e-02   3.7959400e+04   1.2000000e-02
  -2.1506483e-02   4.7487360e-02   3.7959400e+04   1.2000000e-02
  -2.1318422e-02   9.3655673e-02   3.7956400e+04   1.2000000e-02
  -2.1142253e-02   6.8096210e-02   3.7956400e+04   1.2000000e-02
  -2.1142089e-02   5.2999127e-02   3.7956400e+04   1.2000000e-02
  -2.0974122e-02   1.0959771e-01   3.7956400e+04   1.2000000e-02
  -2.0969939e-02   8.3667340e-02   3.7956400e+04   1.2000000e-02
  -2.0802383e-02   4.7012243e-02   3.7956400e+04   1.2000000e-02
  -2.0800087e-02   6.3340542e-02   3.7956400e+04   1.2000000e-02
  -2.0628264e-02   7.2637161e-02   3.7956400e+04   1.2000000e-02
  -2.0448077e-02   6.6660037e-02   3.7956400e+04   1.2000000e-02
  -2.0454228e-02   4.6662120e-02   3.7959400e+04   1.2000000e-02
  -2.0282570e-02   4.7709211e-02   3.7959400e+04   1.2000000e-02
  -2.0293888e-02   7.1241460e-02   3.7959400e+04   1.2000000e-02
  -2.0116161e-02   8.8380441e-02   3.7956400e+04   1.2000000e-02
  -2.0115669e-02   6.9598816e-02   3.7956400e+04   1.2000000e-02
  -1.9933923e-02   7.3093987e-02   3.7956400e+04   1.2000000e-02
  -1.9922605e-02   6.1674972e-02   3.7956400e+04   1.2000000e-02
  -1.9757178e-02   4.4485018e-02   3.7956400e+04   1.2000000e-02
  -1.9591343e-02   5.3809850e-02   3.7959400e+04   1.2000000e-02
  -1.9589866e-02   7.5747270e-02   3.7959400e+04   1.2000000e-02
  -1.9411155e-02   9.6304940e-02   3.7959400e+04   1.2000000e-02
  -1.9406316e-02   7.5361797e-02   3.7959400e+04   1.2000000e-02
  -1.9241957e-02   5.9818799e-02   3.7959400e+04   1.2000000e-02
  -1.9236462e-02   9.2624790e-02   3.7959400e+04   1.2000000e-02
  -1.9065296e-02   1.0970576e-01   3.7962400e+04   1.2000000e-02
  -1.8892326e-02   7.6948715e-02   3.7962400e+04   1.2000000e-02
  -1.8881500e-02   5.0878781e-02   3.7962400e+04   1.2000000e-02
  -1.8711237e-02   6.6281701e-02   3.7962400e+04   1.2000000e-02
  -1.8693604e-02   7.3704429e-02   3.7962400e+04   1.2000000e-02
  -1.8531132e-02   8.4915533e-02   3.7962400e+04   1.2000000e-02
  -1.8524652e-02   1.0339965e-01   3.7962400e+04   1.2000000e-02
  -1.8351518e-02   8.1021276e-02   3.7962400e+04   1.2000000e-02
  -1.8187733e-02   6.1114315e-02   3.7962400e+04   1.2000000e-02
  -1.8186175e-02   7.1668641e-02   3.7962400e+04   1.2000000e-02
  -1.8015337e-02   6.1682435e-02   3.7965400e+04   1.2000000e-02
  -1.8015091e-02   8.7609904e-02   3.7965400e+04   1.2000000e-02
  -1.7838266e-02   6.4246403e-02   3.7965400e+04   1.2000000e-02
  -1.7846222e-02   6.4959117e-02   3.7962400e+04   1.2000000e-02
  -1.7674890e-02   7.6034406e-02   3.7962400e+04   1.2000000e-02
  -1.7493472e-02   6.3565592e-02   3.7962400e+04   1.2000000e-02
  -1.7490929e-02   6.7303696e-02   3.7965400e+04   1.2000000e-02
  -1.7313612e-02   4.8965934e-02   3.7965400e+04   1.2000000e-02
  -1.7311152e-02   8.9183170e-02   3.7965400e+04   1.2000000e-02
  -1.7129242e-02   1.0647984e-01   3.7965400e+04   1.2000000e-02
  -1.7131702e-02   8.4120886e-02   3.7962400e+04   1.2000000e-02
  -1.6961110e-02   8.4150330e-02   3.7959400e+04   1.2000000e-02
  -1.6794373e-02   7.5334896e-02   3.7956400e+04   1.2000000e-02
  -1.6791420e-02   4.8308171e-02   3.7956400e+04   1.2000000e-02
  -1.6625751e-02   6.7643239e-02   3.7953400e+04   1.2000000e-02
  -1.6625751e-02   7.1068205e-02   3.7953400e+04   1.2000000e-02
  -1.6454503e-02   8.0747263e-02   3.7953400e+04   1.2000000e-02
  -1.6439166e-02   4.7316112e-02   3.7956400e+04   1.2000000e-02
  -1.6273249e-02   6.9011240e-02   3.7956400e+04   1.2000000e-02
  -1.6105363e-02   1.0693392e-01   3.7959400e+04   1.2000000e-02
  -1.6103067e-02   5.4867770e-02   3.7962400e+04   1.2000000e-02
  -1.5915006e-02   5.5174835e-02   3.7962400e+04   1.2000000e-02
  -1.5936412e-02   4.6866994e-02   3.7962400e+04   1.2000000e-02
  -1.5754912e-02   7.6827230e-02   3.7962400e+04   1.2000000e-02
  -1.5758520e-02   9.2871933e-02   3.7962400e+04   1.2000000e-02
  -1.5581119e-02   5.6056912e-02   3.7965400e+04   1.2000000e-02
  -1.5425044e-02   6.3573958e-02   3.7968300e+04   1.2000000e-02
  -1.5425454e-02   9.7872890e-02   3.7968300e+04   1.2000000e-02
  -1.5245841e-02   8.8467459e-02   3.7965400e+04   1.2000000e-02
  -1.5261752e-02   8.8414805e-02   3.7965400e+04   1.2000000e-02
  -1.5067375e-02   3.8020393e-02   3.7965400e+04   1.2000000e-02
  -1.5062700e-02   8.5816130e-02   3.7962400e+04   1.2000000e-02
  -1.4889730e-02   1.3966506e-01   3.7962400e+04   1.2000000e-02
  -1.4714545e-02   4.7143304e-02   3.7962400e+04   1.2000000e-02
  -1.4727094e-02   6.9263373e-02   3.7962400e+04   1.2000000e-02
  -1.4530914e-02   7.0332938e-02   3.7962400e+04   1.2000000e-02
  -1.4544447e-02   8.2784854e-02   3.7959400e+04   1.2000000e-02
  -1.4362209e-02   9.4994495e-02   3.7962400e+04   1.2000000e-02
  -1.4366637e-02   1.0188990e-01   3.7962400e+04   1.2000000e-02
  -1.4200228e-02   7.1775040e-02   3.7962400e+04   1.2000000e-02
  -1.4029636e-02   1.0074976e-01   3.7962400e+04   1.2000000e-02
  -1.4023895e-02   9.7842317e-02   3.7959400e+04   1.2000000e-02
  -1.3846988e-02   1.0902586e-01   3.7959400e+04   1.2000000e-02
  -1.3847398e-02   9.2472929e-02   3.7959400e+04   1.2000000e-02
  -1.3680989e-02   7.7043525e-02   3.7959400e+04   1.2000000e-02
  -1.3680005e-02   6.9632442e-02   3.7962400e+04   1.2000000e-02
  -1.3510723e-02   6.0330493e-02   3.7962400e+04   1.2000000e-02
  -1.3334883e-02   6.5141685e-02   3.7962400e+04   1.2000000e-02
  -1.3339558e-02   6.1539647e-02   3.7962400e+04   1.2000000e-02
  -1.3158960e-02   1.0008343e-01   3.7962400e+04   1.2000000e-02
  -1.3160846e-02   8.6054647e-02   3.7956400e+04   1.2000000e-02
  -1.2982135e-02   4.9274640e-02   3.7956400e+04   1.2000000e-02
  -1.2984923e-02   7.3421230e-02   3.7956400e+04   1.2000000e-02
  -1.2820236e-02   5.5312949e-02   3.7956400e+04   1.2000000e-02
  -1.2650137e-02   6.0838690e-02   3.7956400e+04   1.2000000e-02
  -1.2646282e-02   9.7079490e-02   3.7956400e+04   1.2000000e-02
  -1.2481266e-02   8.7273313e-02   3.7956400e+04   1.2000000e-02
  -1.2482086e-02   9.8770813e-02   3.7956400e+04   1.2000000e-02
  -1.2306245e-02   6.9232371e-02   3.7956400e+04   1.2000000e-02
  -1.2297142e-02   5.9255024e-02   3.7956400e+04   1.2000000e-02
  -1.2125812e-02   4.7974695e-02   3.7956400e+04   1.2000000e-02
  -1.1945132e-02   1.1059684e-01   3.7959400e+04   1.2000000e-02
  -1.1958008e-02   1.0179974e-01   3.7962400e+04   1.2000000e-02
  -1.1781839e-02   9.4433592e-02   3.7965400e+04   1.2000000e-02
  -1.1764616e-02   7.5952637e-02   3.7965400e+04   1.2000000e-02
  -1.1594188e-02   9.8834320e-02   3.7965400e+04   1.2000000e-02
  -1.1601488e-02   8.3858436e-02   3.7965400e+04   1.2000000e-02
  -1.1426385e-02   6.8531550e-02   3.7962400e+04   1.2000000e-02
  -1.1253661e-02   5.6518905e-02   3.7959400e+04   1.2000000e-02
  -1.1246853e-02   5.3970026e-02   3.7959400e+04   1.2000000e-02
  -1.1079706e-02   9.7746670e-02   3.7962400e+04   1.2000000e-02
  -1.1094059e-02   7.6088750e-02   3.7962400e+04   1.2000000e-02
  -1.0904604e-02   8.5312654e-02   3.7962400e+04   1.2000000e-02
  -1.0908786e-02   7.2868034e-02   3.7962400e+04   1.2000000e-02
  -1.0736636e-02   9.0250330e-02   3.7959400e+04   1.2000000e-02
  -1.0734996e-02   1.0954255e-01   3.7959400e+04   1.2000000e-02
  -1.0550543e-02   9.9340902e-02   3.7959400e+04   1.2000000e-02
  -1.0385855e-02   4.0432305e-02   3.7956400e+04   1.2000000e-02
  -1.0377407e-02   8.4720746e-02   3.7956400e+04   1.2000000e-02
  -1.0211490e-02   1.1280492e-01   3.7956400e+04   1.2000000e-02
  -1.0219446e-02   1.0378570e-01   3.7956400e+04   1.2000000e-02
  -1.0034173e-02   5.3950835e-02   3.7956400e+04   1.2000000e-02
  -1.0035321e-02   6.4470500e-02   3.7956400e+04   1.2000000e-02
  -9.8612030e-03   6.7581482e-02   3.7956400e+04   1.2000000e-02
  -9.6872480e-03   8.3028851e-02   3.7956400e+04   1.2000000e-02
  -9.6870840e-03   8.9807345e-02   3.7956400e+04   1.2000000e-02
  -9.5171480e-03   9.5968920e-02   3.7956400e+04   1.2000000e-02
  -9.5151800e-03   7.2018929e-02   3.7956400e+04   1.2000000e-02
  -9.3503300e-03   8.1643444e-02   3.7956400e+04   1.2000000e-02
  -9.3541030e-03   8.4653576e-02   3.7953400e+04   1.2000000e-02
  -9.1810500e-03   9.8361474e-02   3.7953400e+04   1.2000000e-02
  -8.9920870e-03   5.9780416e-02   3.7953400e+04   1.2000000e-02
  -8.9947120e-03   8.8512896e-02   3.7953400e+04   1.2000000e-02
  -8.8111610e-03   8.8451548e-02   3.7953400e+04   1.2000000e-02
  -8.8099310e-03   5.9622534e-02   3.7953400e+04   1.2000000e-02
  -8.6326960e-03   1.2416663e-01   3.7956400e+04   1.2000000e-02
  -8.6305640e-03   1.0842810e-01   3.7959400e+04   1.2000000e-02
  -8.4605460e-03   7.7889434e-02   3.7959400e+04   1.2000000e-02
  -8.2866710e-03   1.1916509e-01   3.7959400e+04   1.2000000e-02
  -8.2911820e-03   8.3387914e-02   3.7959400e+04   1.2000000e-02
  -8.1159970e-03   1.0451517e-01   3.7959400e+04   1.2000000e-02
  -8.1114050e-03   9.2158420e-02   3.7962400e+04   1.2000000e-02
  -7.9317090e-03   8.8111103e-02   3.7962400e+04   1.2000000e-02
  -7.9400750e-03   7.3010003e-02   3.7962400e+04   1.2000000e-02
  -7.7741580e-03   1.0367648e-01   3.7962400e+04   1.2000000e-02
  -7.5996290e-03   1.0777240e-01   3.7962400e+04   1.2000000e-02
  -7.5950360e-03   1.1000589e-01   3.7962400e+04   1.2000000e-02
  -7.4192770e-03   1.0082438e-01   3.7962400e+04   1.2000000e-02
  -7.4201790e-03   1.1777903e-01   3.7956400e+04   1.2000000e-02
  -7.2573790e-03   9.2967071e-02   3.7956400e+04   1.2000000e-02
  -7.2495880e-03   9.7646628e-02   3.7956400e+04   1.2000000e-02
  -7.0822760e-03   9.4872538e-02   3.7956400e+04   1.2000000e-02
  -6.9038930e-03   1.1827513e-01   3.7956400e+04   1.2000000e-02
  -6.8972500e-03   7.2407790e-02   3.7956400e+04   1.2000000e-02
  -6.7301030e-03   7.1602127e-02   3.7959400e+04   1.2000000e-02
  -6.7371560e-03   8.7902910e-02   3.7959400e+04   1.2000000e-02
  -6.5495870e-03   1.3876428e-01   3.7959400e+04   1.2000000e-02
  -6.5595930e-03   1.1721945e-01   3.7962400e+04   1.2000000e-02
  -6.3961360e-03   1.3079746e-01   3.7962400e+04   1.2000000e-02
  -6.2047110e-03   1.0694250e-01   3.7962400e+04   1.2000000e-02
  -6.2070080e-03   9.9575384e-02   3.7962400e+04   1.2000000e-02
  -6.0373180e-03   8.9224150e-02   3.7959400e+04   1.2000000e-02
  -6.0351860e-03   1.2389369e-01   3.7959400e+04   1.2000000e-02
  -5.8588530e-03   1.0837728e-01   3.7959400e+04   1.2000000e-02
  -5.8602470e-03   1.2735420e-01   3.7959400e+04   1.2000000e-02
  -5.6848160e-03   1.0210195e-01   3.7962400e+04   1.2000000e-02
  -5.5228360e-03   9.7939013e-02   3.7962400e+04   1.2000000e-02
  -5.5191450e-03   9.1932210e-02   3.7959400e+04   1.2000000e-02
  -5.3405160e-03   9.2782980e-02   3.7959400e+04   1.2000000e-02
  -5.3439610e-03   1.1943163e-01   3.7959400e+04   1.2000000e-02
  -5.1625430e-03   1.4866870e-01   3.7959400e+04   1.2000000e-02
  -5.1618870e-03   1.1755058e-01   3.7962400e+04   1.2000000e-02
  -4.9981020e-03   5.9851030e-02   3.7959400e+04   1.2000000e-02
  -4.8113530e-03   8.3542677e-02   3.7962400e+04   1.2000000e-02
  -4.8166020e-03   9.6059870e-02   3.7962400e+04   1.2000000e-02
  -4.6327240e-03   8.7181292e-02   3.7962400e+04   1.2000000e-02
  -4.6387930e-03   1.1375405e-01   3.7965400e+04   1.2000000e-02
  -4.4585230e-03   9.0043959e-02   3.7962400e+04   1.2000000e-02
  -4.4617220e-03   1.3582425e-01   3.7962400e+04   1.2000000e-02
  -4.2871930e-03   1.4715156e-01   3.7956400e+04   1.2000000e-02
  -4.1141390e-03   1.2562967e-01   3.7956400e+04   1.2000000e-02
  -4.1204540e-03   9.0274100e-02   3.7956400e+04   1.2000000e-02
  -3.9415780e-03   7.4343000e-02   3.7956400e+04   1.2000000e-02
  -3.9475660e-03   1.1238036e-01   3.7956400e+04   1.2000000e-02
  -3.7718890e-03   1.0039243e-01   3.7956400e+04   1.2000000e-02
  -3.7798440e-03   1.1254592e-01   3.7956400e+04   1.2000000e-02
  -3.6097440e-03   7.7481568e-02   3.7956400e+04   1.2000000e-02
  -3.4261940e-03   8.2394980e-02   3.7956400e+04   1.2000000e-02
  -3.4316890e-03   9.5902980e-02   3.7956400e+04   1.2000000e-02
  -3.2579810e-03   1.1204402e-01   3.7956400e+04   1.2000000e-02
  -3.2580630e-03   1.0257265e-01   3.7953400e+04   1.2000000e-02
  -3.0649990e-03   1.4093056e-01   3.7953400e+04   1.2000000e-02
  -3.0709860e-03   1.2786647e-01   3.7950500e+04   1.2000000e-02
  -2.9066270e-03   1.2831480e-01   3.7950500e+04   1.2000000e-02
  -2.7415300e-03   1.1444092e-01   3.7950500e+04   1.2000000e-02
  -2.7425140e-03   1.2193888e-01   3.7953400e+04   1.2000000e-02
  -2.5687240e-03   1.0988130e-01   3.7953400e+04   1.2000000e-02
  -2.5623270e-03   1.0428086e-01   3.7956400e+04   1.2000000e-02
  -2.3882900e-03   1.4471561e-01   3.7956400e+04   1.2000000e-02
  -2.3863220e-03   9.8172593e-02   3.7956400e+04   1.2000000e-02
  -2.2142540e-03   1.1600640e-01   3.7959400e+04   1.2000000e-02
  -2.0448920e-03   1.1840955e-01   3.7956400e+04   1.2000000e-02
  -2.0475170e-03   1.1378602e-01   3.7956400e+04   1.2000000e-02
  -1.8642100e-03   1.1018375e-01   3.7956400e+04   1.2000000e-02
  -1.8651120e-03   1.0797557e-01   3.7956400e+04   1.2000000e-02
  -1.6804960e-03   9.5787750e-02   3.7956400e+04   1.2000000e-02
  -1.6838590e-03   8.8658719e-02   3.7956400e+04   1.2000000e-02
  -1.5176960e-03   9.9226408e-02   3.7956400e+04   1.2000000e-02
  -1.5203200e-03   9.2277732e-02   3.7956400e+04   1.2000000e-02
  -1.3418550e-03   6.7655788e-02   3.7956400e+04   1.2000000e-02
  -1.1573200e-03   1.2170856e-01   3.7956400e+04   1.2000000e-02
  -1.1706070e-03   8.6770641e-02   3.7956400e+04   1.2000000e-02
  -9.9804600e-04   1.0218692e-01   3.7956400e+04   1.2000000e-02
  -9.9517600e-04   1.1095912e-01   3.7953400e+04   1.2000000e-02
  -8.1982500e-04   1.3886346e-01   3.7953400e+04   1.2000000e-02
  -8.1826700e-04   8.5157973e-02   3.7950500e+04   1.2000000e-02
  -6.3127200e-04   9.1665979e-02   3.7950500e+04   1.2000000e-02
  -4.5945000e-04   1.0952230e-01   3.7950500e+04   1.2000000e-02
  -4.6420700e-04   1.3074665e-01   3.7947500e+04   1.2000000e-02
  -2.9902800e-04   1.2595837e-01   3.7950500e+04   1.2000000e-02
  -2.9861800e-04   1.2560016e-01   3.7953400e+04   1.2000000e-02
  -1.3754000e-04   1.0463811e-01   3.7956400e+04   1.2000000e-02
  -1.2679600e-04   1.4575326e-01   3.7956400e+04   1.2000000e-02
   5.0521000e-05   1.4656552e-01   3.7956400e+04   1.2000000e-02
   2.2037500e-04   9.4450120e-02   3.7956400e+04   1.2000000e-02
   2.2619800e-04   1.2583952e-01   3.7956400e+04   1.2000000e-02
   3.9711800e-04   1.7283551e-01   3.7953400e+04   1.2000000e-02
   3.9096700e-04   1.5880098e-01   3.7956400e+04   1.2000000e-02
   5.6188700e-04   1.3421614e-01   3.7956400e+04   1.2000000e-02
   5.7181100e-04   1.4297144e-01   3.7959400e+04   1.2000000e-02
   7.4076200e-04   1.2632638e-01   3.7962400e+04   1.2000000e-02
   9.2103200e-04   1.5202016e-01   3.7962400e+04   1.2000000e-02
   9.2931600e-04   1.1065749e-01   3.7962400e+04   1.2000000e-02
   1.0969550e-03   1.4129120e-01   3.7959400e+04   1.2000000e-02
   1.0935100e-03   1.1688996e-01   3.7956400e+04   1.2000000e-02
   1.2584430e-03   9.6449190e-02   3.7956400e+04   1.2000000e-02
   1.2579510e-03   1.2052583e-01   3.7953400e+04   1.2000000e-02
   1.4296090e-03   1.1110009e-01   3.7953400e+04   1.2000000e-02
   1.5927380e-03   1.4217394e-01   3.7956400e+04   1.2000000e-02
   1.6073360e-03   1.6400890e-01   3.7956400e+04   1.2000000e-02
   1.7910510e-03   1.6659484e-01   3.7956400e+04   1.2000000e-02
   1.7977760e-03   1.3831922e-01   3.7956400e+04   1.2000000e-02
   1.9690240e-03   1.6049023e-01   3.7956400e+04   1.2000000e-02
   1.9650050e-03   1.7805901e-01   3.7959400e+04   1.2000000e-02
   2.1454410e-03   1.7405184e-01   3.7959400e+04   1.2000000e-02
   2.3280890e-03   1.4425334e-01   3.7959400e+04   1.2000000e-02
   2.3237420e-03   1.4199280e-01   3.7959400e+04   1.2000000e-02
   2.4942520e-03   2.0104476e-01   3.7956400e+04   1.2000000e-02
   2.4881010e-03   2.3305708e-01   3.7953400e+04   1.2000000e-02
   2.6586930e-03   2.3343575e-01   3.7950500e+04   1.2000000e-02
   2.6558220e-03   2.3754701e-01   3.7950500e+04   1.2000000e-02
   2.8290390e-03   1.5835920e-01   3.7950500e+04   1.2000000e-02
   3.0068480e-03   2.2824175e-01   3.7947500e+04   1.2000000e-02
   3.0023370e-03   2.2658774e-01   3.7947500e+04   1.2000000e-02
   3.1707960e-03   2.2545009e-01   3.7947500e+04   1.2000000e-02
   3.1767840e-03   2.2179044e-01   3.7947500e+04   1.2000000e-02
   3.3546750e-03   2.5005129e-01   3.7947500e+04   1.2000000e-02
   3.3449970e-03   2.7747371e-01   3.7947500e+04   1.2000000e-02
   3.5194440e-03   3.6986990e-01   3.7947500e+04   1.2000000e-02
   3.6935620e-03   4.0837452e-01   3.7950500e+04   1.2000000e-02
   3.6963510e-03   3.7610974e-01   3.7950500e+04   1.2000000e-02
   3.8742420e-03   4.3474781e-01   3.7953400e+04   1.2000000e-02
