  -7.1360338e-02  -4.8098874e-02   3.7932600e+04   1.2000000e-02
  -7.1337702e-02  -5.3065795e-02   3.7932600e+04   1.2000000e-02
  -7.1165635e-02  -4.8376330e-02   3.7935600e+04   1.2000000e-02
  -7.1164159e-02  -4.4233003e-02   3.7935600e+04   1.2000000e-02
  -7.0989877e-02  -4.0825352e-02   3.7935600e+04   1.2000000e-02
  -7.0998324e-02  -2.4072579e-02   3.7935600e+04   1.2000000e-02
  -7.0804850e-02  -1.6955615e-02   3.7935600e+04   1.2000000e-02
  -7.0642460e-02  -8.3588372e-02   3.7935600e+04   1.2000000e-02
  -7.0656812e-02  -5.2607412e-02   3.7938500e+04   1.2000000e-02
  -7.0484498e-02  -2.2029005e-02   3.7938500e+04   1.2000000e-02
  -7.0485072e-02  -2.4275485e-02   3.7935600e+04   1.2000000e-02
  -7.0309395e-02  -4.7159143e-02   3.7932600e+04   1.2000000e-02
  -7.0302096e-02  -5.1306079e-02   3.7932600e+04   1.2000000e-02
  -7.0130769e-02  -5.5343113e-02   3.7929600e+04   1.2000000e-02
  -6.9948121e-02  -5.5148573e-02   3.7932600e+04   1.2000000e-02
  -6.9951730e-02  -3.1325112e-02   3.7932600e+04   1.2000000e-02
  -6.9778349e-02  -5.9075700e-03   3.7932600e+04   1.2000000e-02
  -6.9772772e-02  -3.3366638e-02   3.7932600e+04   1.2000000e-02
  -6.9597423e-02  -4.9784531e-02   3.7932600e+04   1.2000000e-02
  -6.9592092e-02  -4.3812511e-02   3.7932600e+04   1.2000000e-02
  -6.9418056e-02  -3.5388830e-03   3.7932600e+04   1.2000000e-02
  -6.9257880e-02  -1.2470030e-02   3.7935600e+04   1.2000000e-02
  -6.9256076e-02  -3.5781085e-02   3.7935600e+04   1.2000000e-02
  -6.9075892e-02  -2.4412779e-02   3.7935600e+04   1.2000000e-02
  -6.9070643e-02  -6.2986430e-02   3.7935600e+04   1.2000000e-02
  -6.8897837e-02  -4.6131657e-02   3.7935600e+04   1.2000000e-02
  -6.8908909e-02  -2.5961885e-02   3.7935600e+04   1.2000000e-02
  -6.8721668e-02  -2.0822231e-02   3.7935600e+04   1.2000000e-02
  -6.8549764e-02  -1.6070589e-02   3.7938500e+04   1.2000000e-02
  -6.8540414e-02  -2.8664043e-02   3.7938500e+04   1.2000000e-02
  -6.8368674e-02  -3.8501695e-02   3.7941500e+04   1.2000000e-02
  -6.8362523e-02  -3.6903545e-02   3.7941500e+04   1.2000000e-02
  -6.8199722e-02  -3.5303344e-02   3.7941500e+04   1.2000000e-02
  -6.8189880e-02  -3.0155329e-02   3.7938500e+04   1.2000000e-02
  -6.8029543e-02  -4.2936424e-02   3.7935600e+04   1.2000000e-02
  -6.7854195e-02  -1.6268000e-02   3.7932600e+04   1.2000000e-02
  -6.7850668e-02  -4.5308304e-02   3.7926600e+04   1.2000000e-02
  -6.7680732e-02  -2.2672579e-02   3.7926600e+04   1.2000000e-02
  -6.7684505e-02  -3.3861763e-02   3.7926600e+04   1.2000000e-02
  -6.7502595e-02  -2.2698824e-02   3.7926600e+04   1.2000000e-02
  -6.7509894e-02  -3.7387764e-02   3.7926600e+04   1.2000000e-02
  -6.7324950e-02  -5.0381766e-02   3.7929600e+04   1.2000000e-02
  -6.7151159e-02  -4.5693202e-02   3.7932600e+04   1.2000000e-02
  -6.7149027e-02  -5.9880027e-02   3.7932600e+04   1.2000000e-02
  -6.6982374e-02  -3.4682981e-02   3.7935600e+04   1.2000000e-02
  -6.6976633e-02   1.3356949e-02   3.7935600e+04   1.2000000e-02
  -6.6809813e-02   2.3549900e-03   3.7938500e+04   1.2000000e-02
  -6.6811618e-02  -3.4771557e-02   3.7941500e+04   1.2000000e-02
  -6.6627165e-02  -4.2010145e-02   3.7941500e+04   1.2000000e-02
  -6.6454195e-02  -5.5072708e-02   3.7938500e+04   1.2000000e-02
  -6.6465841e-02  -3.7724190e-02   3.7938500e+04   1.2000000e-02
  -6.6291723e-02  -9.6144180e-03   3.7935600e+04   1.2000000e-02
  -6.6292953e-02  -3.6942667e-02   3.7935600e+04   1.2000000e-02
  -6.6122525e-02  -2.3644870e-02   3.7935600e+04   1.2000000e-02
  -6.6121541e-02  -2.1456946e-02   3.7935600e+04   1.2000000e-02
  -6.5936681e-02  -1.0641252e-02   3.7935600e+04   1.2000000e-02
  -6.5944473e-02  -4.0041122e-02   3.7935600e+04   1.2000000e-02
  -6.5765515e-02  -3.4332449e-02   3.7935600e+04   1.2000000e-02
  -6.5593119e-02   6.5628700e-04   3.7935600e+04   1.2000000e-02
  -6.5596892e-02  -2.7177460e-03   3.7938500e+04   1.2000000e-02
  -6.5421625e-02  -1.3183318e-02   3.7938500e+04   1.2000000e-02
  -6.5425890e-02  -1.5428653e-02   3.7938500e+04   1.2000000e-02
  -6.5252263e-02  -2.3855895e-02   3.7935600e+04   1.2000000e-02
  -6.5249065e-02  -3.4059912e-02   3.7935600e+04   1.2000000e-02
  -6.5079457e-02  -3.0447876e-02   3.7935600e+04   1.2000000e-02
  -6.4905177e-02  -1.5915498e-02   3.7935600e+04   1.2000000e-02
  -6.4891070e-02  -1.7985730e-02   3.7935600e+04   1.2000000e-02
  -6.4723759e-02  -4.5937772e-02   3.7935600e+04   1.2000000e-02
  -6.4733026e-02  -5.2904307e-02   3.7938500e+04   1.2000000e-02
  -6.4546360e-02  -2.9547513e-02   3.7938500e+04   1.2000000e-02
  -6.4543079e-02  -6.6631922e-02   3.7941500e+04   1.2000000e-02
  -6.4384543e-02  -1.6869499e-02   3.7941500e+04   1.2000000e-02
  -6.4200255e-02   8.6910090e-03   3.7941500e+04   1.2000000e-02
  -6.4205668e-02  -1.2216193e-02   3.7938500e+04   1.2000000e-02
  -6.4029581e-02  -4.5188972e-02   3.7938500e+04   1.2000000e-02
  -6.4030565e-02  -1.6509371e-02   3.7938500e+04   1.2000000e-02
  -6.3858335e-02  -2.9574168e-02   3.7938500e+04   1.2000000e-02
  -6.3861944e-02  -4.0034314e-02   3.7938500e+04   1.2000000e-02
  -6.3693402e-02  -3.3686742e-02   3.7941500e+04   1.2000000e-02
  -6.3523794e-02  -3.4810432e-02   3.7944500e+04   1.2000000e-02
  -6.3518628e-02  -4.8555124e-02   3.7944500e+04   1.2000000e-02
  -6.3349430e-02  -2.8434072e-02   3.7941500e+04   1.2000000e-02
  -6.3344591e-02  -2.6626536e-02   3.7938500e+04   1.2000000e-02
  -6.3167766e-02  -4.8546348e-02   3.7938500e+04   1.2000000e-02
  -6.3165634e-02  -2.2571619e-02   3.7935600e+04   1.2000000e-02
  -6.2992253e-02  -1.2414260e-02   3.7935600e+04   1.2000000e-02
  -6.2810181e-02   1.4291105e-02   3.7935600e+04   1.2000000e-02
  -6.2818711e-02  -2.2697922e-02   3.7938500e+04   1.2000000e-02
  -6.2646971e-02  -3.9313237e-02   3.7938500e+04   1.2000000e-02
  -6.2657879e-02  -3.3136175e-02   3.7938500e+04   1.2000000e-02
  -6.2472934e-02  -3.7748302e-02   3.7938500e+04   1.2000000e-02
  -6.2477855e-02  -7.5628860e-03   3.7938500e+04   1.2000000e-02
  -6.2304885e-02  -3.1544256e-02   3.7938500e+04   1.2000000e-02
  -6.2116249e-02  -4.9514783e-02   3.7941500e+04   1.2000000e-02
  -6.2127978e-02  -5.2203324e-02   3.7941500e+04   1.2000000e-02
  -6.1946724e-02  -2.4831057e-02   3.7938500e+04   1.2000000e-02
  -6.1950661e-02  -4.2651586e-02   3.7938500e+04   1.2000000e-02
  -6.1764819e-02  -5.2407800e-04   3.7935600e+04   1.2000000e-02
  -6.1770724e-02   1.0065915e-02   3.7935600e+04   1.2000000e-02
  -6.1588404e-02   8.6046470e-03   3.7938500e+04   1.2000000e-02
  -6.1417812e-02  -2.8773480e-03   3.7938500e+04   1.2000000e-02
  -6.1427982e-02   3.2233680e-03   3.7938500e+04   1.2000000e-02
  -6.1256078e-02  -1.3691979e-02   3.7938500e+04   1.2000000e-02
  -6.1254027e-02  -3.7894618e-02   3.7938500e+04   1.2000000e-02
  -6.1081057e-02  -2.7406257e-02   3.7938500e+04   1.2000000e-02
  -6.1079007e-02  -6.2125850e-03   3.7938500e+04   1.2000000e-02
  -6.0908415e-02  -2.5449781e-02   3.7938500e+04   1.2000000e-02
  -6.0735364e-02  -2.6378932e-02   3.7935600e+04   1.2000000e-02
  -6.0729131e-02  -3.5478447e-02   3.7935600e+04   1.2000000e-02
  -6.0566987e-02  -1.0720233e-02   3.7935600e+04   1.2000000e-02
  -6.0567889e-02  -4.0596283e-02   3.7935600e+04   1.2000000e-02
  -6.0385159e-02  -2.3224706e-02   3.7938500e+04   1.2000000e-02
  -6.0379910e-02  -1.5740559e-02   3.7938500e+04   1.2000000e-02
  -6.0217684e-02  -2.2048607e-02   3.7938500e+04   1.2000000e-02
  -6.0031017e-02  -3.4471383e-02   3.7941500e+04   1.2000000e-02
  -6.0036020e-02  -4.0264449e-02   3.7941500e+04   1.2000000e-02
  -5.9868955e-02  -7.4424060e-03   3.7938500e+04   1.2000000e-02
  -5.9862475e-02  -8.7067500e-04   3.7938500e+04   1.2000000e-02
  -5.9690163e-02   9.0358830e-03   3.7938500e+04   1.2000000e-02
  -5.9687129e-02   1.3630552e-02   3.7938500e+04   1.2000000e-02
  -5.9504234e-02   4.9337180e-03   3.7941500e+04   1.2000000e-02
  -5.9332494e-02  -3.8833775e-02   3.7941500e+04   1.2000000e-02
  -5.9328640e-02  -5.7781340e-02   3.7938500e+04   1.2000000e-02
  -5.9150912e-02  -4.1623605e-02   3.7938500e+04   1.2000000e-02
  -5.9163789e-02  -1.8343891e-02   3.7938500e+04   1.2000000e-02
  -5.8982699e-02  -3.9482200e-04   3.7938500e+04   1.2000000e-02
  -5.8984175e-02   1.5831356e-02   3.7938500e+04   1.2000000e-02
  -5.8807924e-02  -3.9748000e-02   3.7935600e+04   1.2000000e-02
  -5.8632249e-02  -5.1638731e-02   3.7938500e+04   1.2000000e-02
  -5.8637252e-02  -3.8752580e-02   3.7938500e+04   1.2000000e-02
  -5.8474616e-02  -3.6896164e-02   3.7941500e+04   1.2000000e-02
  -5.8465184e-02  -8.0005900e-04   3.7941500e+04   1.2000000e-02
  -5.8299595e-02  -1.5622300e-03   3.7938500e+04   1.2000000e-02
  -5.8294838e-02  -2.0121492e-02   3.7938500e+04   1.2000000e-02
  -5.8128429e-02  -1.1168775e-02   3.7935600e+04   1.2000000e-02
  -5.7945863e-02   1.6199670e-03   3.7938500e+04   1.2000000e-02
  -5.7958001e-02  -3.3883989e-02   3.7941500e+04   1.2000000e-02
  -5.7780684e-02  -7.3335260e-02   3.7941500e+04   1.2000000e-02
  -5.7792167e-02  -5.0122762e-02   3.7938500e+04   1.2000000e-02
  -5.7600171e-02  -3.2983380e-02   3.7935600e+04   1.2000000e-02
  -5.7594922e-02  -7.5979000e-04   3.7935600e+04   1.2000000e-02
  -5.7421705e-02   1.2486517e-02   3.7938500e+04   1.2000000e-02
  -5.7259315e-02   6.3914500e-04   3.7938500e+04   1.2000000e-02
  -5.7249309e-02  -1.3051110e-02   3.7938500e+04   1.2000000e-02
  -5.7084376e-02  -2.1223039e-02   3.7938500e+04   1.2000000e-02
  -5.7091840e-02   8.8781600e-04   3.7938500e+04   1.2000000e-02
  -5.6917147e-02  -1.8874529e-02   3.7938500e+04   1.2000000e-02
  -5.6917147e-02  -1.9345789e-02   3.7941500e+04   1.2000000e-02
  -5.6727364e-02   3.2400990e-03   3.7947500e+04   1.2000000e-02
  -5.6737451e-02  -9.4900010e-03   3.7947500e+04   1.2000000e-02
  -5.6571862e-02   7.3088850e-03   3.7947500e+04   1.2000000e-02
  -5.6393727e-02  -1.9932610e-02   3.7947500e+04   1.2000000e-02
  -5.6395778e-02  -8.9983200e-03   3.7947500e+04   1.2000000e-02
  -5.6217886e-02  -2.5957784e-02   3.7944500e+04   1.2000000e-02
  -5.6205174e-02  -2.9909201e-02   3.7944500e+04   1.2000000e-02
  -5.6036140e-02  -3.0400553e-02   3.7944500e+04   1.2000000e-02
  -5.6032532e-02  -2.1936736e-02   3.7944500e+04   1.2000000e-02
  -5.5855953e-02  -3.1220215e-02   3.7941500e+04   1.2000000e-02
  -5.5691840e-02   1.7200111e-02   3.7941500e+04   1.2000000e-02
  -5.5685689e-02   1.6600168e-02   3.7941500e+04   1.2000000e-02
  -5.5523955e-02  -8.2888860e-03   3.7941500e+04   1.2000000e-02
  -5.5527153e-02  -2.8617868e-02   3.7941500e+04   1.2000000e-02
  -5.5353283e-02  -4.0454643e-02   3.7941500e+04   1.2000000e-02
  -5.5343933e-02  -3.4802231e-02   3.7941500e+04   1.2000000e-02
  -5.5179164e-02   2.4687000e-05   3.7941500e+04   1.2000000e-02
  -5.5009721e-02   1.6503390e-02   3.7941500e+04   1.2000000e-02
  -5.5003898e-02   2.3393755e-02   3.7938500e+04   1.2000000e-02
  -5.4815836e-02  -8.4954020e-03   3.7938500e+04   1.2000000e-02
  -5.4825268e-02   1.1563189e-02   3.7935600e+04   1.2000000e-02
  -5.4645409e-02  -1.2804250e-03   3.7935600e+04   1.2000000e-02
  -5.4652626e-02  -2.6187672e-02   3.7938500e+04   1.2000000e-02
  -5.4471700e-02  -5.1635942e-02   3.7941500e+04   1.2000000e-02
  -5.4310294e-02  -2.5861252e-02   3.7944500e+04   1.2000000e-02
  -5.4300616e-02  -3.5645759e-02   3.7944500e+04   1.2000000e-02
  -5.4128466e-02   4.2582400e-04   3.7944500e+04   1.2000000e-02
  -5.4124365e-02   1.6791100e-02   3.7941500e+04   1.2000000e-02
  -5.3961319e-02   3.2304324e-02   3.7944500e+04   1.2000000e-02
  -5.3966486e-02   2.2119646e-02   3.7944500e+04   1.2000000e-02
  -5.3785314e-02  -2.1524773e-02   3.7941500e+04   1.2000000e-02
  -5.3606274e-02  -1.2156075e-02   3.7941500e+04   1.2000000e-02
  -5.3619889e-02  -2.8705707e-02   3.7944500e+04   1.2000000e-02
  -5.3437979e-02  -3.6644400e-04   3.7941500e+04   1.2000000e-02
  -5.3432156e-02   3.1730930e-03   3.7941500e+04   1.2000000e-02
  -5.3259188e-02  -1.4956901e-02   3.7941500e+04   1.2000000e-02
  -5.3262632e-02   5.5150420e-03   3.7941500e+04   1.2000000e-02
  -5.3078754e-02  -1.3490220e-02   3.7941500e+04   1.2000000e-02
  -5.2923417e-02  -3.0861590e-03   3.7941500e+04   1.2000000e-02
  -5.2919890e-02  -2.3885831e-02   3.7941500e+04   1.2000000e-02
  -5.2742163e-02  -2.9874262e-02   3.7941500e+04   1.2000000e-02
  -5.2755695e-02  -1.9649656e-02   3.7941500e+04   1.2000000e-02
  -5.2582643e-02  -2.9340260e-02   3.7941500e+04   1.2000000e-02
  -5.2596996e-02   1.6390455e-02   3.7941500e+04   1.2000000e-02
  -5.2409919e-02  -1.3984938e-02   3.7941500e+04   1.2000000e-02
  -5.2239985e-02  -9.0959190e-03   3.7941500e+04   1.2000000e-02
  -5.2226124e-02  -3.0107678e-02   3.7941500e+04   1.2000000e-02
  -5.2051104e-02  -2.8996697e-02   3.7941500e+04   1.2000000e-02
  -5.2051678e-02  -3.1028080e-03   3.7941500e+04   1.2000000e-02
  -5.1888959e-02   7.4114860e-03   3.7941500e+04   1.2000000e-02
  -5.1889124e-02  -1.3676314e-02   3.7941500e+04   1.2000000e-02
  -5.1704179e-02  -9.5180500e-03   3.7941500e+04   1.2000000e-02
  -5.1537606e-02  -1.4257557e-02   3.7941500e+04   1.2000000e-02
  -5.1535309e-02   2.3458040e-03   3.7941500e+04   1.2000000e-02
  -5.1372509e-02  -3.1238914e-02   3.7941500e+04   1.2000000e-02
  -5.1366850e-02  -2.3531607e-02   3.7941500e+04   1.2000000e-02
  -5.1198474e-02   2.5692960e-03   3.7941500e+04   1.2000000e-02
  -5.1190191e-02   2.4285345e-02   3.7944500e+04   1.2000000e-02
  -5.1012054e-02   1.8789898e-02   3.7944500e+04   1.2000000e-02
  -5.0841462e-02  -1.3417144e-02   3.7944500e+04   1.2000000e-02
  -5.0832522e-02  -1.6987683e-02   3.7944500e+04   1.2000000e-02
  -5.0652580e-02  -3.4982860e-03   3.7947500e+04   1.2000000e-02
  -5.0647824e-02   1.3552965e-02   3.7947500e+04   1.2000000e-02
  -5.0469276e-02  -9.8794920e-03   3.7947500e+04   1.2000000e-02
  -5.0488550e-02   9.2501070e-03   3.7947500e+04   1.2000000e-02
  -5.0313857e-02   3.5729867e-02   3.7947500e+04   1.2000000e-02
  -5.0149007e-02   2.1263813e-02   3.7947500e+04   1.2000000e-02
  -5.0144825e-02   2.6831186e-02   3.7950500e+04   1.2000000e-02
  -4.9968082e-02  -7.2316260e-03   3.7950500e+04   1.2000000e-02
  -4.9958896e-02  -5.1243173e-02   3.7953400e+04   1.2000000e-02
  -4.9798556e-02  -9.6163000e-04   3.7953400e+04   1.2000000e-02
  -4.9804133e-02   2.7275220e-02   3.7956400e+04   1.2000000e-02
  -4.9621321e-02   3.6407440e-03   3.7959400e+04   1.2000000e-02
  -4.9461555e-02  -1.3051356e-02   3.7956400e+04   1.2000000e-02
  -4.9459176e-02  -3.7243089e-02   3.7953400e+04   1.2000000e-02
  -4.9272428e-02   1.1705321e-02   3.7953400e+04   1.2000000e-02
  -4.9268901e-02   2.2552769e-02   3.7950500e+04   1.2000000e-02
  -4.9078381e-02   1.8601017e-02   3.7950500e+04   1.2000000e-02
  -4.9086255e-02   5.2717850e-03   3.7953400e+04   1.2000000e-02
  -4.8917631e-02  -1.3017155e-02   3.7950500e+04   1.2000000e-02
  -4.8738182e-02  -2.0659700e-04   3.7950500e+04   1.2000000e-02
  -4.8733835e-02   5.7342690e-03   3.7950500e+04   1.2000000e-02
  -4.8560044e-02  -2.1868610e-03   3.7950500e+04   1.2000000e-02
  -4.8568164e-02  -1.1305330e-02   3.7950500e+04   1.2000000e-02
  -4.8398474e-02  -1.2560002e-02   3.7953400e+04   1.2000000e-02
  -4.8397162e-02  -7.6018430e-03   3.7953400e+04   1.2000000e-02
  -4.8218369e-02  -3.3692760e-03   3.7953400e+04   1.2000000e-02
  -4.8048845e-02   1.7757733e-02   3.7953400e+04   1.2000000e-02
  -4.8038429e-02   3.8476690e-03   3.7956400e+04   1.2000000e-02
  -4.7878909e-02   5.1511695e-02   3.7956400e+04   1.2000000e-02
  -4.7865541e-02   5.2277430e-03   3.7956400e+04   1.2000000e-02
  -4.7677398e-02   1.9308564e-02   3.7953400e+04   1.2000000e-02
  -4.7690356e-02  -1.6361579e-02   3.7953400e+04   1.2000000e-02
  -4.7505411e-02  -1.6484356e-02   3.7953400e+04   1.2000000e-02
  -4.7512055e-02  -4.3029400e-03   3.7956400e+04   1.2000000e-02
  -4.7351961e-02  -1.3713713e-02   3.7953400e+04   1.2000000e-02
  -4.7181287e-02  -2.7188505e-02   3.7953400e+04   1.2000000e-02
  -4.7174726e-02   1.9570439e-02   3.7953400e+04   1.2000000e-02
  -4.6994704e-02   1.8097278e-02   3.7950500e+04   1.2000000e-02
  -4.6998559e-02   4.7435240e-03   3.7953400e+04   1.2000000e-02
  -4.6826655e-02  -2.1570866e-02   3.7953400e+04   1.2000000e-02
  -4.6830345e-02  -3.8955732e-02   3.7953400e+04   1.2000000e-02
  -4.6658441e-02  -2.1047526e-02   3.7953400e+04   1.2000000e-02
  -4.6477433e-02  -1.9018958e-02   3.7953400e+04   1.2000000e-02
  -4.6473743e-02   3.8284800e-04   3.7950500e+04   1.2000000e-02
  -4.6300280e-02  -4.1067570e-03   3.7950500e+04   1.2000000e-02
  -4.6309138e-02   1.9034223e-02   3.7953400e+04   1.2000000e-02
  -4.6142155e-02   3.3912485e-02   3.7950500e+04   1.2000000e-02
  -4.6127966e-02  -3.0527780e-03   3.7950500e+04   1.2000000e-02
  -4.5965903e-02  -1.3666063e-02   3.7950500e+04   1.2000000e-02
  -4.5786453e-02  -1.0014407e-02   3.7950500e+04   1.2000000e-02
  -4.5785715e-02  -3.3649290e-03   3.7950500e+04   1.2000000e-02
  -4.5607906e-02  -4.0331900e-03   3.7950500e+04   1.2000000e-02
  -4.5594373e-02  -6.8786300e-04   3.7950500e+04   1.2000000e-02
  -4.5423207e-02  -1.1915852e-02   3.7947500e+04   1.2000000e-02
  -4.5429933e-02  -1.9882170e-03   3.7944500e+04   1.2000000e-02
  -4.5254666e-02  -3.0941690e-02   3.7944500e+04   1.2000000e-02
  -4.5063242e-02  -9.6471430e-03   3.7947500e+04   1.2000000e-02
  -4.5055041e-02   1.8620044e-02   3.7947500e+04   1.2000000e-02
  -4.4888551e-02  -1.1348306e-02   3.7950500e+04   1.2000000e-02
  -4.4885107e-02  -3.5269390e-02   3.7950500e+04   1.2000000e-02
  -4.4716401e-02  -1.6871303e-02   3.7950500e+04   1.2000000e-02
  -4.4726489e-02   2.2790449e-02   3.7950500e+04   1.2000000e-02
  -4.4567133e-02   9.4179930e-03   3.7950500e+04   1.2000000e-02
  -4.4385387e-02  -2.4821625e-02   3.7950500e+04   1.2000000e-02
  -4.4389078e-02  -1.8560083e-02   3.7950500e+04   1.2000000e-02
  -4.4210695e-02   1.1383657e-02   3.7950500e+04   1.2000000e-02
  -4.4219716e-02   2.2886325e-02   3.7950500e+04   1.2000000e-02
  -4.4046582e-02   2.7604348e-02   3.7947500e+04   1.2000000e-02
  -4.4040677e-02   4.8655630e-03   3.7944500e+04   1.2000000e-02
  -4.3881978e-02   1.7876880e-03   3.7944500e+04   1.2000000e-02
  -4.3698428e-02  -6.1347520e-03   3.7941500e+04   1.2000000e-02
  -4.3712863e-02   1.2694921e-02   3.7938500e+04   1.2000000e-02
  -4.3522259e-02  -3.3039910e-03   3.7938500e+04   1.2000000e-02
  -4.3529066e-02   4.0758316e-02   3.7938500e+04   1.2000000e-02
  -4.3342071e-02   3.0270014e-02   3.7938500e+04   1.2000000e-02
  -4.3352816e-02  -1.0336410e-03   3.7941500e+04   1.2000000e-02
  -4.3191901e-02  -1.7151140e-02   3.7941500e+04   1.2000000e-02
  -4.3013928e-02  -1.6638053e-02   3.7944500e+04   1.2000000e-02
  -4.3005645e-02   1.2717229e-02   3.7944500e+04   1.2000000e-02
  -4.2838417e-02   5.4392600e-03   3.7944500e+04   1.2000000e-02
  -4.2847193e-02  -5.6213300e-04   3.7944500e+04   1.2000000e-02
  -4.2645681e-02   2.9342746e-02   3.7947500e+04   1.2000000e-02
  -4.2653883e-02   1.2958518e-02   3.7947500e+04   1.2000000e-02
  -4.2491165e-02   2.8047313e-02   3.7947500e+04   1.2000000e-02
  -4.2303103e-02   1.8613319e-02   3.7950500e+04   1.2000000e-02
  -4.2296542e-02  -3.8408936e-02   3.7950500e+04   1.2000000e-02
  -4.2129559e-02  -5.8070190e-03   3.7950500e+04   1.2000000e-02
  -4.2126360e-02  -1.4557740e-03   3.7950500e+04   1.2000000e-02
  -4.1952078e-02   1.6905102e-02   3.7950500e+04   1.2000000e-02
  -4.1962658e-02   1.2117940e-02   3.7950500e+04   1.2000000e-02
  -4.1791081e-02  -1.7465504e-02   3.7953400e+04   1.2000000e-02
  -4.1624508e-02   6.8810900e-04   3.7953400e+04   1.2000000e-02
  -4.1627706e-02  -3.2641048e-02   3.7956400e+04   1.2000000e-02
  -4.1447601e-02  -1.4697978e-02   3.7956400e+04   1.2000000e-02
  -4.1431608e-02   7.7780120e-03   3.7956400e+04   1.2000000e-02
  -4.1266921e-02   2.8710900e-02   3.7956400e+04   1.2000000e-02
  -4.1271268e-02   1.1075115e-02   3.7956400e+04   1.2000000e-02
  -4.1098707e-02  -6.7685680e-03   3.7956400e+04   1.2000000e-02
  -4.0920570e-02   2.1534628e-02   3.7956400e+04   1.2000000e-02
  -4.0929100e-02   3.3746075e-02   3.7953400e+04   1.2000000e-02
  -4.0748832e-02  -5.9988530e-03   3.7953400e+04   1.2000000e-02
  -4.0763431e-02  -8.1862030e-03   3.7950500e+04   1.2000000e-02
  -4.0568070e-02  -1.4604490e-03   3.7950500e+04   1.2000000e-02
  -4.0570203e-02   5.8148900e-04   3.7950500e+04   1.2000000e-02
  -4.0395674e-02   2.8716870e-03   3.7953400e+04   1.2000000e-02
  -4.0210647e-02  -8.3385070e-03   3.7953400e+04   1.2000000e-02
  -4.0206957e-02   3.9113169e-02   3.7953400e+04   1.2000000e-02
  -4.0051128e-02   2.6104202e-02   3.7953400e+04   1.2000000e-02
  -4.0053834e-02   3.0376552e-02   3.7953400e+04   1.2000000e-02
  -3.9880536e-02   2.7937720e-03   3.7950500e+04   1.2000000e-02
  -3.9877747e-02  -2.3632404e-02   3.7950500e+04   1.2000000e-02
  -3.9697479e-02  -1.0719167e-02   3.7947500e+04   1.2000000e-02
  -3.9527461e-02   3.6151672e-02   3.7947500e+04   1.2000000e-02
  -3.9523196e-02   4.4220273e-02   3.7947500e+04   1.2000000e-02
  -3.9343336e-02   6.1528329e-02   3.7950500e+04   1.2000000e-02
  -3.9351784e-02   3.5505634e-02   3.7950500e+04   1.2000000e-02
  -3.9185621e-02   8.9552620e-03   3.7950500e+04   1.2000000e-02
  -3.9175861e-02   2.2656518e-02   3.7950500e+04   1.2000000e-02
  -3.9013635e-02  -3.9950905e-02   3.7947500e+04   1.2000000e-02
  -3.8830002e-02   4.5200686e-02   3.7947500e+04   1.2000000e-02
  -3.8837876e-02   5.9111579e-02   3.7947500e+04   1.2000000e-02
  -3.8667612e-02   2.2202318e-02   3.7944500e+04   1.2000000e-02
  -3.8663183e-02  -1.6858345e-02   3.7941500e+04   1.2000000e-02
  -3.8487588e-02   2.6467695e-02   3.7938500e+04   1.2000000e-02
  -3.8491689e-02   5.3800583e-02   3.7938500e+04   1.2000000e-02
  -3.8306991e-02   3.1053343e-02   3.7938500e+04   1.2000000e-02
  -3.8335122e-02   9.9702850e-03   3.7941500e+04   1.2000000e-02
  -3.8141320e-02   8.8138680e-03   3.7944500e+04   1.2000000e-02
  -3.7975731e-02   2.8479452e-02   3.7947500e+04   1.2000000e-02
  -3.7968185e-02   6.2192260e-03   3.7947500e+04   1.2000000e-02
  -3.7789638e-02   5.3328418e-02   3.7947500e+04   1.2000000e-02
  -3.7790048e-02   1.7639549e-02   3.7947500e+04   1.2000000e-02
  -3.7616177e-02  -9.6090870e-03   3.7947500e+04   1.2000000e-02
  -3.7604941e-02   2.6605316e-02   3.7950500e+04   1.2000000e-02
  -3.7436481e-02   3.5697143e-02   3.7950500e+04   1.2000000e-02
  -3.7265315e-02   1.5533885e-02   3.7953400e+04   1.2000000e-02
  -3.7270974e-02   1.4404615e-02   3.7950500e+04   1.2000000e-02
  -3.7096774e-02   1.4911060e-02   3.7953400e+04   1.2000000e-02
  -3.7103581e-02   3.2146527e-02   3.7953400e+04   1.2000000e-02
  -3.6921425e-02   7.7283000e-04   3.7950500e+04   1.2000000e-02
  -3.6922491e-02   1.3924579e-02   3.7950500e+04   1.2000000e-02
  -3.6753785e-02   9.9782400e-03   3.7950500e+04   1.2000000e-02
  -3.6572697e-02   3.3982690e-02   3.7950500e+04   1.2000000e-02
  -3.6567776e-02   1.4583572e-02   3.7950500e+04   1.2000000e-02
  -3.6415063e-02  -2.1529060e-03   3.7950500e+04   1.2000000e-02
  -3.6403007e-02   2.5636878e-02   3.7953400e+04   1.2000000e-02
  -3.6235778e-02   4.1893082e-02   3.7953400e+04   1.2000000e-02
  -3.6226428e-02   2.9922023e-02   3.7953400e+04   1.2000000e-02
  -3.6065104e-02   2.9262781e-02   3.7953400e+04   1.2000000e-02
  -3.5877699e-02   2.6469991e-02   3.7953400e+04   1.2000000e-02
  -3.5882538e-02   6.6731020e-03   3.7953400e+04   1.2000000e-02
  -3.5707189e-02   9.1130600e-03   3.7953400e+04   1.2000000e-02
  -3.5715062e-02  -1.7817030e-03   3.7950500e+04   1.2000000e-02
  -3.5532331e-02   1.5966599e-02   3.7950500e+04   1.2000000e-02
  -3.5511253e-02   1.1688590e-02   3.7950500e+04   1.2000000e-02
  -3.5335412e-02   2.8210830e-03   3.7950500e+04   1.2000000e-02
  -3.5162688e-02   2.9041175e-02   3.7953400e+04   1.2000000e-02
  -3.5162114e-02   2.2600994e-02   3.7953400e+04   1.2000000e-02
  -3.4998247e-02  -2.2153914e-02   3.7956400e+04   1.2000000e-02
  -3.5005219e-02   4.2330062e-02   3.7956400e+04   1.2000000e-02
  -3.4838728e-02   5.1824173e-02   3.7956400e+04   1.2000000e-02
  -3.4834873e-02   7.3562296e-02   3.7956400e+04   1.2000000e-02
  -3.4662641e-02   2.6714643e-02   3.7959400e+04   1.2000000e-02
  -3.4494675e-02   1.3422807e-02   3.7962400e+04   1.2000000e-02
  -3.4489016e-02   2.4189141e-02   3.7962400e+04   1.2000000e-02
  -3.4312273e-02   5.6073725e-02   3.7962400e+04   1.2000000e-02
  -3.4311617e-02   2.1011206e-02   3.7959400e+04   1.2000000e-02
  -3.4127657e-02   3.8850720e-02   3.7959400e+04   1.2000000e-02
  -3.4132578e-02   6.5545850e-02   3.7956400e+04   1.2000000e-02
  -3.3944927e-02   4.2209746e-02   3.7956400e+04   1.2000000e-02
  -3.3783931e-02   1.2165509e-02   3.7953400e+04   1.2000000e-02
  -3.3788605e-02   1.1552691e-02   3.7953400e+04   1.2000000e-02
  -3.3604071e-02   2.3142952e-02   3.7953400e+04   1.2000000e-02
  -3.3610386e-02   3.9811694e-02   3.7950500e+04   1.2000000e-02
  -3.3439795e-02   4.0185275e-02   3.7953400e+04   1.2000000e-02
  -3.3436105e-02   1.0189594e-02   3.7953400e+04   1.2000000e-02
  -3.3270352e-02   1.0315980e-02   3.7953400e+04   1.2000000e-02
  -3.3097873e-02   3.8088302e-02   3.7950500e+04   1.2000000e-02
  -3.3096479e-02   3.1139952e-02   3.7950500e+04   1.2000000e-02
  -3.2913257e-02   3.6727503e-02   3.7950500e+04   1.2000000e-02
  -3.2920310e-02   2.8983519e-02   3.7950500e+04   1.2000000e-02
  -3.2744305e-02   4.2358850e-02   3.7950500e+04   1.2000000e-02
  -3.2752671e-02   4.9887871e-02   3.7950500e+04   1.2000000e-02
  -3.2569449e-02   3.6551579e-02   3.7953400e+04   1.2000000e-02
  -3.2390162e-02   3.7821096e-02   3.7953400e+04   1.2000000e-02
  -3.2404515e-02   5.4311538e-02   3.7950500e+04   1.2000000e-02
  -3.2243519e-02   1.9242706e-02   3.7950500e+04   1.2000000e-02
  -3.2225803e-02   2.3529162e-02   3.7950500e+04   1.2000000e-02
  -3.2048978e-02   2.6206065e-02   3.7953400e+04   1.2000000e-02
  -3.2056114e-02   1.2085544e-02   3.7953400e+04   1.2000000e-02
  -3.1877156e-02   5.9418644e-02   3.7953400e+04   1.2000000e-02
  -3.1692704e-02   6.1741568e-02   3.7953400e+04   1.2000000e-02
  -3.1701479e-02   4.8541095e-02   3.7953400e+04   1.2000000e-02
  -3.1531380e-02   3.7902127e-02   3.7956400e+04   1.2000000e-02
  -3.1534906e-02   1.7485606e-02   3.7956400e+04   1.2000000e-02
  -3.1358656e-02   7.5335250e-03   3.7956400e+04   1.2000000e-02
  -3.1362265e-02   1.8060372e-02   3.7956400e+04   1.2000000e-02
  -3.1179043e-02   6.9507040e-02   3.7956400e+04   1.2000000e-02
  -3.0991802e-02   9.1977555e-02   3.7956400e+04   1.2000000e-02
  -3.0996805e-02   4.4912810e-02   3.7953400e+04   1.2000000e-02
  -3.0824327e-02   2.6615076e-02   3.7953400e+04   1.2000000e-02
  -3.0833922e-02   1.2129176e-02   3.7953400e+04   1.2000000e-02
  -3.0660624e-02   2.3468061e-02   3.7953400e+04   1.2000000e-02
  -3.0663494e-02   6.0480089e-02   3.7953400e+04   1.2000000e-02
  -3.0489868e-02   3.9982943e-02   3.7953400e+04   1.2000000e-02
  -3.0312962e-02   3.0361707e-02   3.7953400e+04   1.2000000e-02
  -3.0315586e-02   6.7361188e-02   3.7956400e+04   1.2000000e-02
  -3.0136465e-02   6.6314917e-02   3.7956400e+04   1.2000000e-02
  -3.0144174e-02   5.4578584e-02   3.7956400e+04   1.2000000e-02
  -2.9968826e-02   3.0119270e-02   3.7956400e+04   1.2000000e-02
  -2.9972024e-02   2.6471959e-02   3.7953400e+04   1.2000000e-02
  -2.9780190e-02   5.3287493e-02   3.7953400e+04   1.2000000e-02
  -2.9607548e-02   4.8171778e-02   3.7953400e+04   1.2000000e-02
  -2.9602955e-02   4.5192976e-02   3.7953400e+04   1.2000000e-02
  -2.9428919e-02   1.8271233e-02   3.7953400e+04   1.2000000e-02
  -2.9439991e-02   3.0778018e-02   3.7953400e+04   1.2000000e-02
  -2.9270382e-02   4.0702053e-02   3.7953400e+04   1.2000000e-02
  -2.9281700e-02   1.1551378e-02   3.7953400e+04   1.2000000e-02
  -2.9099462e-02   3.0353342e-02   3.7953400e+04   1.2000000e-02
  -2.9100282e-02   4.9615580e-02   3.7953400e+04   1.2000000e-02
  -2.8920259e-02   6.0058694e-02   3.7953400e+04   1.2000000e-02
  -2.8748847e-02   7.9289026e-02   3.7953400e+04   1.2000000e-02
  -2.8744336e-02   5.8145601e-02   3.7953400e+04   1.2000000e-02
  -2.8577107e-02   3.4664239e-02   3.7953400e+04   1.2000000e-02
  -2.8567921e-02   4.0088415e-02   3.7953400e+04   1.2000000e-02
  -2.8393392e-02   3.7748675e-02   3.7953400e+04   1.2000000e-02
  -2.8396673e-02   5.5534555e-02   3.7950500e+04   1.2000000e-02
  -2.8219275e-02   5.8216872e-02   3.7950500e+04   1.2000000e-02
  -2.8048355e-02   5.7375393e-02   3.7947500e+04   1.2000000e-02
  -2.8049831e-02   3.9913722e-02   3.7944500e+04   1.2000000e-02
  -2.7875221e-02   3.9931519e-02   3.7947500e+04   1.2000000e-02
  -2.7886949e-02   5.5826531e-02   3.7947500e+04   1.2000000e-02
  -2.7695689e-02   5.6156479e-02   3.7947500e+04   1.2000000e-02
  -2.7702250e-02   6.1001708e-02   3.7947500e+04   1.2000000e-02
  -2.7522637e-02   5.8182671e-02   3.7947500e+04   1.2000000e-02
  -2.7352209e-02   3.8822261e-02   3.7950500e+04   1.2000000e-02
  -2.7354751e-02   4.9416775e-02   3.7953400e+04   1.2000000e-02
  -2.7185471e-02   5.8537306e-02   3.7953400e+04   1.2000000e-02
  -2.7174235e-02   1.1215250e-01   3.7953400e+04   1.2000000e-02
  -2.6998640e-02   2.9416645e-02   3.7953400e+04   1.2000000e-02
  -2.6998640e-02   2.9879539e-02   3.7953400e+04   1.2000000e-02
  -2.6827802e-02   5.3803535e-02   3.7953400e+04   1.2000000e-02
  -2.6656964e-02   5.3920407e-02   3.7953400e+04   1.2000000e-02
  -2.6659506e-02   5.6373409e-02   3.7953400e+04   1.2000000e-02
  -2.6484404e-02   4.5771758e-02   3.7956400e+04   1.2000000e-02
  -2.6480959e-02   1.0004819e-01   3.7953400e+04   1.2000000e-02
  -2.6310695e-02   3.9059203e-02   3.7953400e+04   1.2000000e-02
  -2.6316764e-02   3.2037610e-02   3.7956400e+04   1.2000000e-02
  -2.6143139e-02   3.9219953e-02   3.7956400e+04   1.2000000e-02
  -2.5982635e-02   5.8031435e-02   3.7956400e+04   1.2000000e-02
  -2.5976730e-02   5.0625763e-02   3.7953400e+04   1.2000000e-02
  -2.5797608e-02   3.4919635e-02   3.7953400e+04   1.2000000e-02
  -2.5797690e-02   3.4326990e-02   3.7950500e+04   1.2000000e-02
  -2.5612910e-02   5.4009804e-02   3.7950500e+04   1.2000000e-02
  -2.5617831e-02   4.7568883e-02   3.7950500e+04   1.2000000e-02
  -2.5442728e-02   3.6290934e-02   3.7950500e+04   1.2000000e-02
  -2.5259506e-02   5.5036230e-02   3.7950500e+04   1.2000000e-02
  -2.5250238e-02   6.7196092e-02   3.7947500e+04   1.2000000e-02
  -2.5088913e-02   4.6967627e-02   3.7947500e+04   1.2000000e-02
  -2.5089323e-02   4.3952245e-02   3.7947500e+04   1.2000000e-02
  -2.4922750e-02   2.5928689e-02   3.7947500e+04   1.2000000e-02
  -2.4924390e-02   6.1120384e-02   3.7947500e+04   1.2000000e-02
  -2.4756095e-02   7.4776536e-02   3.7947500e+04   1.2000000e-02
  -2.4575087e-02   7.0273231e-02   3.7947500e+04   1.2000000e-02
  -2.4570822e-02   4.0391625e-02   3.7947500e+04   1.2000000e-02
  -2.4394079e-02   4.4530044e-02   3.7947500e+04   1.2000000e-02
  -2.4387354e-02   2.7556350e-03   3.7944500e+04   1.2000000e-02
  -2.4217090e-02   1.9012981e-02   3.7941500e+04   1.2000000e-02
  -2.4208150e-02   5.8655190e-02   3.7941500e+04   1.2000000e-02
  -2.4042316e-02   4.3438502e-02   3.7941500e+04   1.2000000e-02
  -2.3874595e-02   4.8669285e-02   3.7944500e+04   1.2000000e-02
  -2.3868690e-02   6.0788056e-02   3.7944500e+04   1.2000000e-02
  -2.3701297e-02   3.7630327e-02   3.7947500e+04   1.2000000e-02
  -2.3708022e-02   2.0390431e-02   3.7944500e+04   1.2000000e-02
  -2.3536118e-02   8.0025430e-02   3.7944500e+04   1.2000000e-02
  -2.3539070e-02   9.8533214e-02   3.7947500e+04   1.2000000e-02
  -2.3355602e-02   4.5005569e-02   3.7947500e+04   1.2000000e-02
  -2.3190505e-02   2.0620402e-02   3.7950500e+04   1.2000000e-02
  -2.3175988e-02   8.0305740e-02   3.7950500e+04   1.2000000e-02
  -2.3001707e-02   1.0025013e-01   3.7950500e+04   1.2000000e-02
  -2.3002609e-02   8.5918419e-02   3.7947500e+04   1.2000000e-02
  -2.2842023e-02   4.7367782e-02   3.7947500e+04   1.2000000e-02
  -2.2838086e-02   5.0030905e-02   3.7950500e+04   1.2000000e-02
  -2.2648303e-02   3.6800660e-02   3.7950500e+04   1.2000000e-02
  -2.2492474e-02   2.7312619e-02   3.7950500e+04   1.2000000e-02
  -2.2487635e-02   6.0786990e-02   3.7950500e+04   1.2000000e-02
  -2.2325819e-02   8.3811851e-02   3.7950500e+04   1.2000000e-02
  -2.2318109e-02   7.1821436e-02   3.7950500e+04   1.2000000e-02
  -2.2154407e-02   6.6078631e-02   3.7950500e+04   1.2000000e-02
  -2.2160394e-02   5.4694964e-02   3.7950500e+04   1.2000000e-02
  -2.1982256e-02   6.1967850e-02   3.7953400e+04   1.2000000e-02
  -2.1802477e-02   6.4925982e-02   3.7950500e+04   1.2000000e-02
  -2.1795670e-02   3.3717944e-02   3.7950500e+04   1.2000000e-02
  -2.1636314e-02   5.4959873e-02   3.7950500e+04   1.2000000e-02
  -2.1632131e-02   6.7362665e-02   3.7950500e+04   1.2000000e-02
  -2.1444972e-02   5.9004221e-02   3.7947500e+04   1.2000000e-02
  -2.1453584e-02   5.9724644e-02   3.7947500e+04   1.2000000e-02
  -2.1286108e-02   7.1687669e-02   3.7947500e+04   1.2000000e-02
  -2.1107397e-02   9.5470560e-02   3.7947500e+04   1.2000000e-02
  -2.1106331e-02   7.1976035e-02   3.7947500e+04   1.2000000e-02
  -2.0922534e-02   3.2447687e-02   3.7947500e+04   1.2000000e-02
  -2.0931884e-02   5.3653693e-02   3.7947500e+04   1.2000000e-02
  -2.0744398e-02   3.4312801e-02   3.7947500e+04   1.2000000e-02
  -2.0742020e-02   9.0783900e-02   3.7947500e+04   1.2000000e-02
  -2.0562898e-02   7.6092020e-02   3.7947500e+04   1.2000000e-02
  -2.0390912e-02   9.5519730e-02   3.7947500e+04   1.2000000e-02
  -2.0393044e-02   5.9245182e-02   3.7947500e+04   1.2000000e-02
  -2.0228194e-02   4.1337510e-02   3.7947500e+04   1.2000000e-02
  -2.0235001e-02   6.3892259e-02   3.7947500e+04   1.2000000e-02
  -2.0054485e-02   6.7160087e-02   3.7944500e+04   1.2000000e-02
  -2.0056208e-02   6.6558502e-02   3.7941500e+04   1.2000000e-02
  -1.9866588e-02   8.8440886e-02   3.7947500e+04   1.2000000e-02
  -1.9883073e-02   7.0921152e-02   3.7947500e+04   1.2000000e-02
  -1.9711577e-02   5.3443568e-02   3.7947500e+04   1.2000000e-02
  -1.9552221e-02   4.3610488e-02   3.7950500e+04   1.2000000e-02
  -1.9542133e-02   9.9113810e-02   3.7950500e+04   1.2000000e-02
  -1.9378431e-02   6.5657397e-02   3.7950500e+04   1.2000000e-02
  -1.9370229e-02   4.1822877e-02   3.7953400e+04   1.2000000e-02
  -1.9202918e-02   3.3481493e-02   3.7953400e+04   1.2000000e-02
  -1.9200376e-02   5.8953289e-02   3.7956400e+04   1.2000000e-02
  -1.9027077e-02   1.1119271e-01   3.7962400e+04   1.2000000e-02
  -1.8855583e-02   5.1969340e-02   3.7962400e+04   1.2000000e-02
  -1.8853205e-02   5.7424766e-02   3.7962400e+04   1.2000000e-02
  -1.8680481e-02   8.2899185e-02   3.7962400e+04   1.2000000e-02
  -1.8672772e-02   3.9895104e-02   3.7956400e+04   1.2000000e-02
  -1.8501114e-02   2.2884849e-02   3.7956400e+04   1.2000000e-02
  -1.8504887e-02   1.1002474e-01   3.7956400e+04   1.2000000e-02
  -1.8322731e-02   9.2015446e-02   3.7956400e+04   1.2000000e-02
  -1.8152877e-02   7.6899096e-02   3.7956400e+04   1.2000000e-02
  -1.8146398e-02   4.8469085e-02   3.7959400e+04   1.2000000e-02
  -1.7979250e-02   9.6269700e-02   3.7959400e+04   1.2000000e-02
  -1.7973919e-02   9.7299373e-02   3.7959400e+04   1.2000000e-02
  -1.7792420e-02   5.1832621e-02   3.7959400e+04   1.2000000e-02
  -1.7797669e-02   5.7515721e-02   3.7959400e+04   1.2000000e-02
  -1.7615264e-02   7.3344625e-02   3.7956400e+04   1.2000000e-02
  -1.7455499e-02   6.1989912e-02   3.7956400e+04   1.2000000e-02
  -1.7441228e-02   5.7701816e-02   3.7956400e+04   1.2000000e-02
  -1.7251855e-02   6.5810766e-02   3.7956400e+04   1.2000000e-02
  -1.7261614e-02   5.7782929e-02   3.7959400e+04   1.2000000e-02
  -1.7089218e-02   7.2430483e-02   3.7956400e+04   1.2000000e-02
  -1.7084461e-02   6.1838265e-02   3.7956400e+04   1.2000000e-02
  -1.6922399e-02   5.0405962e-02   3.7956400e+04   1.2000000e-02
  -1.6757712e-02   4.3291038e-02   3.7956400e+04   1.2000000e-02
  -1.6756564e-02   6.1785611e-02   3.7956400e+04   1.2000000e-02
  -1.6585317e-02   3.2067710e-02   3.7956400e+04   1.2000000e-02
  -1.6600162e-02   9.3769820e-02   3.7956400e+04   1.2000000e-02
  -1.6425141e-02   1.2446252e-01   3.7956400e+04   1.2000000e-02
  -1.6423993e-02   4.7677308e-02   3.7956400e+04   1.2000000e-02
  -1.6247168e-02   2.1702103e-02   3.7959400e+04   1.2000000e-02
  -1.6069605e-02   3.6258128e-02   3.7956400e+04   1.2000000e-02
  -1.6081579e-02   1.0082602e-01   3.7953400e+04   1.2000000e-02
  -1.5896470e-02   7.5542888e-02   3.7953400e+04   1.2000000e-02
  -1.5903031e-02   6.5829875e-02   3.7953400e+04   1.2000000e-02
  -1.5726206e-02   6.2554177e-02   3.7950500e+04   1.2000000e-02
  -1.5729405e-02   6.3074895e-02   3.7950500e+04   1.2000000e-02
  -1.5548395e-02   1.1843086e-01   3.7950500e+04   1.2000000e-02
  -1.5379198e-02   8.7715048e-02   3.7953400e+04   1.2000000e-02
  -1.5381822e-02   4.0695082e-02   3.7953400e+04   1.2000000e-02
  -1.5214347e-02   2.2003181e-02   3.7953400e+04   1.2000000e-02
  -1.5211394e-02   9.8254840e-02   3.7953400e+04   1.2000000e-02
  -1.5044411e-02   1.1064028e-01   3.7953400e+04   1.2000000e-02
  -1.5040720e-02   7.4854779e-02   3.7953400e+04   1.2000000e-02
  -1.4862829e-02   7.1101257e-02   3.7956400e+04   1.2000000e-02
  -1.4698880e-02   3.8287599e-02   3.7956400e+04   1.2000000e-02
  -1.4695190e-02   7.1225060e-02   3.7959400e+04   1.2000000e-02
  -1.4520088e-02   1.1502530e-01   3.7959400e+04   1.2000000e-02
  -1.4512871e-02   6.2682777e-02   3.7959400e+04   1.2000000e-02
  -1.4332027e-02   4.0758562e-02   3.7956400e+04   1.2000000e-02
  -1.4340393e-02   9.1046190e-02   3.7953400e+04   1.2000000e-02
  -1.4162829e-02   9.0826714e-02   3.7953400e+04   1.2000000e-02
  -1.3971652e-02   4.0562791e-02   3.7953400e+04   1.2000000e-02
  -1.3975834e-02   7.3938828e-02   3.7953400e+04   1.2000000e-02
  -1.3803602e-02   9.8741206e-02   3.7950500e+04   1.2000000e-02
  -1.3805981e-02   8.5946714e-02   3.7950500e+04   1.2000000e-02
  -1.3635963e-02   6.8318638e-02   3.7950500e+04   1.2000000e-02
  -1.3644903e-02   4.0496605e-02   3.7953400e+04   1.2000000e-02
  -1.3473407e-02   1.2589198e-01   3.7953400e+04   1.2000000e-02
  -1.3291004e-02   6.9312664e-02   3.7956400e+04   1.2000000e-02
  -1.3288544e-02   6.7499548e-02   3.7956400e+04   1.2000000e-02
  -1.3118854e-02   5.4478357e-02   3.7956400e+04   1.2000000e-02
  -1.3108766e-02   1.1798826e-01   3.7959400e+04   1.2000000e-02
  -1.2932023e-02   6.7748793e-02   3.7956400e+04   1.2000000e-02
  -1.2927595e-02   6.6064934e-02   3.7956400e+04   1.2000000e-02
  -1.2769469e-02   7.2072567e-02   3.7953400e+04   1.2000000e-02
  -1.2600927e-02   6.9073589e-02   3.7953400e+04   1.2000000e-02
  -1.2592562e-02   3.6732013e-02   3.7953400e+04   1.2000000e-02
  -1.2418114e-02   2.3030836e-02   3.7953400e+04   1.2000000e-02
  -1.2430499e-02   9.1583040e-02   3.7950500e+04   1.2000000e-02
  -1.2254740e-02   1.1268526e-01   3.7950500e+04   1.2000000e-02
  -1.2247112e-02   4.3155631e-02   3.7950500e+04   1.2000000e-02
  -1.2073486e-02   5.1278769e-02   3.7947500e+04   1.2000000e-02
  -1.1906093e-02   4.3653956e-02   3.7947500e+04   1.2000000e-02
  -1.1906585e-02   1.1280656e-01   3.7944500e+04   1.2000000e-02
  -1.1731236e-02   8.7767127e-02   3.7944500e+04   1.2000000e-02
  -1.1729596e-02   7.1194181e-02   3.7941500e+04   1.2000000e-02
  -1.1542027e-02   2.5570856e-02   3.7941500e+04   1.2000000e-02
  -1.1545553e-02   5.0054362e-02   3.7941500e+04   1.2000000e-02
  -1.1373075e-02   1.0783305e-01   3.7941500e+04   1.2000000e-02
  -1.1208798e-02   4.2327684e-02   3.7941500e+04   1.2000000e-02
  -1.1209372e-02   5.3610389e-02   3.7941500e+04   1.2000000e-02
  -1.1027134e-02   9.5300890e-02   3.7941500e+04   1.2000000e-02
  -1.1022542e-02   1.0578234e-01   3.7944500e+04   1.2000000e-02
  -1.0854000e-02   7.3129089e-02   3.7947500e+04   1.2000000e-02
  -1.0855148e-02   9.6944985e-02   3.7947500e+04   1.2000000e-02
  -1.0685295e-02   8.1936652e-02   3.7947500e+04   1.2000000e-02
  -1.0674304e-02   7.1696691e-02   3.7944500e+04   1.2000000e-02
  -1.0507239e-02   7.0240421e-02   3.7944500e+04   1.2000000e-02
  -1.0317126e-02   1.0614461e-01   3.7947500e+04   1.2000000e-02
  -1.0320324e-02   5.2593889e-02   3.7947500e+04   1.2000000e-02
  -1.0137758e-02   8.0978660e-02   3.7947500e+04   1.2000000e-02
  -1.0147354e-02   1.2567311e-01   3.7947500e+04   1.2000000e-02
  -9.9661820e-03   6.4090902e-02   3.7947500e+04   1.2000000e-02
  -9.9521580e-03   5.5579501e-02   3.7947500e+04   1.2000000e-02
  -9.7955080e-03   5.1340609e-02   3.7947500e+04   1.2000000e-02
  -9.6329540e-03   6.1495522e-02   3.7947500e+04   1.2000000e-02
  -9.6309860e-03   7.4624070e-02   3.7950500e+04   1.2000000e-02
  -9.4542430e-03   1.2976637e-01   3.7950500e+04   1.2000000e-02
  -9.4498960e-03   9.9609666e-02   3.7953400e+04   1.2000000e-02
  -9.2780750e-03   9.1718551e-02   3.7953400e+04   1.2000000e-02
  -9.2697910e-03   8.2485334e-02   3.7953400e+04   1.2000000e-02
  -9.1008390e-03   5.7846245e-02   3.7953400e+04   1.2000000e-02
  -8.9189300e-03   1.0437255e-01   3.7953400e+04   1.2000000e-02
  -8.9209800e-03   1.1283443e-01   3.7953400e+04   1.2000000e-02
  -8.7453850e-03   8.8928260e-02   3.7953400e+04   1.2000000e-02
  -8.7444010e-03   6.6781748e-02   3.7950500e+04   1.2000000e-02
  -8.5788940e-03   4.6126639e-02   3.7950500e+04   1.2000000e-02
  -8.5724970e-03   6.7646848e-02   3.7950500e+04   1.2000000e-02
  -8.4090400e-03   6.8521380e-02   3.7950500e+04   1.2000000e-02
  -8.2379540e-03   4.6799660e-02   3.7950500e+04   1.2000000e-02
  -8.2502570e-03   6.2772584e-02   3.7950500e+04   1.2000000e-02
  -8.0813870e-03   4.9623207e-02   3.7950500e+04   1.2000000e-02
  -8.0728570e-03   1.2471004e-01   3.7947500e+04   1.2000000e-02
  -7.8943100e-03   1.0083012e-01   3.7947500e+04   1.2000000e-02
  -7.8916040e-03   9.8673379e-02   3.7947500e+04   1.2000000e-02
  -7.7276550e-03   7.2245537e-02   3.7947500e+04   1.2000000e-02
  -7.5520600e-03   7.7849656e-02   3.7947500e+04   1.2000000e-02
  -7.5432020e-03   9.9923951e-02   3.7947500e+04   1.2000000e-02
  -7.3697400e-03   9.6756022e-02   3.7947500e+04   1.2000000e-02
  -7.3817140e-03   7.5492120e-02   3.7947500e+04   1.2000000e-02
  -7.2040690e-03   8.1722671e-02   3.7947500e+04   1.2000000e-02
  -7.2117790e-03   7.7894390e-02   3.7950500e+04   1.2000000e-02
  -7.0227330e-03   4.4197308e-02   3.7953400e+04   1.2000000e-02
  -6.8491070e-03   8.0027577e-02   3.7956400e+04   1.2000000e-02
  -6.8523050e-03   1.0451197e-01   3.7956400e+04   1.2000000e-02
  -6.6758900e-03   1.1792269e-01   3.7956400e+04   1.2000000e-02
  -6.6763000e-03   7.7046723e-02   3.7953400e+04   1.2000000e-02
  -6.5005420e-03   2.9080297e-02   3.7953400e+04   1.2000000e-02
  -6.4945550e-03   6.4655004e-02   3.7953400e+04   1.2000000e-02
  -6.3298680e-03   1.0299476e-01   3.7953400e+04   1.2000000e-02
  -6.1555840e-03   4.9542668e-02   3.7950500e+04   1.2000000e-02
  -6.1508270e-03   1.0205792e-01   3.7950500e+04   1.2000000e-02
  -5.9770370e-03   1.3348667e-01   3.7950500e+04   1.2000000e-02
  -5.9836800e-03   1.0165759e-01   3.7947500e+04   1.2000000e-02
  -5.8002940e-03   7.3992056e-02   3.7947500e+04   1.2000000e-02
  -5.7969310e-03   6.7755354e-02   3.7947500e+04   1.2000000e-02
  -5.6332290e-03   4.5790048e-02   3.7947500e+04   1.2000000e-02
  -5.4736270e-03   5.0624369e-02   3.7947500e+04   1.2000000e-02
  -5.4660810e-03   9.6025450e-02   3.7950500e+04   1.2000000e-02
  -5.2913070e-03   1.1330162e-01   3.7950500e+04   1.2000000e-02
  -5.2926190e-03   1.0412609e-01   3.7950500e+04   1.2000000e-02
  -5.1207150e-03   1.1177957e-01   3.7950500e+04   1.2000000e-02
  -5.1114470e-03   9.6649180e-02   3.7950500e+04   1.2000000e-02
  -4.9346220e-03   1.2349207e-01   3.7950500e+04   1.2000000e-02
  -4.7568130e-03   1.1354997e-01   3.7953400e+04   1.2000000e-02
  -4.7751020e-03   9.3440382e-02   3.7953400e+04   1.2000000e-02
  -4.5878610e-03   5.5379710e-02   3.7956400e+04   1.2000000e-02
  -4.5733450e-03   6.3824843e-02   3.7956400e+04   1.2000000e-02
  -4.4140710e-03   7.8979664e-02   3.7956400e+04   1.2000000e-02
  -4.4180900e-03   5.2663930e-02   3.7956400e+04   1.2000000e-02
  -4.2497940e-03   7.3576403e-02   3.7953400e+04   1.2000000e-02
  -4.0662420e-03   7.6773366e-02   3.7953400e+04   1.2000000e-02
  -4.0596810e-03   9.1954340e-02   3.7953400e+04   1.2000000e-02
  -3.8881870e-03   6.3259429e-02   3.7953400e+04   1.2000000e-02
  -3.8970440e-03   1.1153040e-01   3.7953400e+04   1.2000000e-02
  -3.7172670e-03   5.4661337e-02   3.7953400e+04   1.2000000e-02
  -3.7218590e-03   6.1965680e-02   3.7953400e+04   1.2000000e-02
  -3.5429020e-03   9.8389260e-02   3.7953400e+04   1.2000000e-02
  -3.3715720e-03   1.0818303e-01   3.7953400e+04   1.2000000e-02
  -3.3829720e-03   9.2014990e-02   3.7953400e+04   1.2000000e-02
  -3.1951570e-03   9.4414870e-02   3.7950500e+04   1.2000000e-02
  -3.1834290e-03   1.0695031e-01   3.7950500e+04   1.2000000e-02
  -3.0116890e-03   5.9879573e-02   3.7950500e+04   1.2000000e-02
  -2.9969260e-03   8.0990766e-02   3.7950500e+04   1.2000000e-02
  -2.8365860e-03   9.3147587e-02   3.7950500e+04   1.2000000e-02
  -2.6586950e-03   8.9945704e-02   3.7950500e+04   1.2000000e-02
  -2.6609910e-03   9.8185170e-02   3.7950500e+04   1.2000000e-02
  -2.4993390e-03   1.0311246e-01   3.7950500e+04   1.2000000e-02
  -2.4915480e-03   9.1642276e-02   3.7950500e+04   1.2000000e-02
  -2.3213660e-03   7.8191414e-02   3.7947500e+04   1.2000000e-02
  -2.3345700e-03   7.7977600e-02   3.7947500e+04   1.2000000e-02
  -2.1475750e-03   1.0210628e-01   3.7950500e+04   1.2000000e-02
  -1.9755050e-03   7.4718320e-02   3.7950500e+04   1.2000000e-02
  -1.9700920e-03   1.2982374e-01   3.7950500e+04   1.2000000e-02
  -1.7866240e-03   1.3417598e-01   3.7950500e+04   1.2000000e-02
  -1.7912170e-03   1.4169118e-01   3.7950500e+04   1.2000000e-02
  -1.6172620e-03   1.1457018e-01   3.7953400e+04   1.2000000e-02
  -1.6227570e-03   8.7196055e-02   3.7953400e+04   1.2000000e-02
  -1.4396990e-03   1.2616656e-01   3.7953400e+04   1.2000000e-02
  -1.4517550e-03   9.3706700e-02   3.7953400e+04   1.2000000e-02
  -1.2768990e-03   9.9787550e-02   3.7953400e+04   1.2000000e-02
  -1.1119660e-03   8.0872920e-02   3.7956400e+04   1.2000000e-02
  -1.1048300e-03   6.4175214e-02   3.7953400e+04   1.2000000e-02
  -9.1890000e-04   1.1354669e-01   3.7953400e+04   1.2000000e-02
  -9.2004800e-04   5.9711275e-02   3.7953400e+04   1.2000000e-02
  -7.5437700e-04   8.7134910e-02   3.7953400e+04   1.2000000e-02
  -7.5544300e-04   1.5874033e-01   3.7953400e+04   1.2000000e-02
  -5.7246700e-04   1.5984109e-01   3.7953400e+04   1.2000000e-02
  -3.8826100e-04   1.5674041e-01   3.7953400e+04   1.2000000e-02
  -3.9449400e-04   7.8311485e-02   3.7953400e+04   1.2000000e-02
  -2.4145300e-04   9.2871523e-02   3.7953400e+04   1.2000000e-02
  -2.3612200e-04   1.0606757e-01   3.7950500e+04   1.2000000e-02
  -7.4470000e-05   1.2213477e-01   3.7950500e+04   1.2000000e-02
  -7.6110000e-05   8.7055152e-02   3.7950500e+04   1.2000000e-02
   1.1047500e-04   1.0611874e-01   3.7947500e+04   1.2000000e-02
   2.7434100e-04   1.0292837e-01   3.7950500e+04   1.2000000e-02
   2.7425900e-04   7.9533650e-02   3.7950500e+04   1.2000000e-02
   4.4132400e-04   8.5602742e-02   3.7947500e+04   1.2000000e-02
   4.4977200e-04   9.3087880e-02   3.7947500e+04   1.2000000e-02
   6.2167600e-04   1.5677237e-01   3.7947500e+04   1.2000000e-02
   6.1995400e-04   1.5247752e-01   3.7950500e+04   1.2000000e-02
   8.0145400e-04   1.2448137e-01   3.7950500e+04   1.2000000e-02
   9.7475200e-04   1.5300946e-01   3.7950500e+04   1.2000000e-02
   9.6663300e-04   1.4447382e-01   3.7950500e+04   1.2000000e-02
   1.1519050e-03   1.2709765e-01   3.7950500e+04   1.2000000e-02
   1.1508390e-03   1.3161463e-01   3.7953400e+04   1.2000000e-02
   1.3109330e-03   1.7103396e-01   3.7953400e+04   1.2000000e-02
   1.3039620e-03   1.2864020e-01   3.7953400e+04   1.2000000e-02
   1.4807050e-03   1.6051810e-01   3.7953400e+04   1.2000000e-02
   1.6611380e-03   1.8089167e-01   3.7953400e+04   1.2000000e-02
   1.6503940e-03   1.8424477e-01   3.7953400e+04   1.2000000e-02
   1.8434580e-03   1.8774541e-01   3.7953400e+04   1.2000000e-02
   1.8415720e-03   1.6312698e-01   3.7953400e+04   1.2000000e-02
   2.0127380e-03   1.6896522e-01   3.7956400e+04   1.2000000e-02
   2.0111800e-03   1.8844537e-01   3.7956400e+04   1.2000000e-02
   2.1953060e-03   2.3896087e-01   3.7959400e+04   1.2000000e-02
   2.3649960e-03   2.0596991e-01   3.7959400e+04   1.2000000e-02
   2.3687690e-03   2.0078248e-01   3.7956400e+04   1.2000000e-02
   2.5291910e-03   1.6274340e-01   3.7956400e+04   1.2000000e-02
   2.5373100e-03   2.3225876e-01   3.7956400e+04   1.2000000e-02
   2.7033910e-03   2.1181880e-01   3.7956400e+04   1.2000000e-02
   2.7093780e-03   2.3360378e-01   3.7956400e+04   1.2000000e-02
   2.8846450e-03   2.3600119e-01   3.7956400e+04   1.2000000e-02
   3.0452310e-03   3.2592129e-01   3.7956400e+04   1.2000000e-02
   3.0540070e-03   2.7936050e-01   3.7956400e+04   1.2000000e-02
   3.2365730e-03   3.1458168e-01   3.7962400e+04   1.2000000e-02
   3.2341120e-03   2.1085000e-01   3.7962400e+04   1.2000000e-02
   3.4143000e-03   3.1917571e-01   3.7962400e+04   1.2000000e-02
   3.4023260e-03   3.1904456e-01   3.7962400e+04   1.2000000e-02
   3.5752960e-03   4.3935986e-01   3.7962400e+04   1.2000000e-02
   3.7565500e-03   3.8001282e-01   3.7959400e+04   1.2000000e-02
   3.7605690e-03   5.0284931e-01   3.7956400e+04   1.2000000e-02
   3.9295200e-03   4.7193694e-01   3.7956400e+04   1.2000000e-02
