  -1.5061280e-01  -3.8323701e+00   3.7256100e+04   1.2000000e-02
  -1.5009561e-01  -3.8154462e+00   3.7256100e+04   1.2000000e-02
  -1.4974563e-01  -3.7978904e+00   3.7259000e+04   1.2000000e-02
  -1.4922353e-01  -3.7803428e+00   3.7259000e+04   1.2000000e-02
  -1.4870224e-01  -3.7538983e+00   3.7259000e+04   1.2000000e-02
  -1.4818260e-01  -3.7388293e+00   3.7262000e+04   1.2000000e-02
  -1.4765885e-01  -3.7125079e+00   3.7262000e+04   1.2000000e-02
  -1.4713675e-01  -3.6942872e+00   3.7262000e+04   1.2000000e-02
  -1.4679250e-01  -3.6810978e+00   3.7259000e+04   1.2000000e-02
  -1.4627286e-01  -3.6657908e+00   3.7259000e+04   1.2000000e-02
  -1.4574503e-01  -3.6392478e+00   3.7259000e+04   1.2000000e-02
  -1.4521145e-01  -3.6224060e+00   3.7259000e+04   1.2000000e-02
  -1.4469016e-01  -3.6021746e+00   3.7259000e+04   1.2000000e-02
  -1.4417708e-01  -3.5820990e+00   3.7259000e+04   1.2000000e-02
  -1.4364268e-01  -3.5638209e+00   3.7259000e+04   1.2000000e-02
  -1.4330499e-01  -3.5478408e+00   3.7262000e+04   1.2000000e-02
  -1.4278207e-01  -3.5337896e+00   3.7262000e+04   1.2000000e-02
  -1.4225914e-01  -3.5148138e+00   3.7262000e+04   1.2000000e-02
  -1.4174114e-01  -3.4924812e+00   3.7262000e+04   1.2000000e-02
  -1.4121412e-01  -3.4708380e+00   3.7262000e+04   1.2000000e-02
  -1.4069283e-01  -3.4542343e+00   3.7262000e+04   1.2000000e-02
  -1.4017319e-01  -3.4264849e+00   3.7262000e+04   1.2000000e-02
  -1.3982976e-01  -3.4213224e+00   3.7265000e+04   1.2000000e-02
  -1.3929864e-01  -3.3946973e+00   3.7265000e+04   1.2000000e-02
  -1.3879047e-01  -3.3806706e+00   3.7265000e+04   1.2000000e-02
  -1.3826673e-01  -3.3571069e+00   3.7265000e+04   1.2000000e-02
  -1.3775364e-01  -3.3400765e+00   3.7265000e+04   1.2000000e-02
  -1.3722744e-01  -3.3206739e+00   3.7265000e+04   1.2000000e-02
  -1.3687746e-01  -3.3068935e+00   3.7265000e+04   1.2000000e-02
  -1.3635043e-01  -3.2902651e+00   3.7268000e+04   1.2000000e-02
  -1.3582997e-01  -3.2652897e+00   3.7268000e+04   1.2000000e-02
  -1.3530129e-01  -3.2514108e+00   3.7271000e+04   1.2000000e-02
  -1.3478984e-01  -3.2346100e+00   3.7271000e+04   1.2000000e-02
  -1.3427265e-01  -3.2135495e+00   3.7271000e+04   1.2000000e-02
  -1.3374563e-01  -3.1927764e+00   3.7271000e+04   1.2000000e-02
  -1.3338827e-01  -3.1799727e+00   3.7271000e+04   1.2000000e-02
  -1.3288256e-01  -3.1627779e+00   3.7271000e+04   1.2000000e-02
  -1.3235308e-01  -3.1476679e+00   3.7271000e+04   1.2000000e-02
  -1.3183999e-01  -3.1311792e+00   3.7271000e+04   1.2000000e-02
  -1.3130477e-01  -3.1119982e+00   3.7274000e+04   1.2000000e-02
  -1.3079824e-01  -3.0834033e+00   3.7274000e+04   1.2000000e-02
  -1.3026958e-01  -3.0685641e+00   3.7274000e+04   1.2000000e-02
  -1.2992780e-01  -3.0593389e+00   3.7274000e+04   1.2000000e-02
  -1.2941553e-01  -3.0384426e+00   3.7274000e+04   1.2000000e-02
  -1.2887293e-01  -3.0202221e+00   3.7274000e+04   1.2000000e-02
  -1.2835001e-01  -2.9977417e+00   3.7274000e+04   1.2000000e-02
  -1.2784266e-01  -2.9771819e+00   3.7274000e+04   1.2000000e-02
  -1.2731973e-01  -2.9631799e+00   3.7274000e+04   1.2000000e-02
  -1.2696647e-01  -2.9512873e+00   3.7274000e+04   1.2000000e-02
  -1.2645093e-01  -2.9293239e+00   3.7274000e+04   1.2000000e-02
  -1.2592309e-01  -2.9106108e+00   3.7274000e+04   1.2000000e-02
  -1.2540098e-01  -2.8923820e+00   3.7274000e+04   1.2000000e-02
  -1.2488297e-01  -2.8744568e+00   3.7274000e+04   1.2000000e-02
  -1.2436906e-01  -2.8605697e+00   3.7276900e+04   1.2000000e-02
  -1.2383794e-01  -2.8389757e+00   3.7276900e+04   1.2000000e-02
  -1.2349287e-01  -2.8301855e+00   3.7276900e+04   1.2000000e-02
  -1.2296339e-01  -2.8145750e+00   3.7276900e+04   1.2000000e-02
  -1.2243883e-01  -2.7930959e+00   3.7279900e+04   1.2000000e-02
  -1.2193066e-01  -2.7736359e+00   3.7279900e+04   1.2000000e-02
  -1.2139380e-01  -2.7535029e+00   3.7279900e+04   1.2000000e-02
  -1.2087170e-01  -2.7364806e+00   3.7279900e+04   1.2000000e-02
  -1.2052909e-01  -2.7187195e+00   3.7279900e+04   1.2000000e-02
  -1.2000207e-01  -2.6977165e+00   3.7279900e+04   1.2000000e-02
  -1.1947587e-01  -2.6852739e+00   3.7279900e+04   1.2000000e-02
  -1.1896278e-01  -2.6655102e+00   3.7279900e+04   1.2000000e-02
  -1.1843822e-01  -2.6469038e+00   3.7279900e+04   1.2000000e-02
  -1.1791611e-01  -2.6270991e+00   3.7279900e+04   1.2000000e-02
  -1.1738909e-01  -2.6133188e+00   3.7279900e+04   1.2000000e-02
  -1.1703501e-01  -2.6014426e+00   3.7282900e+04   1.2000000e-02
  -1.1651947e-01  -2.5803247e+00   3.7285900e+04   1.2000000e-02
  -1.1599080e-01  -2.5643119e+00   3.7285900e+04   1.2000000e-02
  -1.1548017e-01  -2.5403049e+00   3.7285900e+04   1.2000000e-02
  -1.1495397e-01  -2.5270580e+00   3.7285900e+04   1.2000000e-02
  -1.1442695e-01  -2.5091656e+00   3.7285900e+04   1.2000000e-02
  -1.1391468e-01  -2.4879656e+00   3.7285900e+04   1.2000000e-02
  -1.1355978e-01  -2.4810138e+00   3.7282900e+04   1.2000000e-02
  -1.1303194e-01  -2.4588454e+00   3.7282900e+04   1.2000000e-02
  -1.1252705e-01  -2.4406494e+00   3.7285900e+04   1.2000000e-02
  -1.1198937e-01  -2.4227980e+00   3.7285900e+04   1.2000000e-02
  -1.1147628e-01  -2.4050371e+00   3.7285900e+04   1.2000000e-02
  -1.1097385e-01  -2.3878588e+00   3.7288900e+04   1.2000000e-02
  -1.1062961e-01  -2.3746694e+00   3.7288900e+04   1.2000000e-02
  -1.1009931e-01  -2.3540850e+00   3.7288900e+04   1.2000000e-02
  -1.0959359e-01  -2.3343131e+00   3.7288900e+04   1.2000000e-02
  -1.0907149e-01  -2.3152553e+00   3.7291800e+04   1.2000000e-02
  -1.0855430e-01  -2.2950321e+00   3.7291800e+04   1.2000000e-02
  -1.0804040e-01  -2.2776814e+00   3.7294800e+04   1.2000000e-02
  -1.0752075e-01  -2.2567523e+00   3.7294800e+04   1.2000000e-02
  -1.0716913e-01  -2.2514339e+00   3.7294800e+04   1.2000000e-02
  -1.0664703e-01  -2.2311203e+00   3.7294800e+04   1.2000000e-02
  -1.0612000e-01  -2.2156327e+00   3.7294800e+04   1.2000000e-02
  -1.0560200e-01  -2.1967965e+00   3.7294800e+04   1.2000000e-02
  -1.0509383e-01  -2.1835002e+00   3.7297800e+04   1.2000000e-02
  -1.0456435e-01  -2.1602812e+00   3.7297800e+04   1.2000000e-02
  -1.0405206e-01  -2.1479371e+00   3.7300800e+04   1.2000000e-02
  -1.0369060e-01  -2.1314810e+00   3.7300800e+04   1.2000000e-02
  -1.0316440e-01  -2.1161412e+00   3.7300800e+04   1.2000000e-02
  -1.0265213e-01  -2.0977810e+00   3.7297800e+04   1.2000000e-02
  -1.0213167e-01  -2.0873412e+00   3.7294800e+04   1.2000000e-02
  -1.0160628e-01  -2.0659278e+00   3.7294800e+04   1.2000000e-02
  -1.0107189e-01  -2.0535427e+00   3.7294800e+04   1.2000000e-02
  -1.0072518e-01  -2.0358391e+00   3.7291800e+04   1.2000000e-02
  -1.0019652e-01  -2.0194570e+00   3.7291800e+04   1.2000000e-02
  -9.9674120e-02  -2.0002432e+00   3.7291800e+04   1.2000000e-02
  -9.9166945e-02  -1.9833109e+00   3.7294800e+04   1.2000000e-02
  -9.8652791e-02  -1.9610276e+00   3.7294800e+04   1.2000000e-02
  -9.8126012e-02  -1.9462869e+00   3.7294800e+04   1.2000000e-02
  -9.7600540e-02  -1.9278939e+00   3.7297800e+04   1.2000000e-02
  -9.7251407e-02  -1.9165019e+00   3.7300800e+04   1.2000000e-02
  -9.6746766e-02  -1.8987901e+00   3.7300800e+04   1.2000000e-02
  -9.6209407e-02  -1.8768516e+00   3.7300800e+04   1.2000000e-02
  -9.5696811e-02  -1.8628496e+00   3.7300800e+04   1.2000000e-02
  -9.5170524e-02  -1.8456549e+00   3.7300800e+04   1.2000000e-02
  -9.4646610e-02  -1.8235110e+00   3.7300800e+04   1.2000000e-02
  -9.4131394e-02  -1.8091971e+00   3.7297800e+04   1.2000000e-02
  -9.3778810e-02  -1.7971157e+00   3.7294800e+04   1.2000000e-02
  -9.3263015e-02  -1.7836390e+00   3.7294800e+04   1.2000000e-02
  -9.2745586e-02  -1.7601653e+00   3.7294800e+04   1.2000000e-02
  -9.2214290e-02  -1.7407628e+00   3.7294800e+04   1.2000000e-02
  -9.1697025e-02  -1.7214752e+00   3.7294800e+04   1.2000000e-02
  -9.1181230e-02  -1.7091475e+00   3.7297800e+04   1.2000000e-02
  -9.0829473e-02  -1.6914193e+00   3.7297800e+04   1.2000000e-02
  -9.0308429e-02  -1.6740687e+00   3.7300800e+04   1.2000000e-02
  -8.9782306e-02  -1.6531807e+00   3.7300800e+04   1.2000000e-02
  -8.9260688e-02  -1.6359121e+00   3.7300800e+04   1.2000000e-02
  -8.8747935e-02  -1.6242903e+00   3.7300800e+04   1.2000000e-02
  -8.8225579e-02  -1.6047893e+00   3.7300800e+04   1.2000000e-02
  -8.7707819e-02  -1.5861172e+00   3.7300800e+04   1.2000000e-02
  -8.7358434e-02  -1.5852390e+00   3.7297800e+04   1.2000000e-02
  -8.6840020e-02  -1.5701044e+00   3.7297800e+04   1.2000000e-02
  -8.6310939e-02  -1.5527863e+00   3.7297800e+04   1.2000000e-02
  -8.5788753e-02  -1.5352305e+00   3.7300800e+04   1.2000000e-02
  -8.5272630e-02  -1.5185939e+00   3.7300800e+04   1.2000000e-02
  -8.4751590e-02  -1.4921739e+00   3.7300800e+04   1.2000000e-02
  -8.4401631e-02  -1.4834330e+00   3.7303800e+04   1.2000000e-02
  -8.3879849e-02  -1.4749300e+00   3.7303800e+04   1.2000000e-02
  -8.3368653e-02  -1.4562826e+00   3.7303800e+04   1.2000000e-02
  -8.2851956e-02  -1.4359691e+00   3.7306700e+04   1.2000000e-02
  -8.2332230e-02  -1.4147117e+00   3.7306700e+04   1.2000000e-02
  -8.1811104e-02  -1.4016535e+00   3.7306700e+04   1.2000000e-02
  -8.1272349e-02  -1.3826121e+00   3.7306700e+04   1.2000000e-02
  -8.0926900e-02  -1.3671984e+00   3.7306700e+04   1.2000000e-02
  -8.0409143e-02  -1.3544438e+00   3.7306700e+04   1.2000000e-02
  -7.9882194e-02  -1.3326365e+00   3.7309700e+04   1.2000000e-02
  -7.9368863e-02  -1.3190530e+00   3.7312700e+04   1.2000000e-02
  -7.8831909e-02  -1.2996177e+00   3.7312700e+04   1.2000000e-02
  -7.8304801e-02  -1.2767352e+00   3.7315700e+04   1.2000000e-02
  -7.7792534e-02  -1.2645963e+00   3.7315700e+04   1.2000000e-02
  -7.7441347e-02  -1.2519649e+00   3.7315700e+04   1.2000000e-02
  -7.6918909e-02  -1.2305679e+00   3.7318700e+04   1.2000000e-02
  -7.6408120e-02  -1.2136851e+00   3.7318700e+04   1.2000000e-02
  -7.5887733e-02  -1.1947668e+00   3.7318700e+04   1.2000000e-02
  -7.5363414e-02  -1.1774243e+00   3.7318700e+04   1.2000000e-02
  -7.4836957e-02  -1.1563146e+00   3.7318700e+04   1.2000000e-02
  -7.4491017e-02  -1.1449801e+00   3.7318700e+04   1.2000000e-02
  -7.3969566e-02  -1.1254134e+00   3.7318700e+04   1.2000000e-02
  -7.3443110e-02  -1.1145877e+00   3.7315700e+04   1.2000000e-02
  -7.2915343e-02  -1.0995762e+00   3.7312700e+04   1.2000000e-02
  -7.2414066e-02  -1.0836454e+00   3.7312700e+04   1.2000000e-02
  -7.1888188e-02  -1.0648503e+00   3.7312700e+04   1.2000000e-02
  -7.1357713e-02  -1.0437816e+00   3.7312700e+04   1.2000000e-02
  -7.1016039e-02  -1.0351471e+00   3.7312700e+04   1.2000000e-02
  -7.0485728e-02  -1.0162452e+00   3.7312700e+04   1.2000000e-02
  -6.9968215e-02  -9.9696625e-01   3.7312700e+04   1.2000000e-02
  -6.9458079e-02  -9.7880913e-01   3.7312700e+04   1.2000000e-02
  -6.8946636e-02  -9.5949221e-01   3.7312700e+04   1.2000000e-02
  -6.8415504e-02  -9.4011215e-01   3.7315700e+04   1.2000000e-02
  -6.7892086e-02  -9.2431712e-01   3.7315700e+04   1.2000000e-02
  -6.7531710e-02  -9.1339479e-01   3.7315700e+04   1.2000000e-02
  -6.7007224e-02  -8.9776292e-01   3.7318700e+04   1.2000000e-02
  -6.6489462e-02  -8.7893776e-01   3.7318700e+04   1.2000000e-02
  -6.5980724e-02  -8.5896922e-01   3.7318700e+04   1.2000000e-02
  -6.5463617e-02  -8.3949485e-01   3.7318700e+04   1.2000000e-02
  -6.4944216e-02  -8.2339251e-01   3.7318700e+04   1.2000000e-02
  -6.4590156e-02  -8.1356026e-01   3.7318700e+04   1.2000000e-02
  -6.4065586e-02  -7.9245898e-01   3.7318700e+04   1.2000000e-02
  -6.3541018e-02  -7.7510094e-01   3.7321600e+04   1.2000000e-02
  -6.3030226e-02  -7.6382368e-01   3.7321600e+04   1.2000000e-02
  -6.2497949e-02  -7.4554271e-01   3.7321600e+04   1.2000000e-02
  -6.1982400e-02  -7.2680685e-01   3.7321600e+04   1.2000000e-02
  -6.1454555e-02  -7.0460807e-01   3.7324600e+04   1.2000000e-02
  -6.1120506e-02  -6.9311361e-01   3.7324600e+04   1.2000000e-02
  -6.0597825e-02  -6.7415237e-01   3.7321600e+04   1.2000000e-02
  -6.0076453e-02  -6.5541241e-01   3.7321600e+04   1.2000000e-02
  -5.9557298e-02  -6.3748223e-01   3.7321600e+04   1.2000000e-02
  -5.9032564e-02  -6.1633340e-01   3.7321600e+04   1.2000000e-02
  -5.8512425e-02  -5.9926463e-01   3.7324600e+04   1.2000000e-02
  -5.7984410e-02  -5.7882311e-01   3.7327600e+04   1.2000000e-02
  -5.7632319e-02  -5.6646476e-01   3.7327600e+04   1.2000000e-02
  -5.7126860e-02  -5.4731251e-01   3.7327600e+04   1.2000000e-02
  -5.6595319e-02  -5.3038882e-01   3.7327600e+04   1.2000000e-02
  -5.6061483e-02  -5.1295780e-01   3.7330600e+04   1.2000000e-02
  -5.5550364e-02  -4.8796650e-01   3.7330600e+04   1.2000000e-02
  -5.5035883e-02  -4.7094529e-01   3.7330600e+04   1.2000000e-02
  -5.4691337e-02  -4.6207854e-01   3.7330600e+04   1.2000000e-02
  -5.4182022e-02  -4.4184681e-01   3.7330600e+04   1.2000000e-02
  -5.3646052e-02  -4.2403383e-01   3.7330600e+04   1.2000000e-02
  -5.3126733e-02  -4.0405291e-01   3.7333600e+04   1.2000000e-02
  -5.2602245e-02  -3.9004463e-01   3.7333600e+04   1.2000000e-02
  -5.2086370e-02  -3.6835806e-01   3.7333600e+04   1.2000000e-02
  -5.1568772e-02  -3.5281624e-01   3.7333600e+04   1.2000000e-02
  -5.1221685e-02  -3.4159389e-01   3.7333600e+04   1.2000000e-02
  -5.0690718e-02  -3.1895900e-01   3.7336500e+04   1.2000000e-02
  -5.0186816e-02  -3.0225251e-01   3.7336500e+04   1.2000000e-02
  -4.9654455e-02  -2.8461243e-01   3.7336500e+04   1.2000000e-02
  -4.9121029e-02  -2.6609372e-01   3.7336500e+04   1.2000000e-02
  -4.8605891e-02  -2.5245018e-01   3.7336500e+04   1.2000000e-02
  -4.8081405e-02  -2.3727064e-01   3.7336500e+04   1.2000000e-02
  -4.7720866e-02  -2.2357464e-01   3.7339500e+04   1.2000000e-02
  -4.7210238e-02  -2.0334617e-01   3.7339500e+04   1.2000000e-02
  -4.6680011e-02  -1.8562577e-01   3.7336500e+04   1.2000000e-02
  -4.6171352e-02  -1.6675215e-01   3.7336500e+04   1.2000000e-02
  -4.5641860e-02  -1.5022511e-01   3.7336500e+04   1.2000000e-02
  -4.5108351e-02  -1.3348909e-01   3.7336500e+04   1.2000000e-02
  -4.4772090e-02  -1.1539575e-01   3.7336500e+04   1.2000000e-02
  -4.4246371e-02  -1.0092649e-01   3.7336500e+04   1.2000000e-02
  -4.3740092e-02  -7.8343677e-02   3.7336500e+04   1.2000000e-02
  -4.3224462e-02  -6.1066950e-02   3.7336500e+04   1.2000000e-02
  -4.2696777e-02  -4.3836378e-02   3.7336500e+04   1.2000000e-02
  -4.2171059e-02  -2.1313501e-02   3.7336500e+04   1.2000000e-02
  -4.1655181e-02  -6.7658610e-03   3.7336500e+04   1.2000000e-02
  -4.1304156e-02   1.1814320e-02   3.7336500e+04   1.2000000e-02
  -4.0772042e-02   3.1969620e-02   3.7336500e+04   1.2000000e-02
  -4.0257806e-02   4.8608183e-02   3.7336500e+04   1.2000000e-02
  -3.9726840e-02   7.0573407e-02   3.7336500e+04   1.2000000e-02
  -3.9203336e-02   8.4812849e-02   3.7336500e+04   1.2000000e-02
  -3.8695907e-02   1.0840515e-01   3.7339500e+04   1.2000000e-02
  -3.8342339e-02   1.1906034e-01   3.7342500e+04   1.2000000e-02
  -3.7814243e-02   1.3986095e-01   3.7342500e+04   1.2000000e-02
  -3.7303944e-02   1.6054925e-01   3.7342500e+04   1.2000000e-02
  -3.6779128e-02   1.7937617e-01   3.7342500e+04   1.2000000e-02
  -3.6258086e-02   1.9150424e-01   3.7342500e+04   1.2000000e-02
  -3.5719573e-02   2.1220403e-01   3.7342500e+04   1.2000000e-02
  -3.5192624e-02   2.3341280e-01   3.7342500e+04   1.2000000e-02
  -3.4858329e-02   2.4907921e-01   3.7342500e+04   1.2000000e-02
  -3.4325560e-02   2.6800286e-01   3.7342500e+04   1.2000000e-02
  -3.3802220e-02   2.9152791e-01   3.7345500e+04   1.2000000e-02
  -3.3287411e-02   3.0574115e-01   3.7345500e+04   1.2000000e-02
  -3.2777029e-02   3.2713434e-01   3.7345500e+04   1.2000000e-02
  -3.2253361e-02   3.4814148e-01   3.7345500e+04   1.2000000e-02
  -3.1733875e-02   3.7059281e-01   3.7345500e+04   1.2000000e-02
  -3.1386870e-02   3.8062673e-01   3.7345500e+04   1.2000000e-02
  -3.0863366e-02   3.9891353e-01   3.7345500e+04   1.2000000e-02
  -3.0347489e-02   4.1812075e-01   3.7345500e+04   1.2000000e-02
  -2.9817671e-02   4.3545679e-01   3.7342500e+04   1.2000000e-02
  -2.9296300e-02   4.5823760e-01   3.7345500e+04   1.2000000e-02
  -2.8787886e-02   4.8595017e-01   3.7345500e+04   1.2000000e-02
  -2.8430873e-02   4.9723485e-01   3.7348500e+04   1.2000000e-02
  -2.7922133e-02   5.1931816e-01   3.7354400e+04   1.2000000e-02
  -2.7400024e-02   5.3738448e-01   3.7357400e+04   1.2000000e-02
  -2.6877749e-02   5.6065956e-01   3.7357400e+04   1.2000000e-02
  -2.6361217e-02   5.7921519e-01   3.7357400e+04   1.2000000e-02
  -2.5838862e-02   6.0032807e-01   3.7357400e+04   1.2000000e-02
  -2.5310027e-02   6.2225238e-01   3.7354400e+04   1.2000000e-02
  -2.4961215e-02   6.3736227e-01   3.7354400e+04   1.2000000e-02
  -2.4432544e-02   6.5456879e-01   3.7351400e+04   1.2000000e-02
  -2.3900102e-02   6.7696522e-01   3.7348500e+04   1.2000000e-02
  -2.3380699e-02   6.9754205e-01   3.7348500e+04   1.2000000e-02
  -2.2850143e-02   7.2208509e-01   3.7351400e+04   1.2000000e-02
  -2.2346404e-02   7.4779939e-01   3.7351400e+04   1.2000000e-02
  -2.1822160e-02   7.6297976e-01   3.7351400e+04   1.2000000e-02
  -2.1475482e-02   7.7908225e-01   3.7351400e+04   1.2000000e-02
  -2.0954438e-02   7.9589205e-01   3.7351400e+04   1.2000000e-02
  -2.0434380e-02   8.1943270e-01   3.7351400e+04   1.2000000e-02
  -1.9913501e-02   8.3589907e-01   3.7354400e+04   1.2000000e-02
  -1.9390159e-02   8.5654558e-01   3.7354400e+04   1.2000000e-02
  -1.8880434e-02   8.7711911e-01   3.7357400e+04   1.2000000e-02
  -1.8529163e-02   8.9083400e-01   3.7357400e+04   1.2000000e-02
  -1.8006398e-02   9.1049530e-01   3.7357400e+04   1.2000000e-02
  -1.7481661e-02   9.3753738e-01   3.7357400e+04   1.2000000e-02
  -1.6958322e-02   9.5667660e-01   3.7357400e+04   1.2000000e-02
  -1.6448269e-02   9.7707311e-01   3.7357400e+04   1.2000000e-02
  -1.5927636e-02   1.0000274e+00   3.7357400e+04   1.2000000e-02
  -1.5417827e-02   1.0181168e+00   3.7360400e+04   1.2000000e-02
  -1.5057451e-02   1.0395301e+00   3.7360400e+04   1.2000000e-02
  -1.4528454e-02   1.0585799e+00   3.7360400e+04   1.2000000e-02
  -1.4015694e-02   1.0788114e+00   3.7360400e+04   1.2000000e-02
  -1.3497847e-02   1.1005367e+00   3.7360400e+04   1.2000000e-02
  -1.2972949e-02   1.1180597e+00   3.7360400e+04   1.2000000e-02
  -1.2448788e-02   1.1436096e+00   3.7360400e+04   1.2000000e-02
  -1.1921101e-02   1.1599097e+00   3.7360400e+04   1.2000000e-02
  -1.1563597e-02   1.1731895e+00   3.7360400e+04   1.2000000e-02
  -1.1045998e-02   1.1945946e+00   3.7360400e+04   1.2000000e-02
  -1.0533566e-02   1.2120273e+00   3.7360400e+04   1.2000000e-02
  -1.0007518e-02   1.2330550e+00   3.7360400e+04   1.2000000e-02
  -9.4920520e-03   1.2589335e+00   3.7360400e+04   1.2000000e-02
  -8.9650220e-03   1.2763170e+00   3.7360400e+04   1.2000000e-02
  -8.6189990e-03   1.2883574e+00   3.7360400e+04   1.2000000e-02
  -8.0997580e-03   1.3146624e+00   3.7360400e+04   1.2000000e-02
  -7.5827340e-03   1.3343194e+00   3.7360400e+04   1.2000000e-02
  -7.0602960e-03   1.3517029e+00   3.7360400e+04   1.2000000e-02
  -6.5259660e-03   1.3747087e+00   3.7363400e+04   1.2000000e-02
  -6.0018870e-03   1.4005870e+00   3.7363400e+04   1.2000000e-02
  -5.4846990e-03   1.4206297e+00   3.7363400e+04   1.2000000e-02
  -5.1399880e-03   1.4349107e+00   3.7363400e+04   1.2000000e-02
  -4.6127120e-03   1.4551997e+00   3.7366300e+04   1.2000000e-02
  -4.1010160e-03   1.4764572e+00   3.7366300e+04   1.2000000e-02
  -3.5761180e-03   1.5013916e+00   3.7369300e+04   1.2000000e-02
  -3.0536810e-03   1.5230430e+00   3.7369300e+04   1.2000000e-02
  -2.5366560e-03   1.5519498e+00   3.7369300e+04   1.2000000e-02
  -2.0101980e-03   1.5691116e+00   3.7369300e+04   1.2000000e-02
  -1.6683580e-03   1.5850098e+00   3.7369300e+04   1.2000000e-02
  -1.1368980e-03   1.6075886e+00   3.7369300e+04   1.2000000e-02
  -6.1339300e-04   1.6313493e+00   3.7369300e+04   1.2000000e-02
  -9.9157000e-05   1.6563986e+00   3.7369300e+04   1.2000000e-02
   4.1261900e-04   1.6702365e+00   3.7369300e+04   1.2000000e-02
   9.3718900e-04   1.6908538e+00   3.7372300e+04   1.2000000e-02
   1.2731240e-03   1.7094684e+00   3.7372300e+04   1.2000000e-02
   1.8051570e-03   1.7275085e+00   3.7372300e+04   1.2000000e-02
   2.3244800e-03   1.7483063e+00   3.7372300e+04   1.2000000e-02
   2.8393730e-03   1.7766058e+00   3.7372300e+04   1.2000000e-02
   3.3546750e-03   1.7974202e+00   3.7369300e+04   1.2000000e-02
   3.8743240e-03   1.8180538e+00   3.7369300e+04   1.2000000e-02
   4.4003720e-03   1.8416258e+00   3.7369300e+04   1.2000000e-02
   4.7377830e-03   1.8515076e+00   3.7372300e+04   1.2000000e-02
   5.2703090e-03   1.8755392e+00   3.7372300e+04   1.2000000e-02
   5.7884820e-03   1.9038962e+00   3.7372300e+04   1.2000000e-02
   6.3120700e-03   1.9295528e+00   3.7372300e+04   1.2000000e-02
   6.8349180e-03   1.9474534e+00   3.7372300e+04   1.2000000e-02
   7.3599800e-03   1.9721251e+00   3.7372300e+04   1.2000000e-02
   7.7046090e-03   1.9919544e+00   3.7372300e+04   1.2000000e-02
   8.2263080e-03   2.0116938e+00   3.7372300e+04   1.2000000e-02
   8.7432530e-03   2.0383682e+00   3.7369300e+04   1.2000000e-02
   9.2678230e-03   2.0602822e+00   3.7369300e+04   1.2000000e-02
   9.7878830e-03   2.0882533e+00   3.7369300e+04   1.2000000e-02
   1.0305318e-02   2.1083618e+00   3.7369300e+04   1.2000000e-02
   1.0841536e-02   2.1341744e+00   3.7369300e+04   1.2000000e-02
   1.1188379e-02   2.1512214e+00   3.7369300e+04   1.2000000e-02
   1.1703353e-02   2.1705993e+00   3.7369300e+04   1.2000000e-02
   1.2219557e-02   2.1975199e+00   3.7369300e+04   1.2000000e-02
   1.2747493e-02   2.2175219e+00   3.7369300e+04   1.2000000e-02
   1.3280510e-02   2.2426943e+00   3.7369300e+04   1.2000000e-02
   1.3789007e-02   2.2606605e+00   3.7369300e+04   1.2000000e-02
   1.4306360e-02   2.2870476e+00   3.7369300e+04   1.2000000e-02
   1.4655007e-02   2.3047922e+00   3.7372300e+04   1.2000000e-02
   1.5174083e-02   2.3228406e+00   3.7372300e+04   1.2000000e-02
   1.5707019e-02   2.3505573e+00   3.7372300e+04   1.2000000e-02
   1.6241925e-02   2.3698121e+00   3.7369300e+04   1.2000000e-02
   1.6746647e-02   2.3935154e+00   3.7369300e+04   1.2000000e-02
   1.7265149e-02   2.4128031e+00   3.7369300e+04   1.2000000e-02
   1.7623228e-02   2.4360468e+00   3.7369300e+04   1.2000000e-02
   1.8148456e-02   2.4536190e+00   3.7369300e+04   1.2000000e-02
   1.8665153e-02   2.4771992e+00   3.7369300e+04   1.2000000e-02
   1.9198253e-02   2.5030610e+00   3.7369300e+04   1.2000000e-02
   1.9709291e-02   2.5253200e+00   3.7369300e+04   1.2000000e-02
   2.0227549e-02   2.5470207e+00   3.7372300e+04   1.2000000e-02
   2.0752611e-02   2.5710112e+00   3.7372300e+04   1.2000000e-02
   2.1099044e-02   2.5896668e+00   3.7372300e+04   1.2000000e-02
   2.1626157e-02   2.6129597e+00   3.7375300e+04   1.2000000e-02
   2.2136869e-02   2.6362281e+00   3.7375300e+04   1.2000000e-02
   2.2656928e-02   2.6542764e+00   3.7375300e+04   1.2000000e-02
   2.3171084e-02   2.6753122e+00   3.7375300e+04   1.2000000e-02
   2.3697048e-02   2.6992206e+00   3.7375300e+04   1.2000000e-02
   2.4215058e-02   2.7194275e+00   3.7375300e+04   1.2000000e-02
   2.4567806e-02   2.7330933e+00   3.7375300e+04   1.2000000e-02
   2.5082534e-02   2.7540224e+00   3.7375300e+04   1.2000000e-02
   2.5611125e-02   2.7786695e+00   3.7375300e+04   1.2000000e-02
   2.6124869e-02   2.7964634e+00   3.7375300e+04   1.2000000e-02
   2.6649851e-02   2.8202241e+00   3.7375300e+04   1.2000000e-02
   2.7173436e-02   2.8434679e+00   3.7375300e+04   1.2000000e-02
   2.7524301e-02   2.8632808e+00   3.7375300e+04   1.2000000e-02
   2.8042720e-02   2.8910385e+00   3.7375300e+04   1.2000000e-02
   2.8555973e-02   2.9049749e+00   3.7375300e+04   1.2000000e-02
   2.9067994e-02   2.9342756e+00   3.7375300e+04   1.2000000e-02
   2.9600769e-02   2.9562228e+00   3.7375300e+04   1.2000000e-02
   3.0128948e-02   2.9763476e+00   3.7375300e+04   1.2000000e-02
   3.0642693e-02   3.0022751e+00   3.7375300e+04   1.2000000e-02
   3.1001920e-02   3.0219484e+00   3.7375300e+04   1.2000000e-02
   3.1525178e-02   3.0424919e+00   3.7375300e+04   1.2000000e-02
   3.2047370e-02   3.0616400e+00   3.7375300e+04   1.2000000e-02
   3.2575224e-02   3.0893239e+00   3.7378300e+04   1.2000000e-02
   3.3095365e-02   3.1126086e+00   3.7378300e+04   1.2000000e-02
   3.3605665e-02   3.1384130e+00   3.7381200e+04   1.2000000e-02
   3.4126052e-02   3.1560346e+00   3.7381200e+04   1.2000000e-02
   3.4479539e-02   3.1760937e+00   3.7381200e+04   1.2000000e-02
   3.4988938e-02   3.1952418e+00   3.7381200e+04   1.2000000e-02
   3.5520479e-02   3.2239434e+00   3.7381200e+04   1.2000000e-02
   3.6029141e-02   3.2406129e+00   3.7381200e+04   1.2000000e-02
   3.6556828e-02   3.2616572e+00   3.7381200e+04   1.2000000e-02
   3.7069752e-02   3.2894478e+00   3.7381200e+04   1.2000000e-02
   3.7415283e-02   3.3023746e+00   3.7381200e+04   1.2000000e-02
   3.7942315e-02   3.3266360e+00   3.7378300e+04   1.2000000e-02
   3.8470903e-02   3.3481724e+00   3.7378300e+04   1.2000000e-02
   3.8987686e-02   3.3689621e+00   3.7378300e+04   1.2000000e-02
   3.9502004e-02   3.3926490e+00   3.7378300e+04   1.2000000e-02
   4.0023458e-02   3.4143332e+00   3.7381200e+04   1.2000000e-02
   4.0545814e-02   3.4360338e+00   3.7381200e+04   1.2000000e-02
   4.0886260e-02   3.4541478e+00   3.7381200e+04   1.2000000e-02
   4.1412226e-02   3.4793286e+00   3.7381200e+04   1.2000000e-02
   4.1936140e-02   3.5046405e+00   3.7381200e+04   1.2000000e-02
   4.2460713e-02   3.5240102e+00   3.7381200e+04   1.2000000e-02
   4.2987415e-02   3.5485342e+00   3.7384200e+04   1.2000000e-02
   4.3506820e-02   3.5734607e+00   3.7384200e+04   1.2000000e-02
   4.3851367e-02   3.5920589e+00   3.7384200e+04   1.2000000e-02
   4.4367736e-02   3.6155159e+00   3.7387200e+04   1.2000000e-02
   4.4886155e-02   3.6363384e+00   3.7387200e+04   1.2000000e-02
   4.5405150e-02   3.6603535e+00   3.7387200e+04   1.2000000e-02
   4.5934149e-02   3.6865602e+00   3.7387200e+04   1.2000000e-02
   4.6448962e-02   3.7062089e+00   3.7384200e+04   1.2000000e-02
   4.6966315e-02   3.7267605e+00   3.7384200e+04   1.2000000e-02
   4.7308731e-02   3.7413945e+00   3.7384200e+04   1.2000000e-02
   4.7836417e-02   3.7658364e+00   3.7384200e+04   1.2000000e-02
   4.8363532e-02   3.7981412e+00   3.7384200e+04   1.2000000e-02
   4.8887118e-02   3.8228704e+00   3.7387200e+04   1.2000000e-02
   4.9412346e-02   3.8452112e+00   3.7387200e+04   1.2000000e-02
   4.9933225e-02   3.8721236e+00   3.7387200e+04   1.2000000e-02
   5.0446478e-02   3.8918959e+00   3.7387200e+04   1.2000000e-02
   5.0793649e-02   3.9094682e+00   3.7390200e+04   1.2000000e-02
   5.1311986e-02   3.9337131e+00   3.7390200e+04   1.2000000e-02
   5.1831227e-02   3.9598048e+00   3.7390200e+04   1.2000000e-02
   5.2361128e-02   3.9782880e+00   3.7390200e+04   1.2000000e-02
   5.2874792e-02   4.0008998e+00   3.7390200e+04   1.2000000e-02
   5.3389684e-02   4.0214432e+00   3.7387200e+04   1.2000000e-02
   5.3752604e-02   4.0332784e+00   3.7387200e+04   1.2000000e-02
   5.4270284e-02   4.0581717e+00   3.7387200e+04   1.2000000e-02
   5.4785673e-02   4.0732407e+00   3.7387200e+04   1.2000000e-02
   5.5319428e-02   4.0989386e+00   3.7387200e+04   1.2000000e-02
   5.5829320e-02   4.1226501e+00   3.7387200e+04   1.2000000e-02
   5.6354300e-02   4.1477240e+00   3.7387200e+04   1.2000000e-02
   5.6877478e-02   4.1706229e+00   3.7387200e+04   1.2000000e-02
   5.7234326e-02   4.1839437e+00   3.7387200e+04   1.2000000e-02
