  -1.5060050e-01  -5.4986566e-01   3.6391800e+04   1.2000000e-02
  -1.4574093e-01  -5.1364708e-01   3.6365000e+04   1.2000000e-02
  -1.4069611e-01  -4.7557126e-01   3.6341100e+04   1.2000000e-02
  -1.3583407e-01  -4.3750442e-01   3.6317300e+04   1.2000000e-02
  -1.3080152e-01  -3.9663691e-01   3.6293500e+04   1.2000000e-02
  -1.2592554e-01  -3.5638082e-01   3.6269600e+04   1.2000000e-02
  -1.2087252e-01  -3.1116761e-01   3.6245800e+04   1.2000000e-02
  -1.1600802e-01  -2.6550277e-01   3.6221900e+04   1.2000000e-02
  -1.1098451e-01  -2.1240552e-01   3.6201100e+04   1.2000000e-02
  -1.0612082e-01  -1.4839898e-01   3.6177200e+04   1.2000000e-02
  -1.0108090e-01  -6.1598902e-02   3.6153400e+04   1.2000000e-02
  -9.6211293e-02  -2.3298130e-03   3.6126600e+04   1.2000000e-02
  -9.1174751e-02   4.6888200e-04   3.6096800e+04   1.2000000e-02
  -8.6312416e-02   5.1710700e-04   3.6069900e+04   1.2000000e-02
  -8.1270873e-02   5.1669700e-04   3.6043100e+04   1.2000000e-02
  -7.6408694e-02   5.2235600e-04   3.6016300e+04   1.2000000e-02
  -7.1357467e-02   5.2046900e-04   3.5989500e+04   1.2000000e-02
  -6.6491102e-02   5.2653800e-04   3.5965600e+04   1.2000000e-02
  -6.1450372e-02   5.2137100e-04   3.5938800e+04   1.2000000e-02
  -5.6589496e-02   5.3301800e-04   3.5915000e+04   1.2000000e-02
  -5.1548760e-02   5.2481600e-04   3.5891100e+04   1.2000000e-02
  -4.6680749e-02   5.3457600e-04   3.5867300e+04   1.2000000e-02
  -4.1647062e-02   5.3277200e-04   3.5843400e+04   1.2000000e-02
  -3.6783557e-02   5.3145900e-04   3.5816600e+04   1.2000000e-02
  -3.1738140e-02   5.3761000e-04   3.5795800e+04   1.2000000e-02
  -2.6862002e-02   5.3244300e-04   3.5771900e+04   1.2000000e-02
  -2.1832412e-02   5.3063900e-04   3.5751100e+04   1.2000000e-02
  -1.6968738e-02   5.4089100e-04   3.5727200e+04   1.2000000e-02
  -1.1923972e-02   5.3080300e-04   3.5703400e+04   1.2000000e-02
  -7.0703020e-03   5.5122500e-04   3.5685500e+04   1.2000000e-02
  -2.0088030e-03   1.3010910e-03   3.5661600e+04   1.2000000e-02
   2.8419150e-03   3.1771553e-02   3.5640800e+04   1.2000000e-02
   7.7076430e-03   1.2116924e-01   3.5622900e+04   1.2000000e-02
   1.2747739e-02   1.9411968e-01   3.5605000e+04   1.2000000e-02
   1.7625770e-02   2.4878005e-01   3.5590100e+04   1.2000000e-02
   2.2654878e-02   2.9805219e-01   3.5575200e+04   1.2000000e-02
   2.7545625e-02   3.4275157e-01   3.5563300e+04   1.2000000e-02
   3.2578176e-02   3.8557565e-01   3.5548400e+04   1.2000000e-02
   3.7443988e-02   4.2545401e-01   3.5536500e+04   1.2000000e-02
   4.2487204e-02   4.6563233e-01   3.5521600e+04   1.2000000e-02
   4.7351379e-02   5.0336815e-01   3.5509700e+04   1.2000000e-02
   5.2383436e-02   5.4129411e-01   3.5497700e+04   1.2000000e-02
   5.7253928e-02   5.7769560e-01   3.5485800e+04   1.2000000e-02
