  -1.5058985e-01  -1.6854114e+00   3.7819300e+04   1.2000000e-02
  -1.5008250e-01  -1.6763339e+00   3.7819300e+04   1.2000000e-02
  -1.4972678e-01  -1.6656561e+00   3.7819300e+04   1.2000000e-02
  -1.4920222e-01  -1.6527211e+00   3.7819300e+04   1.2000000e-02
  -1.4867192e-01  -1.6426340e+00   3.7819300e+04   1.2000000e-02
  -1.4814080e-01  -1.6328671e+00   3.7816400e+04   1.2000000e-02
  -1.4762115e-01  -1.6206297e+00   3.7813400e+04   1.2000000e-02
  -1.4711134e-01  -1.6090407e+00   3.7813400e+04   1.2000000e-02
  -1.4675398e-01  -1.6015965e+00   3.7813400e+04   1.2000000e-02
  -1.4623024e-01  -1.5905410e+00   3.7813400e+04   1.2000000e-02
  -1.4571142e-01  -1.5761779e+00   3.7813400e+04   1.2000000e-02
  -1.4519014e-01  -1.5668952e+00   3.7813400e+04   1.2000000e-02
  -1.4467951e-01  -1.5544689e+00   3.7813400e+04   1.2000000e-02
  -1.4414511e-01  -1.5409593e+00   3.7813400e+04   1.2000000e-02
  -1.4362301e-01  -1.5322019e+00   3.7816400e+04   1.2000000e-02
  -1.4328532e-01  -1.5241504e+00   3.7819300e+04   1.2000000e-02
  -1.4276158e-01  -1.5116175e+00   3.7819300e+04   1.2000000e-02
  -1.4222882e-01  -1.4983788e+00   3.7819300e+04   1.2000000e-02
  -1.4171327e-01  -1.4879881e+00   3.7819300e+04   1.2000000e-02
  -1.4120920e-01  -1.4749956e+00   3.7819300e+04   1.2000000e-02
  -1.4067316e-01  -1.4627172e+00   3.7819300e+04   1.2000000e-02
  -1.4015270e-01  -1.4507918e+00   3.7819300e+04   1.2000000e-02
  -1.3981173e-01  -1.4439222e+00   3.7822300e+04   1.2000000e-02
  -1.3928717e-01  -1.4314057e+00   3.7822300e+04   1.2000000e-02
  -1.3877162e-01  -1.4197921e+00   3.7822300e+04   1.2000000e-02
  -1.3824870e-01  -1.4106325e+00   3.7825300e+04   1.2000000e-02
  -1.3773561e-01  -1.4021706e+00   3.7825300e+04   1.2000000e-02
  -1.3721678e-01  -1.3915337e+00   3.7825300e+04   1.2000000e-02
  -1.3687008e-01  -1.3847132e+00   3.7825300e+04   1.2000000e-02
  -1.3634716e-01  -1.3710313e+00   3.7825300e+04   1.2000000e-02
  -1.3581358e-01  -1.3579732e+00   3.7828300e+04   1.2000000e-02
  -1.3528899e-01  -1.3469585e+00   3.7828300e+04   1.2000000e-02
  -1.3477017e-01  -1.3371834e+00   3.7828300e+04   1.2000000e-02
  -1.3423987e-01  -1.3268912e+00   3.7828300e+04   1.2000000e-02
  -1.3372514e-01  -1.3139480e+00   3.7828300e+04   1.2000000e-02
  -1.3337844e-01  -1.3063150e+00   3.7828300e+04   1.2000000e-02
  -1.3285879e-01  -1.2964660e+00   3.7828300e+04   1.2000000e-02
  -1.3233423e-01  -1.2848114e+00   3.7828300e+04   1.2000000e-02
  -1.3181950e-01  -1.2701446e+00   3.7828300e+04   1.2000000e-02
  -1.3129412e-01  -1.2592204e+00   3.7828300e+04   1.2000000e-02
  -1.3078595e-01  -1.2456615e+00   3.7828300e+04   1.2000000e-02
  -1.3026302e-01  -1.2376592e+00   3.7828300e+04   1.2000000e-02
  -1.2990894e-01  -1.2294845e+00   3.7831300e+04   1.2000000e-02
  -1.2939504e-01  -1.2140052e+00   3.7831300e+04   1.2000000e-02
  -1.2886720e-01  -1.2033682e+00   3.7834200e+04   1.2000000e-02
  -1.2834427e-01  -1.1930104e+00   3.7834200e+04   1.2000000e-02
  -1.2782872e-01  -1.1794023e+00   3.7831300e+04   1.2000000e-02
  -1.2730662e-01  -1.1658518e+00   3.7831300e+04   1.2000000e-02
  -1.2694926e-01  -1.1581285e+00   3.7831300e+04   1.2000000e-02
  -1.2644109e-01  -1.1458993e+00   3.7831300e+04   1.2000000e-02
  -1.2591899e-01  -1.1321928e+00   3.7831300e+04   1.2000000e-02
  -1.2539524e-01  -1.1141773e+00   3.7831300e+04   1.2000000e-02
  -1.2487477e-01  -1.1062489e+00   3.7834200e+04   1.2000000e-02
  -1.2435430e-01  -1.0949882e+00   3.7834200e+04   1.2000000e-02
  -1.2382400e-01  -1.0792380e+00   3.7834200e+04   1.2000000e-02
  -1.2347648e-01  -1.0704560e+00   3.7834200e+04   1.2000000e-02
  -1.2295356e-01  -1.0542462e+00   3.7834200e+04   1.2000000e-02
  -1.2243965e-01  -1.0423043e+00   3.7834200e+04   1.2000000e-02
  -1.2191673e-01  -1.0263076e+00   3.7834200e+04   1.2000000e-02
  -1.2139216e-01  -1.0160975e+00   3.7834200e+04   1.2000000e-02
  -1.2087416e-01  -1.0018411e+00   3.7834200e+04   1.2000000e-02
  -1.2051926e-01  -9.9304850e-01   3.7834200e+04   1.2000000e-02
  -1.1999961e-01  -9.7856488e-01   3.7834200e+04   1.2000000e-02
  -1.1948570e-01  -9.6380264e-01   3.7834200e+04   1.2000000e-02
  -1.1897098e-01  -9.5212133e-01   3.7837200e+04   1.2000000e-02
  -1.1845379e-01  -9.4128177e-01   3.7834200e+04   1.2000000e-02
  -1.1792021e-01  -9.2291310e-01   3.7834200e+04   1.2000000e-02
  -1.1740057e-01  -9.1014256e-01   3.7834200e+04   1.2000000e-02
  -1.1705632e-01  -9.0077178e-01   3.7834200e+04   1.2000000e-02
  -1.1653340e-01  -8.9106327e-01   3.7834200e+04   1.2000000e-02
  -1.1600884e-01  -8.7385442e-01   3.7834200e+04   1.2000000e-02
  -1.1549083e-01  -8.6360664e-01   3.7834200e+04   1.2000000e-02
  -1.1497528e-01  -8.4876811e-01   3.7834200e+04   1.2000000e-02
  -1.1444088e-01  -8.3274935e-01   3.7834200e+04   1.2000000e-02
  -1.1392698e-01  -8.1802885e-01   3.7834200e+04   1.2000000e-02
  -1.1357863e-01  -8.0744665e-01   3.7834200e+04   1.2000000e-02
  -1.1303932e-01  -7.8777725e-01   3.7837200e+04   1.2000000e-02
  -1.1251967e-01  -7.7569433e-01   3.7837200e+04   1.2000000e-02
  -1.1200413e-01  -7.5758302e-01   3.7837200e+04   1.2000000e-02
  -1.1149432e-01  -7.4730573e-01   3.7837200e+04   1.2000000e-02
  -1.1097467e-01  -7.3247704e-01   3.7837200e+04   1.2000000e-02
  -1.1063043e-01  -7.2078836e-01   3.7837200e+04   1.2000000e-02
  -1.1011078e-01  -7.0622684e-01   3.7837200e+04   1.2000000e-02
  -1.0959032e-01  -6.9042691e-01   3.7837200e+04   1.2000000e-02
  -1.0907067e-01  -6.7539493e-01   3.7837200e+04   1.2000000e-02
  -1.0855512e-01  -6.6338164e-01   3.7837200e+04   1.2000000e-02
  -1.0802564e-01  -6.4536787e-01   3.7837200e+04   1.2000000e-02
  -1.0750108e-01  -6.3026785e-01   3.7837200e+04   1.2000000e-02
  -1.0715848e-01  -6.1800299e-01   3.7837200e+04   1.2000000e-02
  -1.0663965e-01  -6.0282019e-01   3.7840200e+04   1.2000000e-02
  -1.0610853e-01  -5.8598749e-01   3.7840200e+04   1.2000000e-02
  -1.0559052e-01  -5.6891955e-01   3.7837200e+04   1.2000000e-02
  -1.0508153e-01  -5.4817722e-01   3.7837200e+04   1.2000000e-02
  -1.0455123e-01  -5.3527461e-01   3.7837200e+04   1.2000000e-02
  -1.0403321e-01  -5.2216058e-01   3.7837200e+04   1.2000000e-02
  -1.0368732e-01  -5.1441344e-01   3.7837200e+04   1.2000000e-02
  -1.0315538e-01  -4.9524643e-01   3.7837200e+04   1.2000000e-02
  -1.0263820e-01  -4.6909703e-01   3.7840200e+04   1.2000000e-02
  -1.0211445e-01  -4.5281507e-01   3.7840200e+04   1.2000000e-02
  -1.0159563e-01  -4.3514717e-01   3.7840200e+04   1.2000000e-02
  -1.0106779e-01  -4.1916687e-01   3.7840200e+04   1.2000000e-02
  -1.0071863e-01  -4.1277375e-01   3.7840200e+04   1.2000000e-02
  -1.0019980e-01  -3.9216419e-01   3.7840200e+04   1.2000000e-02
  -9.9678549e-02  -3.7421513e-01   3.7843200e+04   1.2000000e-02
  -9.9155299e-02  -3.5675703e-01   3.7843200e+04   1.2000000e-02
  -9.8642375e-02  -3.3962269e-01   3.7843200e+04   1.2000000e-02
  -9.8112479e-02  -3.2401202e-01   3.7846200e+04   1.2000000e-02
  -9.7591682e-02  -3.0468352e-01   3.7846200e+04   1.2000000e-02
  -9.7246322e-02  -2.8803357e-01   3.7843200e+04   1.2000000e-02
  -9.6739221e-02  -2.7179343e-01   3.7843200e+04   1.2000000e-02
  -9.6201697e-02  -2.5706797e-01   3.7840200e+04   1.2000000e-02
  -9.5690250e-02  -2.3811650e-01   3.7840200e+04   1.2000000e-02
  -9.5154285e-02  -2.1401200e-01   3.7840200e+04   1.2000000e-02
  -9.4640377e-02  -2.0149299e-01   3.7843200e+04   1.2000000e-02
  -9.4123028e-02  -1.8617984e-01   3.7843200e+04   1.2000000e-02
  -9.3771100e-02  -1.7249774e-01   3.7843200e+04   1.2000000e-02
  -9.3254081e-02  -1.5943039e-01   3.7846200e+04   1.2000000e-02
  -9.2718603e-02  -1.4764574e-01   3.7843200e+04   1.2000000e-02
  -9.2194038e-02  -1.2912374e-01   3.7843200e+04   1.2000000e-02
  -9.1677095e-02  -1.2064220e-01   3.7846200e+04   1.2000000e-02
  -9.1151957e-02  -1.0178169e-01   3.7846200e+04   1.2000000e-02
  -9.0800357e-02  -9.3247273e-02   3.7846200e+04   1.2000000e-02
  -9.0280462e-02  -7.9450714e-02   3.7846200e+04   1.2000000e-02
  -8.9752862e-02  -6.6564998e-02   3.7846200e+04   1.2000000e-02
  -8.9236740e-02  -5.8767491e-02   3.7846200e+04   1.2000000e-02
  -8.8715129e-02  -4.6079331e-02   3.7846200e+04   1.2000000e-02
  -8.8201877e-02  -3.9614151e-02   3.7843200e+04   1.2000000e-02
  -8.7679770e-02  -3.1800636e-02   3.7843200e+04   1.2000000e-02
  -8.7341293e-02  -2.9388157e-02   3.7843200e+04   1.2000000e-02
  -8.6822305e-02  -2.3262843e-02   3.7843200e+04   1.2000000e-02
  -8.6305444e-02  -1.8834505e-02   3.7843200e+04   1.2000000e-02
  -8.5789983e-02  -1.4703391e-02   3.7843200e+04   1.2000000e-02
  -8.5260082e-02  -1.1417855e-02   3.7846200e+04   1.2000000e-02
  -8.4736827e-02  -8.7895910e-03   3.7849100e+04   1.2000000e-02
  -8.4378748e-02  -7.0157620e-03   3.7849100e+04   1.2000000e-02
  -8.3855901e-02  -4.8626130e-03   3.7852100e+04   1.2000000e-02
  -8.3341013e-02  -3.2195980e-03   3.7852100e+04   1.2000000e-02
  -8.2831698e-02  -2.4989290e-03   3.7852100e+04   1.2000000e-02
  -8.2314022e-02  -1.4227220e-03   3.7852100e+04   1.2000000e-02
  -8.1791421e-02  -8.6518000e-04   3.7852100e+04   1.2000000e-02
  -8.1256766e-02  -5.2899900e-04   3.7852100e+04   1.2000000e-02
  -8.0909431e-02  -3.3085000e-04   3.7852100e+04   1.2000000e-02
  -8.0402581e-02  -1.1662600e-04   3.7855100e+04   1.2000000e-02
  -7.9875551e-02   3.3134000e-05   3.7855100e+04   1.2000000e-02
  -7.9359677e-02   1.4459300e-04   3.7852100e+04   1.2000000e-02
  -7.8837158e-02   1.8207400e-04   3.7852100e+04   1.2000000e-02
  -7.8298650e-02   2.1504400e-04   3.7852100e+04   1.2000000e-02
  -7.7784824e-02   2.2603400e-04   3.7852100e+04   1.2000000e-02
  -7.7444874e-02   2.3710600e-04   3.7852100e+04   1.2000000e-02
  -7.6920222e-02   2.6573000e-04   3.7852100e+04   1.2000000e-02
  -7.6394833e-02   2.6318700e-04   3.7852100e+04   1.2000000e-02
  -7.5880761e-02   2.6819000e-04   3.7852100e+04   1.2000000e-02
  -7.5348733e-02   2.7754000e-04   3.7855100e+04   1.2000000e-02
  -7.4844749e-02   2.8565900e-04   3.7858100e+04   1.2000000e-02
  -7.4490279e-02   2.8869400e-04   3.7858100e+04   1.2000000e-02
  -7.3955296e-02   2.9328700e-04   3.7858100e+04   1.2000000e-02
  -7.3434498e-02   2.9468100e-04   3.7858100e+04   1.2000000e-02
  -7.2914933e-02   2.9550100e-04   3.7858100e+04   1.2000000e-02
  -7.2398319e-02   3.0419500e-04   3.7858100e+04   1.2000000e-02
  -7.1879331e-02   3.0452300e-04   3.7858100e+04   1.2000000e-02
  -7.1366489e-02   3.0731100e-04   3.7858100e+04   1.2000000e-02
  -7.1019156e-02   3.0427700e-04   3.7861100e+04   1.2000000e-02
  -7.0480643e-02   3.1297000e-04   3.7864000e+04   1.2000000e-02
  -6.9956568e-02   3.0952600e-04   3.7864000e+04   1.2000000e-02
  -6.9443481e-02   3.1764500e-04   3.7864000e+04   1.2000000e-02
  -6.8910549e-02   3.2158200e-04   3.7864000e+04   1.2000000e-02
  -6.8386061e-02   3.2223800e-04   3.7861100e+04   1.2000000e-02
  -6.7861412e-02   3.2551900e-04   3.7861100e+04   1.2000000e-02
  -6.7514897e-02   3.2650300e-04   3.7861100e+04   1.2000000e-02
  -6.6991149e-02   3.3011200e-04   3.7864000e+04   1.2000000e-02
  -6.6484541e-02   3.3331000e-04   3.7864000e+04   1.2000000e-02
  -6.5959810e-02   3.3167000e-04   3.7864000e+04   1.2000000e-02
  -6.5445574e-02   3.3331000e-04   3.7864000e+04   1.2000000e-02
  -6.4926993e-02   3.3585300e-04   3.7864000e+04   1.2000000e-02
  -6.4576869e-02   3.3847700e-04   3.7864000e+04   1.2000000e-02
  -6.4051643e-02   3.3790300e-04   3.7864000e+04   1.2000000e-02
  -6.3529782e-02   3.4741700e-04   3.7864000e+04   1.2000000e-02
  -6.3000291e-02   3.5266600e-04   3.7861100e+04   1.2000000e-02
  -6.2481956e-02   3.5274800e-04   3.7858100e+04   1.2000000e-02
  -6.1964521e-02   3.5143600e-04   3.7858100e+04   1.2000000e-02
  -6.1440530e-02   3.5529000e-04   3.7855100e+04   1.2000000e-02
  -6.1097624e-02   3.5807900e-04   3.7855100e+04   1.2000000e-02
  -6.0576747e-02   3.6242600e-04   3.7855100e+04   1.2000000e-02
  -6.0054883e-02   3.5791500e-04   3.7855100e+04   1.2000000e-02
  -5.9537369e-02   3.5947300e-04   3.7855100e+04   1.2000000e-02
  -5.9005499e-02   3.6554200e-04   3.7855100e+04   1.2000000e-02
  -5.8496104e-02   3.7358000e-04   3.7855100e+04   1.2000000e-02
  -5.7970304e-02   3.6783900e-04   3.7855100e+04   1.2000000e-02
  -5.7623461e-02   3.6915100e-04   3.7855100e+04   1.2000000e-02
  -5.7104224e-02   3.6964300e-04   3.7858100e+04   1.2000000e-02
  -5.6573749e-02   3.7358000e-04   3.7858100e+04   1.2000000e-02
  -5.6046228e-02   3.8161700e-04   3.7858100e+04   1.2000000e-02
  -5.5523955e-02   3.7891100e-04   3.7858100e+04   1.2000000e-02
  -5.5016364e-02   3.7776300e-04   3.7858100e+04   1.2000000e-02
  -5.4670177e-02   3.7218600e-04   3.7855100e+04   1.2000000e-02
  -5.4151676e-02   3.7677800e-04   3.7855100e+04   1.2000000e-02
  -5.3626696e-02   3.8752200e-04   3.7858100e+04   1.2000000e-02
  -5.3091384e-02   3.8826100e-04   3.7858100e+04   1.2000000e-02
  -5.2573949e-02   3.9474000e-04   3.7858100e+04   1.2000000e-02
  -5.2060125e-02   3.9424800e-04   3.7858100e+04   1.2000000e-02
  -5.1537524e-02   3.9711800e-04   3.7858100e+04   1.2000000e-02
  -5.1181825e-02   3.9334500e-04   3.7858100e+04   1.2000000e-02
  -5.0657911e-02   4.0015300e-04   3.7858100e+04   1.2000000e-02
  -5.0142610e-02   4.0950300e-04   3.7858100e+04   1.2000000e-02
  -4.9630589e-02   4.1179900e-04   3.7858100e+04   1.2000000e-02
  -4.9099541e-02   4.1573600e-04   3.7858100e+04   1.2000000e-02
  -4.8578416e-02   4.2196900e-04   3.7861100e+04   1.2000000e-02
  -4.8063608e-02   4.2196900e-04   3.7861100e+04   1.2000000e-02
  -4.7704217e-02   4.2820200e-04   3.7861100e+04   1.2000000e-02
  -4.7189078e-02   4.3829000e-04   3.7861100e+04   1.2000000e-02
  -4.6672712e-02   4.4813200e-04   3.7861100e+04   1.2000000e-02
  -4.6144041e-02   4.4230900e-04   3.7861100e+04   1.2000000e-02
  -4.5614057e-02   4.4985400e-04   3.7864000e+04   1.2000000e-02
  -4.5095064e-02   4.5748100e-04   3.7864000e+04   1.2000000e-02
  -4.4742482e-02   4.6945600e-04   3.7864000e+04   1.2000000e-02
  -4.4221275e-02   4.7035800e-04   3.7864000e+04   1.2000000e-02
  -4.3699740e-02   4.8003600e-04   3.7864000e+04   1.2000000e-02
  -4.3179517e-02   4.9069800e-04   3.7864000e+04   1.2000000e-02
  -4.2667661e-02   5.0267200e-04   3.7864000e+04   1.2000000e-02
  -4.2148422e-02   5.1177600e-04   3.7864000e+04   1.2000000e-02
  -4.1636482e-02   5.1136600e-04   3.7867000e+04   1.2000000e-02
  -4.1290459e-02   5.1973100e-04   3.7867000e+04   1.2000000e-02
  -4.0766465e-02   5.2555400e-04   3.7867000e+04   1.2000000e-02
  -4.0248128e-02   5.3761000e-04   3.7867000e+04   1.2000000e-02
  -3.9723887e-02   5.4080900e-04   3.7867000e+04   1.2000000e-02
  -3.9191854e-02   5.4786200e-04   3.7867000e+04   1.2000000e-02
  -3.8676552e-02   5.5836000e-04   3.7867000e+04   1.2000000e-02
  -3.8338321e-02   5.6721800e-04   3.7867000e+04   1.2000000e-02
  -3.7808666e-02   5.7599400e-04   3.7870000e+04   1.2000000e-02
  -3.7295415e-02   5.8616400e-04   3.7873000e+04   1.2000000e-02
  -3.6761823e-02   5.8304700e-04   3.7876000e+04   1.2000000e-02
  -3.6247998e-02   5.9649700e-04   3.7876000e+04   1.2000000e-02
  -3.5734746e-02   6.0076200e-04   3.7876000e+04   1.2000000e-02
  -3.5201235e-02   6.0486300e-04   3.7873000e+04   1.2000000e-02
  -3.4864891e-02   6.0371500e-04   3.7873000e+04   1.2000000e-02
  -3.4340733e-02   6.1126000e-04   3.7873000e+04   1.2000000e-02
  -3.3805911e-02   6.1790300e-04   3.7870000e+04   1.2000000e-02
  -3.3291348e-02   6.2495700e-04   3.7870000e+04   1.2000000e-02
  -3.2772601e-02   6.2487500e-04   3.7870000e+04   1.2000000e-02
  -3.2246471e-02   6.2454700e-04   3.7870000e+04   1.2000000e-02
  -3.1729365e-02   6.2733500e-04   3.7870000e+04   1.2000000e-02
  -3.1377602e-02   6.3053400e-04   3.7870000e+04   1.2000000e-02
  -3.0855082e-02   6.3824300e-04   3.7870000e+04   1.2000000e-02
  -3.0321656e-02   6.3734100e-04   3.7870000e+04   1.2000000e-02
  -2.9808650e-02   6.4111400e-04   3.7870000e+04   1.2000000e-02
  -2.9300319e-02   6.4168800e-04   3.7870000e+04   1.2000000e-02
  -2.8760411e-02   6.5112000e-04   3.7870000e+04   1.2000000e-02
  -2.8411682e-02   6.4808500e-04   3.7870000e+04   1.2000000e-02
  -2.7901547e-02   6.5194000e-04   3.7870000e+04   1.2000000e-02
  -2.7369596e-02   6.5399000e-04   3.7870000e+04   1.2000000e-02
  -2.6851176e-02   6.5472800e-04   3.7870000e+04   1.2000000e-02
  -2.6338088e-02   6.5964900e-04   3.7870000e+04   1.2000000e-02
  -2.5815242e-02   6.5964900e-04   3.7870000e+04   1.2000000e-02
  -2.5283290e-02   6.6227400e-04   3.7870000e+04   1.2000000e-02
  -2.4932838e-02   6.6022300e-04   3.7870000e+04   1.2000000e-02
  -2.4415321e-02   6.6284800e-04   3.7870000e+04   1.2000000e-02
  -2.3881402e-02   6.6875300e-04   3.7873000e+04   1.2000000e-02
  -2.3358801e-02   6.7301800e-04   3.7873000e+04   1.2000000e-02
  -2.2830705e-02   6.7277200e-04   3.7873000e+04   1.2000000e-02
  -2.2337711e-02   6.7408400e-04   3.7873000e+04   1.2000000e-02
  -2.1807152e-02   6.7383800e-04   3.7870000e+04   1.2000000e-02
  -2.1461457e-02   6.7703700e-04   3.7870000e+04   1.2000000e-02
  -2.0951732e-02   6.7441200e-04   3.7870000e+04   1.2000000e-02
  -2.0436431e-02   6.7998900e-04   3.7870000e+04   1.2000000e-02
  -1.9905463e-02   6.8704200e-04   3.7870000e+04   1.2000000e-02
  -1.9392538e-02   6.8876500e-04   3.7870000e+04   1.2000000e-02
  -1.8865425e-02   6.9335800e-04   3.7870000e+04   1.2000000e-02
  -1.8518337e-02   6.8687800e-04   3.7870000e+04   1.2000000e-02
  -1.7989584e-02   6.9458800e-04   3.7873000e+04   1.2000000e-02
  -1.7473296e-02   6.9614600e-04   3.7876000e+04   1.2000000e-02
  -1.6944789e-02   6.9106100e-04   3.7876000e+04   1.2000000e-02
  -1.6431456e-02   6.9860700e-04   3.7876000e+04   1.2000000e-02
  -1.5896880e-02   6.9590000e-04   3.7876000e+04   1.2000000e-02
  -1.5380838e-02   7.0246100e-04   3.7876000e+04   1.2000000e-02
  -1.5036210e-02   7.1082700e-04   3.7876000e+04   1.2000000e-02
  -1.4510656e-02   7.1386100e-04   3.7876000e+04   1.2000000e-02
  -1.3988957e-02   7.1295900e-04   3.7873000e+04   1.2000000e-02
  -1.3477015e-02   7.2034100e-04   3.7873000e+04   1.2000000e-02
  -1.2949739e-02   7.2263700e-04   3.7873000e+04   1.2000000e-02
  -1.2430171e-02   7.3223300e-04   3.7873000e+04   1.2000000e-02
  -1.1901336e-02   7.2435900e-04   3.7873000e+04   1.2000000e-02
  -1.1556379e-02   7.2805000e-04   3.7873000e+04   1.2000000e-02
  -1.1035336e-02   7.2936200e-04   3.7873000e+04   1.2000000e-02
  -1.0534878e-02   7.2427700e-04   3.7873000e+04   1.2000000e-02
  -1.0003007e-02   7.3813800e-04   3.7873000e+04   1.2000000e-02
  -9.4836860e-03   7.4002400e-04   3.7873000e+04   1.2000000e-02
  -8.9619060e-03   7.4839000e-04   3.7876000e+04   1.2000000e-02
  -8.6087480e-03   7.4732400e-04   3.7876000e+04   1.2000000e-02
  -8.0915570e-03   7.4240300e-04   3.7876000e+04   1.2000000e-02
  -7.5678890e-03   7.5249100e-04   3.7876000e+04   1.2000000e-02
  -7.0468460e-03   7.6011800e-04   3.7878900e+04   1.2000000e-02
  -6.5276070e-03   7.7594700e-04   3.7878900e+04   1.2000000e-02
  -5.9922100e-03   7.7717700e-04   3.7878900e+04   1.2000000e-02
  -5.4843710e-03   7.8488700e-04   3.7878900e+04   1.2000000e-02
  -5.1408090e-03   7.9874700e-04   3.7881900e+04   1.2000000e-02
  -4.6124660e-03   8.1916900e-04   3.7881900e+04   1.2000000e-02
  -4.0960130e-03   8.5476400e-04   3.7881900e+04   1.2000000e-02
  -3.5693930e-03   8.8707800e-04   3.7881900e+04   1.2000000e-02
  -3.0459710e-03   9.7303000e-04   3.7878900e+04   1.2000000e-02
  -2.5323910e-03   1.0565210e-03   3.7878900e+04   1.2000000e-02
  -2.0145440e-03   1.1785600e-03   3.7876000e+04   1.2000000e-02
  -1.6733610e-03   1.4068910e-03   3.7876000e+04   1.2000000e-02
  -1.1455920e-03   1.6983730e-03   3.7876000e+04   1.2000000e-02
  -6.1470500e-04   2.0470200e-03   3.7878900e+04   1.2000000e-02
  -1.0128900e-04   2.9773220e-03   3.7881900e+04   1.2000000e-02
   4.1713000e-04   3.9853730e-03   3.7881900e+04   1.2000000e-02
   9.4621100e-04   5.0617440e-03   3.7884900e+04   1.2000000e-02
   1.2765690e-03   6.6562890e-03   3.7884900e+04   1.2000000e-02
   1.7979400e-03   8.3417040e-03   3.7881900e+04   1.2000000e-02
   2.3225120e-03   1.1222333e-02   3.7881900e+04   1.2000000e-02
   2.8438010e-03   1.4710779e-02   3.7878900e+04   1.2000000e-02
   3.3685350e-03   1.8097196e-02   3.7878900e+04   1.2000000e-02
   3.8914650e-03   2.6480489e-02   3.7876000e+04   1.2000000e-02
   4.4199740e-03   3.2217552e-02   3.7876000e+04   1.2000000e-02
   4.7668170e-03   3.7119782e-02   3.7876000e+04   1.2000000e-02
   5.2941750e-03   4.6091372e-02   3.7876000e+04   1.2000000e-02
   5.8093130e-03   5.5228802e-02   3.7878900e+04   1.2000000e-02
   6.3246190e-03   6.6301548e-02   3.7878900e+04   1.2000000e-02
   6.8536180e-03   7.9231205e-02   3.7878900e+04   1.2000000e-02
   7.3755630e-03   9.3078612e-02   3.7878900e+04   1.2000000e-02
   7.7196170e-03   1.0675442e-01   3.7878900e+04   1.2000000e-02
   8.2392670e-03   1.1641867e-01   3.7881900e+04   1.2000000e-02
   8.7561290e-03   1.3789302e-01   3.7881900e+04   1.2000000e-02
   9.2935760e-03   1.5312420e-01   3.7881900e+04   1.2000000e-02
   9.8062540e-03   1.7045038e-01   3.7881900e+04   1.2000000e-02
   1.0319178e-02   1.8525455e-01   3.7878900e+04   1.2000000e-02
   1.0854740e-02   2.0520520e-01   3.7878900e+04   1.2000000e-02
   1.1194940e-02   2.1861435e-01   3.7881900e+04   1.2000000e-02
   1.1721478e-02   2.3950429e-01   3.7881900e+04   1.2000000e-02
   1.2240553e-02   2.5470190e-01   3.7881900e+04   1.2000000e-02
   1.2753890e-02   2.7570741e-01   3.7881900e+04   1.2000000e-02
   1.3279690e-02   2.9595476e-01   3.7881900e+04   1.2000000e-02
   1.3801802e-02   3.1601194e-01   3.7881900e+04   1.2000000e-02
   1.4313577e-02   3.3770511e-01   3.7881900e+04   1.2000000e-02
   1.4659846e-02   3.4915864e-01   3.7881900e+04   1.2000000e-02
   1.5186796e-02   3.6942812e-01   3.7878900e+04   1.2000000e-02
   1.5729247e-02   3.9094180e-01   3.7878900e+04   1.2000000e-02
   1.6240202e-02   4.0214205e-01   3.7878900e+04   1.2000000e-02
   1.6760180e-02   4.2676787e-01   3.7878900e+04   1.2000000e-02
   1.7271300e-02   4.4796926e-01   3.7878900e+04   1.2000000e-02
   1.7616421e-02   4.5878102e-01   3.7878900e+04   1.2000000e-02
   1.8139434e-02   4.8154136e-01   3.7878900e+04   1.2000000e-02
   1.8666465e-02   4.9853069e-01   3.7878900e+04   1.2000000e-02
   1.9193332e-02   5.1691583e-01   3.7876000e+04   1.2000000e-02
   1.9709701e-02   5.3624273e-01   3.7876000e+04   1.2000000e-02
   2.0234766e-02   5.5744579e-01   3.7876000e+04   1.2000000e-02
   2.0762206e-02   5.7559569e-01   3.7876000e+04   1.2000000e-02
   2.1113315e-02   5.8294369e-01   3.7878900e+04   1.2000000e-02
   2.1631488e-02   5.9744460e-01   3.7878900e+04   1.2000000e-02
   2.2157619e-02   6.1828946e-01   3.7878900e+04   1.2000000e-02
   2.2665212e-02   6.3293463e-01   3.7878900e+04   1.2000000e-02
   2.3188389e-02   6.4895349e-01   3.7881900e+04   1.2000000e-02
   2.3705823e-02   6.6962296e-01   3.7881900e+04   1.2000000e-02
   2.4220471e-02   6.8770322e-01   3.7878900e+04   1.2000000e-02
   2.4572398e-02   7.0123203e-01   3.7878900e+04   1.2000000e-02
   2.5086552e-02   7.1785252e-01   3.7878900e+04   1.2000000e-02
   2.5609567e-02   7.3048057e-01   3.7878900e+04   1.2000000e-02
   2.6144225e-02   7.4993535e-01   3.7878900e+04   1.2000000e-02
   2.6666992e-02   7.6582308e-01   3.7878900e+04   1.2000000e-02
   2.7190496e-02   7.7956666e-01   3.7878900e+04   1.2000000e-02
   2.7535127e-02   7.9868702e-01   3.7878900e+04   1.2000000e-02
   2.8041900e-02   8.0972662e-01   3.7878900e+04   1.2000000e-02
   2.8567701e-02   8.2673396e-01   3.7878900e+04   1.2000000e-02
   2.9096700e-02   8.4169222e-01   3.7881900e+04   1.2000000e-02
   2.9610283e-02   8.5715866e-01   3.7881900e+04   1.2000000e-02
   3.0147237e-02   8.7257263e-01   3.7881900e+04   1.2000000e-02
   3.0664755e-02   8.8481792e-01   3.7881900e+04   1.2000000e-02
   3.1011926e-02   8.9558459e-01   3.7881900e+04   1.2000000e-02
   3.1533872e-02   9.1086003e-01   3.7881900e+04   1.2000000e-02
   3.2053521e-02   9.2366596e-01   3.7881900e+04   1.2000000e-02
   3.2565874e-02   9.3548585e-01   3.7881900e+04   1.2000000e-02
   3.3110210e-02   9.5615368e-01   3.7881900e+04   1.2000000e-02
   3.3612308e-02   9.7033820e-01   3.7881900e+04   1.2000000e-02
   3.4137453e-02   9.8487271e-01   3.7881900e+04   1.2000000e-02
   3.4486510e-02   9.9783682e-01   3.7881900e+04   1.2000000e-02
   3.5004521e-02   1.0118626e+00   3.7881900e+04   1.2000000e-02
   3.5531715e-02   1.0240754e+00   3.7881900e+04   1.2000000e-02
   3.6052761e-02   1.0381102e+00   3.7881900e+04   1.2000000e-02
   3.6580530e-02   1.0519236e+00   3.7881900e+04   1.2000000e-02
   3.7087140e-02   1.0656055e+00   3.7884900e+04   1.2000000e-02
   3.7428570e-02   1.0759716e+00   3.7884900e+04   1.2000000e-02
   3.7962572e-02   1.0889723e+00   3.7884900e+04   1.2000000e-02
   3.8491817e-02   1.1031056e+00   3.7884900e+04   1.2000000e-02
   3.9008928e-02   1.1184701e+00   3.7884900e+04   1.2000000e-02
   3.9527921e-02   1.1305925e+00   3.7884900e+04   1.2000000e-02
   4.0061842e-02   1.1438559e+00   3.7884900e+04   1.2000000e-02
   4.0570747e-02   1.1560768e+00   3.7881900e+04   1.2000000e-02
   4.0917673e-02   1.1620765e+00   3.7881900e+04   1.2000000e-02
   4.1443310e-02   1.1746586e+00   3.7881900e+04   1.2000000e-02
   4.1971163e-02   1.1850000e+00   3.7881900e+04   1.2000000e-02
   4.2483185e-02   1.1987558e+00   3.7881900e+04   1.2000000e-02
   4.2995209e-02   1.2170585e+00   3.7881900e+04   1.2000000e-02
   4.3524864e-02   1.2291974e+00   3.7884900e+04   1.2000000e-02
   4.3865965e-02   1.2401380e+00   3.7884900e+04   1.2000000e-02
   4.4384385e-02   1.2527365e+00   3.7884900e+04   1.2000000e-02
   4.4907233e-02   1.2633984e+00   3.7881900e+04   1.2000000e-02
   4.5444927e-02   1.2787382e+00   3.7884900e+04   1.2000000e-02
   4.5961214e-02   1.2927238e+00   3.7884900e+04   1.2000000e-02
   4.6488985e-02   1.3016946e+00   3.7884900e+04   1.2000000e-02
   4.7003960e-02   1.3166651e+00   3.7884900e+04   1.2000000e-02
   4.7337600e-02   1.3263499e+00   3.7887900e+04   1.2000000e-02
   4.7848802e-02   1.3329734e+00   3.7887900e+04   1.2000000e-02
   4.8380017e-02   1.3466799e+00   3.7890900e+04   1.2000000e-02
   4.8900896e-02   1.3579652e+00   3.7890900e+04   1.2000000e-02
   4.9433506e-02   1.3660170e+00   3.7890900e+04   1.2000000e-02
   4.9940606e-02   1.3820872e+00   3.7890900e+04   1.2000000e-02
   5.0462553e-02   1.3991999e+00   3.7890900e+04   1.2000000e-02
   5.0810380e-02   1.4054540e+00   3.7893800e+04   1.2000000e-02
   5.1320105e-02   1.4127669e+00   3.7893800e+04   1.2000000e-02
   5.1852961e-02   1.4264816e+00   3.7893800e+04   1.2000000e-02
   5.2379499e-02   1.4398270e+00   3.7896800e+04   1.2000000e-02
   5.2906532e-02   1.4534597e+00   3.7896800e+04   1.2000000e-02
   5.3433808e-02   1.4657709e+00   3.7896800e+04   1.2000000e-02
   5.3786804e-02   1.4745530e+00   3.7896800e+04   1.2000000e-02
   5.4299318e-02   1.4854444e+00   3.7896800e+04   1.2000000e-02
   5.4820201e-02   1.4987323e+00   3.7896800e+04   1.2000000e-02
   5.5353383e-02   1.5166493e+00   3.7896800e+04   1.2000000e-02
   5.5864832e-02   1.5236585e+00   3.7896800e+04   1.2000000e-02
   5.6389402e-02   1.5331546e+00   3.7896800e+04   1.2000000e-02
   5.6909546e-02   1.5492577e+00   3.7896800e+04   1.2000000e-02
   5.7260817e-02   1.5558483e+00   3.7896800e+04   1.2000000e-02
