  -1.5060788e-01  -5.6922609e-01   3.7256100e+04   1.2000000e-02
  -1.5009151e-01  -5.6518615e-01   3.7259000e+04   1.2000000e-02
  -1.4975055e-01  -5.6248383e-01   3.7259000e+04   1.2000000e-02
  -1.4922353e-01  -5.5861928e-01   3.7262000e+04   1.2000000e-02
  -1.4870962e-01  -5.5434493e-01   3.7265000e+04   1.2000000e-02
  -1.4818424e-01  -5.5063775e-01   3.7268000e+04   1.2000000e-02
  -1.4765557e-01  -5.4661173e-01   3.7271000e+04   1.2000000e-02
  -1.4713921e-01  -5.4282504e-01   3.7271000e+04   1.2000000e-02
  -1.4678677e-01  -5.3991044e-01   3.7271000e+04   1.2000000e-02
  -1.4625729e-01  -5.3647865e-01   3.7274000e+04   1.2000000e-02
  -1.4574585e-01  -5.3269362e-01   3.7274000e+04   1.2000000e-02
  -1.4521063e-01  -5.2857252e-01   3.7274000e+04   1.2000000e-02
  -1.4470164e-01  -5.2432766e-01   3.7274000e+04   1.2000000e-02
  -1.4417134e-01  -5.2100244e-01   3.7274000e+04   1.2000000e-02
  -1.4365005e-01  -5.1709445e-01   3.7274000e+04   1.2000000e-02
  -1.4330663e-01  -5.1433639e-01   3.7274000e+04   1.2000000e-02
  -1.4279928e-01  -5.1089889e-01   3.7274000e+04   1.2000000e-02
  -1.4225750e-01  -5.0688434e-01   3.7274000e+04   1.2000000e-02
  -1.4175179e-01  -5.0302470e-01   3.7276900e+04   1.2000000e-02
  -1.4123788e-01  -4.9910115e-01   3.7276900e+04   1.2000000e-02
  -1.4070021e-01  -4.9497759e-01   3.7276900e+04   1.2000000e-02
  -1.4018384e-01  -4.9136796e-01   3.7276900e+04   1.2000000e-02
  -1.3983140e-01  -4.8849024e-01   3.7276900e+04   1.2000000e-02
  -1.3930684e-01  -4.8448717e-01   3.7276900e+04   1.2000000e-02
  -1.3879211e-01  -4.7981612e-01   3.7279900e+04   1.2000000e-02
  -1.3826345e-01  -4.7466967e-01   3.7279900e+04   1.2000000e-02
  -1.3775118e-01  -4.7086169e-01   3.7285900e+04   1.2000000e-02
  -1.3722908e-01  -4.6684878e-01   3.7288900e+04   1.2000000e-02
  -1.3689057e-01  -4.6409974e-01   3.7288900e+04   1.2000000e-02
  -1.3636027e-01  -4.6162528e-01   3.7291800e+04   1.2000000e-02
  -1.3584882e-01  -4.5736074e-01   3.7291800e+04   1.2000000e-02
  -1.3531440e-01  -4.5418795e-01   3.7291800e+04   1.2000000e-02
  -1.3479885e-01  -4.4992836e-01   3.7291800e+04   1.2000000e-02
  -1.3427839e-01  -4.4620232e-01   3.7291800e+04   1.2000000e-02
  -1.3375383e-01  -4.4222302e-01   3.7291800e+04   1.2000000e-02
  -1.3341204e-01  -4.3907237e-01   3.7291800e+04   1.2000000e-02
  -1.3288174e-01  -4.3488407e-01   3.7291800e+04   1.2000000e-02
  -1.3236046e-01  -4.3100558e-01   3.7291800e+04   1.2000000e-02
  -1.3184409e-01  -4.2716645e-01   3.7291800e+04   1.2000000e-02
  -1.3132854e-01  -4.2249293e-01   3.7291800e+04   1.2000000e-02
  -1.3079742e-01  -4.1800872e-01   3.7291800e+04   1.2000000e-02
  -1.3027696e-01  -4.1399991e-01   3.7291800e+04   1.2000000e-02
  -1.2992780e-01  -4.1093696e-01   3.7294800e+04   1.2000000e-02
  -1.2941061e-01  -4.0670277e-01   3.7294800e+04   1.2000000e-02
  -1.2888195e-01  -4.0238906e-01   3.7297800e+04   1.2000000e-02
  -1.2836066e-01  -3.9780569e-01   3.7300800e+04   1.2000000e-02
  -1.2784266e-01  -3.9498700e-01   3.7300800e+04   1.2000000e-02
  -1.2732793e-01  -3.9050690e-01   3.7300800e+04   1.2000000e-02
  -1.2697549e-01  -3.8895206e-01   3.7300800e+04   1.2000000e-02
  -1.2646240e-01  -3.8424575e-01   3.7300800e+04   1.2000000e-02
  -1.2593456e-01  -3.7892717e-01   3.7300800e+04   1.2000000e-02
  -1.2539934e-01  -3.7482166e-01   3.7300800e+04   1.2000000e-02
  -1.2488788e-01  -3.7052106e-01   3.7303800e+04   1.2000000e-02
  -1.2436086e-01  -3.6607212e-01   3.7300800e+04   1.2000000e-02
  -1.2385761e-01  -3.6192480e-01   3.7303800e+04   1.2000000e-02
  -1.2349697e-01  -3.5951918e-01   3.7303800e+04   1.2000000e-02
  -1.2296749e-01  -3.5380636e-01   3.7303800e+04   1.2000000e-02
  -1.2246178e-01  -3.4913201e-01   3.7303800e+04   1.2000000e-02
  -1.2192656e-01  -3.4532075e-01   3.7303800e+04   1.2000000e-02
  -1.2141020e-01  -3.4031691e-01   3.7306700e+04   1.2000000e-02
  -1.2088153e-01  -3.3594009e-01   3.7306700e+04   1.2000000e-02
  -1.2054139e-01  -3.3258863e-01   3.7306700e+04   1.2000000e-02
  -1.2001027e-01  -3.2767495e-01   3.7309700e+04   1.2000000e-02
  -1.1949964e-01  -3.2327681e-01   3.7312700e+04   1.2000000e-02
  -1.1897016e-01  -3.1846968e-01   3.7312700e+04   1.2000000e-02
  -1.1843166e-01  -3.1313964e-01   3.7315700e+04   1.2000000e-02
  -1.1792103e-01  -3.0823826e-01   3.7315700e+04   1.2000000e-02
  -1.1739811e-01  -3.0405159e-01   3.7315700e+04   1.2000000e-02
  -1.1704731e-01  -3.0060834e-01   3.7318700e+04   1.2000000e-02
  -1.1653750e-01  -2.9625446e-01   3.7318700e+04   1.2000000e-02
  -1.1602031e-01  -2.9139405e-01   3.7321600e+04   1.2000000e-02
  -1.1550230e-01  -2.8622629e-01   3.7324600e+04   1.2000000e-02
  -1.1497200e-01  -2.8092247e-01   3.7327600e+04   1.2000000e-02
  -1.1443843e-01  -2.7482689e-01   3.7330600e+04   1.2000000e-02
  -1.1392616e-01  -2.6951977e-01   3.7330600e+04   1.2000000e-02
  -1.1357863e-01  -2.6619372e-01   3.7330600e+04   1.2000000e-02
  -1.1306555e-01  -2.6163986e-01   3.7330600e+04   1.2000000e-02
  -1.1254918e-01  -2.5618441e-01   3.7330600e+04   1.2000000e-02
  -1.1201560e-01  -2.5126581e-01   3.7330600e+04   1.2000000e-02
  -1.1151972e-01  -2.4610460e-01   3.7330600e+04   1.2000000e-02
  -1.1099352e-01  -2.4066881e-01   3.7333600e+04   1.2000000e-02
  -1.1064190e-01  -2.3730916e-01   3.7333600e+04   1.2000000e-02
  -1.1011816e-01  -2.3125374e-01   3.7336500e+04   1.2000000e-02
  -1.0960507e-01  -2.2592124e-01   3.7336500e+04   1.2000000e-02
  -1.0908460e-01  -2.2023956e-01   3.7342500e+04   1.2000000e-02
  -1.0856332e-01  -2.1468409e-01   3.7342500e+04   1.2000000e-02
  -1.0804204e-01  -2.0857950e-01   3.7342500e+04   1.2000000e-02
  -1.0751501e-01  -2.0277571e-01   3.7345500e+04   1.2000000e-02
  -1.0716339e-01  -1.9775382e-01   3.7345500e+04   1.2000000e-02
  -1.0665276e-01  -1.9198198e-01   3.7345500e+04   1.2000000e-02
  -1.0612984e-01  -1.8600853e-01   3.7345500e+04   1.2000000e-02
  -1.0561265e-01  -1.7920233e-01   3.7348500e+04   1.2000000e-02
  -1.0510039e-01  -1.7206743e-01   3.7348500e+04   1.2000000e-02
  -1.0457664e-01  -1.6624397e-01   3.7351400e+04   1.2000000e-02
  -1.0405370e-01  -1.5925745e-01   3.7351400e+04   1.2000000e-02
  -1.0370700e-01  -1.5430195e-01   3.7354400e+04   1.2000000e-02
  -1.0318817e-01  -1.4588355e-01   3.7354400e+04   1.2000000e-02
  -1.0266361e-01  -1.3750775e-01   3.7354400e+04   1.2000000e-02
  -1.0212347e-01  -1.3031056e-01   3.7357400e+04   1.2000000e-02
  -1.0162350e-01  -1.2243555e-01   3.7357400e+04   1.2000000e-02
  -1.0109566e-01  -1.1276064e-01   3.7357400e+04   1.2000000e-02
  -1.0074649e-01  -1.0802073e-01   3.7357400e+04   1.2000000e-02
  -1.0022193e-01  -9.8179322e-02   3.7360400e+04   1.2000000e-02
  -9.9700857e-02  -9.0275623e-02   3.7360400e+04   1.2000000e-02
  -9.9181790e-02  -8.0604257e-02   3.7363400e+04   1.2000000e-02
  -9.8666898e-02  -7.0872185e-02   3.7363400e+04   1.2000000e-02
  -9.8142415e-02  -6.0148135e-02   3.7366300e+04   1.2000000e-02
  -9.7621208e-02  -5.0508890e-02   3.7369300e+04   1.2000000e-02
  -9.7274781e-02  -4.3912816e-02   3.7369300e+04   1.2000000e-02
  -9.6751851e-02  -3.4896220e-02   3.7369300e+04   1.2000000e-02
  -9.6227286e-02  -2.5513917e-02   3.7369300e+04   1.2000000e-02
  -9.5697385e-02  -1.7720244e-02   3.7369300e+04   1.2000000e-02
  -9.5162568e-02  -1.1820305e-02   3.7369300e+04   1.2000000e-02
  -9.4650218e-02  -7.2955160e-03   3.7372300e+04   1.2000000e-02
  -9.4128933e-02  -4.2482360e-03   3.7372300e+04   1.2000000e-02
  -9.3785863e-02  -2.9901190e-03   3.7372300e+04   1.2000000e-02
  -9.3266050e-02  -1.7393830e-03   3.7372300e+04   1.2000000e-02
  -9.2744191e-02  -9.9993300e-04   3.7375300e+04   1.2000000e-02
  -9.2211912e-02  -4.4173500e-04   3.7375300e+04   1.2000000e-02
  -9.1697681e-02  -1.5213800e-04   3.7378300e+04   1.2000000e-02
  -9.1182214e-02   1.2236700e-04   3.7378300e+04   1.2000000e-02
  -9.0834886e-02   2.0807300e-04   3.7381200e+04   1.2000000e-02
  -9.0307281e-02   3.2092600e-04   3.7381200e+04   1.2000000e-02
  -8.9784520e-02   3.8883500e-04   3.7381200e+04   1.2000000e-02
  -8.9265937e-02   4.3582900e-04   3.7378300e+04   1.2000000e-02
  -8.8745638e-02   4.6756900e-04   3.7378300e+04   1.2000000e-02
  -8.8218034e-02   4.7716500e-04   3.7378300e+04   1.2000000e-02
  -8.7709788e-02   4.8733500e-04   3.7381200e+04   1.2000000e-02
  -8.7364011e-02   4.8864700e-04   3.7384200e+04   1.2000000e-02
  -8.6848550e-02   4.9635700e-04   3.7390200e+04   1.2000000e-02
  -8.6326194e-02   5.0865900e-04   3.7393200e+04   1.2000000e-02
  -8.5798513e-02   5.0185200e-04   3.7399100e+04   1.2000000e-02
  -8.5267053e-02   5.0127800e-04   3.7405100e+04   1.2000000e-02
  -8.4759627e-02   5.0291800e-04   3.7411000e+04   1.2000000e-02
  -8.4410406e-02   4.9971900e-04   3.7414000e+04   1.2000000e-02
  -8.3888461e-02   5.0062200e-04   3.7417000e+04   1.2000000e-02
  -8.3378740e-02   5.0127800e-04   3.7420000e+04   1.2000000e-02
  -8.2861060e-02   5.0300000e-04   3.7423000e+04   1.2000000e-02
  -8.2329769e-02   5.0160600e-04   3.7425900e+04   1.2000000e-02
  -8.1795276e-02   5.0496800e-04   3.7428900e+04   1.2000000e-02
  -8.1266936e-02   5.0890500e-04   3.7428900e+04   1.2000000e-02
  -8.0918043e-02   5.0546000e-04   3.7431900e+04   1.2000000e-02
  -8.0394708e-02   5.0324600e-04   3.7431900e+04   1.2000000e-02
  -7.9878503e-02   5.0537800e-04   3.7434900e+04   1.2000000e-02
  -7.9355577e-02   5.0710100e-04   3.7434900e+04   1.2000000e-02
  -7.8833303e-02   5.0505000e-04   3.7437900e+04   1.2000000e-02
  -7.8307508e-02   5.0923300e-04   3.7437900e+04   1.2000000e-02
  -7.7795322e-02   5.0537800e-04   3.7440800e+04   1.2000000e-02
  -7.7451271e-02   5.0201600e-04   3.7440800e+04   1.2000000e-02
  -7.6937035e-02   5.0783900e-04   3.7440800e+04   1.2000000e-02
  -7.6405167e-02   5.0488600e-04   3.7440800e+04   1.2000000e-02
  -7.5887405e-02   4.9766900e-04   3.7440800e+04   1.2000000e-02
  -7.5360789e-02   5.0964300e-04   3.7443800e+04   1.2000000e-02
  -7.4836957e-02   5.0685500e-04   3.7443800e+04   1.2000000e-02
  -7.4504221e-02   5.1087300e-04   3.7443800e+04   1.2000000e-02
  -7.3985231e-02   5.0701900e-04   3.7446800e+04   1.2000000e-02
  -7.3466320e-02   5.0037500e-04   3.7446800e+04   1.2000000e-02
  -7.2934125e-02   5.0160600e-04   3.7446800e+04   1.2000000e-02
  -7.2419233e-02   5.0423000e-04   3.7449800e+04   1.2000000e-02
  -7.1903033e-02   5.0488600e-04   3.7449800e+04   1.2000000e-02
  -7.1370016e-02   5.0357400e-04   3.7452800e+04   1.2000000e-02
  -7.1029818e-02   5.1218600e-04   3.7455700e+04   1.2000000e-02
  -7.0508529e-02   5.0767500e-04   3.7455700e+04   1.2000000e-02
  -6.9974694e-02   5.0578900e-04   3.7455700e+04   1.2000000e-02
  -6.9456439e-02   5.0644500e-04   3.7455700e+04   1.2000000e-02
  -6.8936302e-02   5.0562400e-04   3.7455700e+04   1.2000000e-02
  -6.8406237e-02   5.0308200e-04   3.7455700e+04   1.2000000e-02
  -6.7885032e-02   5.0685500e-04   3.7458700e+04   1.2000000e-02
  -6.7529824e-02   5.0849500e-04   3.7458700e+04   1.2000000e-02
  -6.7009111e-02   5.0365600e-04   3.7461700e+04   1.2000000e-02
  -6.6495449e-02   5.1046300e-04   3.7464700e+04   1.2000000e-02
  -6.5978919e-02   5.1038100e-04   3.7467700e+04   1.2000000e-02
  -6.5464437e-02   5.0783900e-04   3.7467700e+04   1.2000000e-02
  -6.4926337e-02   5.0964300e-04   3.7467700e+04   1.2000000e-02
  -6.4577197e-02   5.0652700e-04   3.7467700e+04   1.2000000e-02
  -6.4058696e-02   5.1103700e-04   3.7470600e+04   1.2000000e-02
  -6.3531012e-02   5.0628100e-04   3.7470600e+04   1.2000000e-02
  -6.3009476e-02   5.0849500e-04   3.7470600e+04   1.2000000e-02
  -6.2489255e-02   5.1046300e-04   3.7470600e+04   1.2000000e-02
  -6.1966079e-02   5.0997100e-04   3.7470600e+04   1.2000000e-02
  -6.1447419e-02   5.0357400e-04   3.7467700e+04   1.2000000e-02
  -6.1105990e-02   5.0824900e-04   3.7467700e+04   1.2000000e-02
  -6.0586261e-02   5.1005300e-04   3.7467700e+04   1.2000000e-02
  -6.0065299e-02   5.0947900e-04   3.7467700e+04   1.2000000e-02
  -5.9542290e-02   5.1472800e-04   3.7467700e+04   1.2000000e-02
  -5.9011978e-02   5.0849500e-04   3.7467700e+04   1.2000000e-02
  -5.8501271e-02   5.1070900e-04   3.7470600e+04   1.2000000e-02
  -5.7974979e-02   5.0849500e-04   3.7470600e+04   1.2000000e-02
  -5.7623051e-02   5.0398400e-04   3.7470600e+04   1.2000000e-02
  -5.7104470e-02   5.0792100e-04   3.7473600e+04   1.2000000e-02
  -5.6584657e-02   5.0751100e-04   3.7473600e+04   1.2000000e-02
  -5.6053528e-02   5.0734700e-04   3.7473600e+04   1.2000000e-02
  -5.5531992e-02   5.1177600e-04   3.7473600e+04   1.2000000e-02
  -5.5021613e-02   5.0833100e-04   3.7473600e+04   1.2000000e-02
  -5.4671735e-02   5.0513200e-04   3.7476600e+04   1.2000000e-02
  -5.4142573e-02   5.1112000e-04   3.7476600e+04   1.2000000e-02
  -5.3634078e-02   5.0644500e-04   3.7476600e+04   1.2000000e-02
  -5.3116973e-02   5.0324600e-04   3.7476600e+04   1.2000000e-02
  -5.2594945e-02   5.0857700e-04   3.7476600e+04   1.2000000e-02
  -5.2065703e-02   5.0915100e-04   3.7479600e+04   1.2000000e-02
  -5.1544987e-02   5.1070900e-04   3.7482600e+04   1.2000000e-02
  -5.1195522e-02   5.1153000e-04   3.7485500e+04   1.2000000e-02
  -5.0669886e-02   5.0710100e-04   3.7488500e+04   1.2000000e-02
  -5.0154666e-02   5.1735300e-04   3.7491500e+04   1.2000000e-02
  -4.9628128e-02   5.1136600e-04   3.7491500e+04   1.2000000e-02
  -4.9113812e-02   5.1308800e-04   3.7494500e+04   1.2000000e-02
  -4.8597690e-02   5.1267800e-04   3.7497500e+04   1.2000000e-02
  -4.8082225e-02   5.1628600e-04   3.7497500e+04   1.2000000e-02
  -4.7733660e-02   5.1210400e-04   3.7500400e+04   1.2000000e-02
  -4.7207532e-02   5.1095500e-04   3.7500400e+04   1.2000000e-02
  -4.6685342e-02   5.1136600e-04   3.7500400e+04   1.2000000e-02
  -4.6158640e-02   5.1464600e-04   3.7500400e+04   1.2000000e-02
  -4.5629804e-02   5.1571200e-04   3.7500400e+04   1.2000000e-02
  -4.5101625e-02   5.1653300e-04   3.7500400e+04   1.2000000e-02
  -4.4755031e-02   5.1062700e-04   3.7500400e+04   1.2000000e-02
  -4.4235874e-02   5.2186400e-04   3.7500400e+04   1.2000000e-02
  -4.3720162e-02   5.1587600e-04   3.7500400e+04   1.2000000e-02
  -4.3209125e-02   5.1809100e-04   3.7500400e+04   1.2000000e-02
  -4.2677995e-02   5.1489200e-04   3.7497500e+04   1.2000000e-02
  -4.2152769e-02   5.1694300e-04   3.7497500e+04   1.2000000e-02
  -4.1633201e-02   5.1661500e-04   3.7494500e+04   1.2000000e-02
  -4.1281684e-02   5.2063300e-04   3.7494500e+04   1.2000000e-02
  -4.0765153e-02   5.2309400e-04   3.7497500e+04   1.2000000e-02
  -4.0247554e-02   5.1587600e-04   3.7497500e+04   1.2000000e-02
  -3.9727168e-02   5.1497400e-04   3.7500400e+04   1.2000000e-02
  -3.9208667e-02   5.1956700e-04   3.7500400e+04   1.2000000e-02
  -3.8684671e-02   5.1481000e-04   3.7503400e+04   1.2000000e-02
  -3.8345948e-02   5.1415400e-04   3.7506400e+04   1.2000000e-02
  -3.7802432e-02   5.2112500e-04   3.7506400e+04   1.2000000e-02
  -3.7287541e-02   5.2046900e-04   3.7506400e+04   1.2000000e-02
  -3.6757148e-02   5.2038700e-04   3.7506400e+04   1.2000000e-02
  -3.6251525e-02   5.1891100e-04   3.7503400e+04   1.2000000e-02
  -3.5726955e-02   5.1817300e-04   3.7503400e+04   1.2000000e-02
  -3.5208043e-02   5.2211000e-04   3.7506400e+04   1.2000000e-02
  -3.4873256e-02   5.1456400e-04   3.7506400e+04   1.2000000e-02
  -3.4340651e-02   5.1595800e-04   3.7509400e+04   1.2000000e-02
  -3.3809027e-02   5.2030500e-04   3.7509400e+04   1.2000000e-02
  -3.3306192e-02   5.2358600e-04   3.7509400e+04   1.2000000e-02
  -3.2786953e-02   5.2112500e-04   3.7509400e+04   1.2000000e-02
  -3.2262956e-02   5.2268400e-04   3.7509400e+04   1.2000000e-02
  -3.1740765e-02   5.2399600e-04   3.7512400e+04   1.2000000e-02
  -3.1404830e-02   5.2194600e-04   3.7515300e+04   1.2000000e-02
  -3.0878375e-02   5.2137100e-04   3.7515300e+04   1.2000000e-02
  -3.0365205e-02   5.1899300e-04   3.7518300e+04   1.2000000e-02
  -2.9829974e-02   5.1768100e-04   3.7515300e+04   1.2000000e-02
  -2.9312949e-02   5.1759900e-04   3.7515300e+04   1.2000000e-02
  -2.8786574e-02   5.1923900e-04   3.7515300e+04   1.2000000e-02
  -2.8421934e-02   5.2120700e-04   3.7515300e+04   1.2000000e-02
  -2.7910241e-02   5.2219200e-04   3.7512400e+04   1.2000000e-02
  -2.7383129e-02   5.1850100e-04   3.7512400e+04   1.2000000e-02
  -2.6865529e-02   5.1940300e-04   3.7515300e+04   1.2000000e-02
  -2.6353671e-02   5.2194600e-04   3.7518300e+04   1.2000000e-02
  -2.5821229e-02   5.2301200e-04   3.7518300e+04   1.2000000e-02
  -2.5285751e-02   5.2022300e-04   3.7521300e+04   1.2000000e-02
  -2.4943664e-02   5.2014100e-04   3.7521300e+04   1.2000000e-02
  -2.4423933e-02   5.1981300e-04   3.7521300e+04   1.2000000e-02
  -2.3893869e-02   5.2030500e-04   3.7518300e+04   1.2000000e-02
  -2.3379058e-02   5.2186400e-04   3.7518300e+04   1.2000000e-02
  -2.2846534e-02   5.1858300e-04   3.7521300e+04   1.2000000e-02
  -2.2345338e-02   5.1923900e-04   3.7521300e+04   1.2000000e-02
  -2.1821586e-02   5.1825500e-04   3.7521300e+04   1.2000000e-02
  -2.1471791e-02   5.2137100e-04   3.7521300e+04   1.2000000e-02
  -2.0965592e-02   5.1850100e-04   3.7524300e+04   1.2000000e-02
  -2.0427081e-02   5.1981300e-04   3.7524300e+04   1.2000000e-02
  -1.9909728e-02   5.1841900e-04   3.7524300e+04   1.2000000e-02
  -1.9386878e-02   5.2096100e-04   3.7524300e+04   1.2000000e-02
  -1.8869936e-02   5.2391400e-04   3.7524300e+04   1.2000000e-02
  -1.8519321e-02   5.2096100e-04   3.7527300e+04   1.2000000e-02
  -1.7991225e-02   5.2867100e-04   3.7527300e+04   1.2000000e-02
  -1.7477889e-02   5.1932100e-04   3.7527300e+04   1.2000000e-02
  -1.6955779e-02   5.1907500e-04   3.7530300e+04   1.2000000e-02
  -1.6444743e-02   5.2096100e-04   3.7530300e+04   1.2000000e-02
  -1.5928948e-02   5.1899300e-04   3.7530300e+04   1.2000000e-02
  -1.5402080e-02   5.2079700e-04   3.7530300e+04   1.2000000e-02
  -1.5058108e-02   5.2588200e-04   3.7530300e+04   1.2000000e-02
  -1.4529192e-02   5.2432400e-04   3.7530300e+04   1.2000000e-02
  -1.4018892e-02   5.2317600e-04   3.7530300e+04   1.2000000e-02
  -1.3493336e-02   5.2498000e-04   3.7530300e+04   1.2000000e-02
  -1.2956546e-02   5.2432400e-04   3.7530300e+04   1.2000000e-02
  -1.2444851e-02   5.2120700e-04   3.7533200e+04   1.2000000e-02
  -1.1927909e-02   5.2473400e-04   3.7533200e+04   1.2000000e-02
  -1.1560070e-02   5.2038700e-04   3.7533200e+04   1.2000000e-02
  -1.1051821e-02   5.2424200e-04   3.7536200e+04   1.2000000e-02
  -1.0532500e-02   5.1809100e-04   3.7539200e+04   1.2000000e-02
  -1.0001613e-02   5.2432400e-04   3.7542200e+04   1.2000000e-02
  -9.4869670e-03   5.2309400e-04   3.7545200e+04   1.2000000e-02
  -8.9600190e-03   5.2169900e-04   3.7548100e+04   1.2000000e-02
  -8.6185070e-03   5.2030500e-04   3.7551100e+04   1.2000000e-02
  -8.1024650e-03   5.1759900e-04   3.7554100e+04   1.2000000e-02
  -7.5795350e-03   5.1956700e-04   3.7554100e+04   1.2000000e-02
  -7.0551290e-03   5.2038700e-04   3.7554100e+04   1.2000000e-02
  -6.5446660e-03   5.2375000e-04   3.7554100e+04   1.2000000e-02
  -6.0082850e-03   5.2342200e-04   3.7554100e+04   1.2000000e-02
  -5.4955250e-03   5.2202800e-04   3.7557100e+04   1.2000000e-02
  -5.1353140e-03   5.2776900e-04   3.7557100e+04   1.2000000e-02
  -4.6149260e-03   5.2653800e-04   3.7554100e+04   1.2000000e-02
  -4.0986380e-03   5.2662000e-04   3.7554100e+04   1.2000000e-02
  -3.5803010e-03   5.3080300e-04   3.7554100e+04   1.2000000e-02
  -3.0506460e-03   5.3006500e-04   3.7554100e+04   1.2000000e-02
  -2.5427250e-03   5.4482800e-04   3.7554100e+04   1.2000000e-02
  -2.0092950e-03   5.5483400e-04   3.7557100e+04   1.2000000e-02
  -1.6595000e-03   5.6344500e-04   3.7557100e+04   1.2000000e-02
  -1.1442800e-03   5.8222700e-04   3.7560100e+04   1.2000000e-02
  -6.0519100e-04   6.2864700e-04   3.7560100e+04   1.2000000e-02
  -1.0711200e-04   6.8450000e-04   3.7563000e+04   1.2000000e-02
   4.2442900e-04   7.7750500e-04   3.7560100e+04   1.2000000e-02
   9.4793300e-04   9.4686700e-04   3.7560100e+04   1.2000000e-02
   1.2810790e-03   1.1209850e-03   3.7557100e+04   1.2000000e-02
   1.8069620e-03   1.5162990e-03   3.7554100e+04   1.2000000e-02
   2.3215280e-03   1.9463060e-03   3.7551100e+04   1.2000000e-02
   2.8374860e-03   2.5477260e-03   3.7548100e+04   1.2000000e-02
   3.3426190e-03   3.7525310e-03   3.7548100e+04   1.2000000e-02
   3.8676810e-03   5.2628450e-03   3.7548100e+04   1.2000000e-02
   4.3904480e-03   7.4384690e-03   3.7551100e+04   1.2000000e-02
   4.7431140e-03   1.1316158e-02   3.7554100e+04   1.2000000e-02
   5.2717850e-03   1.6738446e-02   3.7560100e+04   1.2000000e-02
   5.7845450e-03   2.4675574e-02   3.7566000e+04   1.2000000e-02
   6.3107580e-03   3.2589494e-02   3.7566000e+04   1.2000000e-02
   6.8203190e-03   4.3510183e-02   3.7569000e+04   1.2000000e-02
   7.3521070e-03   5.3284458e-02   3.7569000e+04   1.2000000e-02
   7.6923880e-03   6.0599093e-02   3.7566000e+04   1.2000000e-02
   8.2091670e-03   6.9348177e-02   3.7566000e+04   1.2000000e-02
   8.7462870e-03   8.0373272e-02   3.7566000e+04   1.2000000e-02
   9.2782390e-03   9.0639227e-02   3.7566000e+04   1.2000000e-02
   9.7995290e-03   9.9311458e-02   3.7569000e+04   1.2000000e-02
   1.0309582e-02   1.1035341e-01   3.7569000e+04   1.2000000e-02
   1.0837189e-02   1.1865298e-01   3.7572000e+04   1.2000000e-02
   1.1184032e-02   1.2529280e-01   3.7572000e+04   1.2000000e-02
   1.1697202e-02   1.3290391e-01   3.7572000e+04   1.2000000e-02
   1.2222510e-02   1.4126005e-01   3.7575000e+04   1.2000000e-02
   1.2741178e-02   1.4859247e-01   3.7575000e+04   1.2000000e-02
   1.3270177e-02   1.5680598e-01   3.7575000e+04   1.2000000e-02
   1.3787449e-02   1.6435151e-01   3.7575000e+04   1.2000000e-02
   1.4319893e-02   1.7129624e-01   3.7575000e+04   1.2000000e-02
   1.4666982e-02   1.7597633e-01   3.7577900e+04   1.2000000e-02
   1.5190404e-02   1.8238175e-01   3.7577900e+04   1.2000000e-02
   1.5716451e-02   1.8827981e-01   3.7577900e+04   1.2000000e-02
   1.6238644e-02   1.9438360e-01   3.7577900e+04   1.2000000e-02
   1.6765757e-02   2.0137343e-01   3.7577900e+04   1.2000000e-02
   1.7272038e-02   2.0751901e-01   3.7577900e+04   1.2000000e-02
   1.7629379e-02   2.1207944e-01   3.7577900e+04   1.2000000e-02
   1.8134595e-02   2.1790291e-01   3.7575000e+04   1.2000000e-02
   1.8659330e-02   2.2327233e-01   3.7575000e+04   1.2000000e-02
   1.9187427e-02   2.2882205e-01   3.7575000e+04   1.2000000e-02
   1.9694118e-02   2.3435292e-01   3.7572000e+04   1.2000000e-02
   2.0226482e-02   2.3930676e-01   3.7572000e+04   1.2000000e-02
   2.0746870e-02   2.4672196e-01   3.7572000e+04   1.2000000e-02
   2.1100193e-02   2.5021276e-01   3.7572000e+04   1.2000000e-02
   2.1620662e-02   2.5728783e-01   3.7572000e+04   1.2000000e-02
   2.2132358e-02   2.6192448e-01   3.7572000e+04   1.2000000e-02
   2.2656108e-02   2.6792254e-01   3.7569000e+04   1.2000000e-02
   2.3181253e-02   2.7292313e-01   3.7569000e+04   1.2000000e-02
   2.3709104e-02   2.7853923e-01   3.7569000e+04   1.2000000e-02
   2.4223587e-02   2.8325949e-01   3.7569000e+04   1.2000000e-02
   2.4565345e-02   2.8772975e-01   3.7566000e+04   1.2000000e-02
   2.5086306e-02   2.9158938e-01   3.7566000e+04   1.2000000e-02
   2.5607763e-02   2.9646211e-01   3.7566000e+04   1.2000000e-02
   2.6125936e-02   3.0141841e-01   3.7569000e+04   1.2000000e-02
   2.6648128e-02   3.0579688e-01   3.7569000e+04   1.2000000e-02
   2.7171468e-02   3.1133102e-01   3.7569000e+04   1.2000000e-02
   2.7521020e-02   3.1392269e-01   3.7569000e+04   1.2000000e-02
   2.8041162e-02   3.1906424e-01   3.7572000e+04   1.2000000e-02
   2.8559499e-02   3.2335418e-01   3.7572000e+04   1.2000000e-02
   2.9088088e-02   3.2807609e-01   3.7572000e+04   1.2000000e-02
   2.9618320e-02   3.3286027e-01   3.7572000e+04   1.2000000e-02
   3.0133458e-02   3.3729858e-01   3.7572000e+04   1.2000000e-02
   3.0649008e-02   3.4225488e-01   3.7572000e+04   1.2000000e-02
   3.0999541e-02   3.4589075e-01   3.7572000e+04   1.2000000e-02
   3.1523620e-02   3.5081101e-01   3.7572000e+04   1.2000000e-02
   3.2044418e-02   3.5498620e-01   3.7572000e+04   1.2000000e-02
   3.2566940e-02   3.5997942e-01   3.7572000e+04   1.2000000e-02
   3.3100532e-02   3.6396446e-01   3.7572000e+04   1.2000000e-02
   3.3615835e-02   3.6826178e-01   3.7569000e+04   1.2000000e-02
   3.4135238e-02   3.7259435e-01   3.7569000e+04   1.2000000e-02
   3.4492497e-02   3.7623022e-01   3.7569000e+04   1.2000000e-02
   3.5007555e-02   3.8062427e-01   3.7566000e+04   1.2000000e-02
   3.5521463e-02   3.8427736e-01   3.7569000e+04   1.2000000e-02
   3.6048989e-02   3.8736736e-01   3.7572000e+04   1.2000000e-02
   3.6568720e-02   3.9153849e-01   3.7575000e+04   1.2000000e-02
   3.7094111e-02   3.9639480e-01   3.7580900e+04   1.2000000e-02
   3.7439232e-02   3.9824634e-01   3.7580900e+04   1.2000000e-02
   3.7968805e-02   4.0267645e-01   3.7583900e+04   1.2000000e-02
   3.8490259e-02   4.0767619e-01   3.7580900e+04   1.2000000e-02
   3.8999824e-02   4.1201697e-01   3.7577900e+04   1.2000000e-02
   3.9522836e-02   4.1576432e-01   3.7575000e+04   1.2000000e-02
   4.0035351e-02   4.1980266e-01   3.7572000e+04   1.2000000e-02
   4.0552457e-02   4.2379262e-01   3.7575000e+04   1.2000000e-02
   4.0905453e-02   4.2731375e-01   3.7580900e+04   1.2000000e-02
   4.1442326e-02   4.3163240e-01   3.7583900e+04   1.2000000e-02
   4.1965340e-02   4.3560760e-01   3.7586900e+04   1.2000000e-02
   4.2491305e-02   4.3957461e-01   3.7586900e+04   1.2000000e-02
   4.3005789e-02   4.4382931e-01   3.7589900e+04   1.2000000e-02
   4.3525520e-02   4.4783812e-01   3.7589900e+04   1.2000000e-02
   4.3882861e-02   4.5055192e-01   3.7589900e+04   1.2000000e-02
   4.4388240e-02   4.5494761e-01   3.7589900e+04   1.2000000e-02
   4.4915188e-02   4.5863103e-01   3.7592800e+04   1.2000000e-02
   4.5438448e-02   4.6320787e-01   3.7592800e+04   1.2000000e-02
   4.5951126e-02   4.6703636e-01   3.7592800e+04   1.2000000e-02
   4.6469056e-02   4.6908953e-01   3.7589900e+04   1.2000000e-02
   4.6994528e-02   4.7325737e-01   3.7589900e+04   1.2000000e-02
   4.7331121e-02   4.7586953e-01   3.7586900e+04   1.2000000e-02
   4.7842240e-02   4.8027995e-01   3.7583900e+04   1.2000000e-02
   4.8379935e-02   4.8481089e-01   3.7577900e+04   1.2000000e-02
   4.8895073e-02   4.8897378e-01   3.7572000e+04   1.2000000e-02
   4.9421859e-02   4.9347193e-01   3.7563000e+04   1.2000000e-02
   4.9938310e-02   4.9746681e-01   3.7554100e+04   1.2000000e-02
   5.0460010e-02   5.0126497e-01   3.7548100e+04   1.2000000e-02
   5.0814563e-02   5.0466562e-01   3.7539200e+04   1.2000000e-02
   5.1336918e-02   5.0860066e-01   3.7533200e+04   1.2000000e-02
   5.1865099e-02   5.1205786e-01   3.7527300e+04   1.2000000e-02
   5.2389751e-02   5.1683468e-01   3.7518300e+04   1.2000000e-02
   5.2902759e-02   5.2000747e-01   3.7512400e+04   1.2000000e-02
   5.3428067e-02   5.2431137e-01   3.7506400e+04   1.2000000e-02
   5.3779833e-02   5.2650715e-01   3.7500400e+04   1.2000000e-02
   5.4303665e-02   5.3079382e-01   3.7491500e+04   1.2000000e-02
   5.4822334e-02   5.3461411e-01   3.7482600e+04   1.2000000e-02
   5.5357156e-02   5.3883850e-01   3.7473600e+04   1.2000000e-02
   5.5862864e-02   5.4264404e-01   3.7467700e+04   1.2000000e-02
   5.6380955e-02   5.4665289e-01   3.7461700e+04   1.2000000e-02
   5.6890436e-02   5.5040187e-01   3.7455700e+04   1.2000000e-02
   5.7255650e-02   5.5360827e-01   3.7449800e+04   1.2000000e-02
