  -1.2079056e-01  -2.8460178e-01   3.7232200e+04   1.2000000e-02
  -1.2043975e-01  -2.8332644e-01   3.7235200e+04   1.2000000e-02
  -1.1991027e-01  -2.7908322e-01   3.7235200e+04   1.2000000e-02
  -1.1940456e-01  -2.7515310e-01   3.7235200e+04   1.2000000e-02
  -1.1887836e-01  -2.7235324e-01   3.7238200e+04   1.2000000e-02
  -1.1835134e-01  -2.6881243e-01   3.7238200e+04   1.2000000e-02
  -1.1782268e-01  -2.6457167e-01   3.7238200e+04   1.2000000e-02
  -1.1728746e-01  -2.6152183e-01   3.7241200e+04   1.2000000e-02
  -1.1694895e-01  -2.5792612e-01   3.7244100e+04   1.2000000e-02
  -1.1643340e-01  -2.5446975e-01   3.7244100e+04   1.2000000e-02
  -1.1591622e-01  -2.4998308e-01   3.7244100e+04   1.2000000e-02
  -1.1538756e-01  -2.4662752e-01   3.7247100e+04   1.2000000e-02
  -1.1486381e-01  -2.4221709e-01   3.7247100e+04   1.2000000e-02
  -1.1432532e-01  -2.3908038e-01   3.7247100e+04   1.2000000e-02
  -1.1381633e-01  -2.3538139e-01   3.7250100e+04   1.2000000e-02
  -1.1345815e-01  -2.3247089e-01   3.7250100e+04   1.2000000e-02
  -1.1294506e-01  -2.2821538e-01   3.7250100e+04   1.2000000e-02
  -1.1241394e-01  -2.2476966e-01   3.7250100e+04   1.2000000e-02
  -1.1189511e-01  -2.2120591e-01   3.7250100e+04   1.2000000e-02
  -1.1139678e-01  -2.1700283e-01   3.7253100e+04   1.2000000e-02
  -1.1087058e-01  -2.1330876e-01   3.7253100e+04   1.2000000e-02
  -1.1052305e-01  -2.1045235e-01   3.7256100e+04   1.2000000e-02
  -1.1000095e-01  -2.0653945e-01   3.7256100e+04   1.2000000e-02
  -1.0947803e-01  -2.0162822e-01   3.7259000e+04   1.2000000e-02
  -1.0896248e-01  -1.9736285e-01   3.7259000e+04   1.2000000e-02
  -1.0844529e-01  -1.9425973e-01   3.7262000e+04   1.2000000e-02
  -1.0793139e-01  -1.8950096e-01   3.7265000e+04   1.2000000e-02
  -1.0739207e-01  -1.8521923e-01   3.7265000e+04   1.2000000e-02
  -1.0704946e-01  -1.8281608e-01   3.7271000e+04   1.2000000e-02
  -1.0652408e-01  -1.7832205e-01   3.7271000e+04   1.2000000e-02
  -1.0599706e-01  -1.7323622e-01   3.7274000e+04   1.2000000e-02
  -1.0547578e-01  -1.6843811e-01   3.7274000e+04   1.2000000e-02
  -1.0496761e-01  -1.6373181e-01   3.7276900e+04   1.2000000e-02
  -1.0444304e-01  -1.5910008e-01   3.7276900e+04   1.2000000e-02
  -1.0392830e-01  -1.5353806e-01   3.7276900e+04   1.2000000e-02
  -1.0358241e-01  -1.5029642e-01   3.7276900e+04   1.2000000e-02
  -1.0305949e-01  -1.4445165e-01   3.7276900e+04   1.2000000e-02
  -1.0254476e-01  -1.3878965e-01   3.7276900e+04   1.2000000e-02
  -1.0201692e-01  -1.3398168e-01   3.7276900e+04   1.2000000e-02
  -1.0148662e-01  -1.2845246e-01   3.7276900e+04   1.2000000e-02
  -1.0096943e-01  -1.2219130e-01   3.7276900e+04   1.2000000e-02
  -1.0061289e-01  -1.1793005e-01   3.7276900e+04   1.2000000e-02
  -1.0010636e-01  -1.1129187e-01   3.7274000e+04   1.2000000e-02
  -9.9577998e-02  -1.0598968e-01   3.7274000e+04   1.2000000e-02
  -9.9059177e-02  -9.8635322e-02   3.7274000e+04   1.2000000e-02
  -9.8542481e-02  -9.0447937e-02   3.7276900e+04   1.2000000e-02
  -9.8024723e-02  -8.3119244e-02   3.7276900e+04   1.2000000e-02
  -9.7499087e-02  -7.5950967e-02   3.7279900e+04   1.2000000e-02
  -9.7166931e-02  -7.0122978e-02   3.7279900e+04   1.2000000e-02
  -9.6642935e-02  -6.2076144e-02   3.7282900e+04   1.2000000e-02
  -9.6115991e-02  -5.4196047e-02   3.7285900e+04   1.2000000e-02
  -9.5597080e-02  -4.6109759e-02   3.7285900e+04   1.2000000e-02
  -9.5072843e-02  -4.0176201e-02   3.7285900e+04   1.2000000e-02
  -9.4560166e-02  -3.3078026e-02   3.7288900e+04   1.2000000e-02
  -9.4034697e-02  -2.6333495e-02   3.7288900e+04   1.2000000e-02
  -9.3684902e-02  -2.4519398e-02   3.7288900e+04   1.2000000e-02
  -9.3170507e-02  -1.8308378e-02   3.7291800e+04   1.2000000e-02
  -9.2640688e-02  -1.4572742e-02   3.7291800e+04   1.2000000e-02
  -9.2110546e-02  -1.0374126e-02   3.7294800e+04   1.2000000e-02
  -9.1594752e-02  -7.5059670e-03   3.7294800e+04   1.2000000e-02
  -9.1075601e-02  -4.8914000e-03   3.7297800e+04   1.2000000e-02
  -9.0730480e-02  -3.6260660e-03   3.7300800e+04   1.2000000e-02
  -9.0203942e-02  -2.5128720e-03   3.7300800e+04   1.2000000e-02
  -8.9680689e-02  -1.5298340e-03   3.7300800e+04   1.2000000e-02
  -8.9160876e-02  -8.8510900e-04   3.7300800e+04   1.2000000e-02
  -8.8646892e-02  -3.3511500e-04   3.7300800e+04   1.2000000e-02
  -8.8121912e-02  -4.3222000e-05   3.7300800e+04   1.2000000e-02
  -8.7606448e-02   1.5919200e-04   3.7300800e+04   1.2000000e-02
  -8.7258621e-02   2.4145300e-04   3.7300800e+04   1.2000000e-02
  -8.6732252e-02   3.4676100e-04   3.7300800e+04   1.2000000e-02
  -8.6216786e-02   4.0458200e-04   3.7300800e+04   1.2000000e-02
  -8.5689924e-02   4.3189300e-04   3.7303800e+04   1.2000000e-02
  -8.5166666e-02   4.5781000e-04   3.7303800e+04   1.2000000e-02
  -8.4644150e-02   4.7609900e-04   3.7303800e+04   1.2000000e-02
  -8.4297143e-02   4.8225000e-04   3.7303800e+04   1.2000000e-02
  -8.3768395e-02   4.8405400e-04   3.7303800e+04   1.2000000e-02
  -8.3259162e-02   4.9758700e-04   3.7303800e+04   1.2000000e-02
  -8.2735909e-02   4.9348600e-04   3.7303800e+04   1.2000000e-02
  -8.2212077e-02   4.9930900e-04   3.7303800e+04   1.2000000e-02
  -8.1690955e-02   4.9996500e-04   3.7306700e+04   1.2000000e-02
  -8.1170568e-02   4.9996500e-04   3.7306700e+04   1.2000000e-02
  -8.0820280e-02   5.0045800e-04   3.7306700e+04   1.2000000e-02
  -8.0303999e-02   5.0250800e-04   3.7309700e+04   1.2000000e-02
  -7.9786400e-02   5.0086800e-04   3.7309700e+04   1.2000000e-02
  -7.9256830e-02   5.0562400e-04   3.7309700e+04   1.2000000e-02
  -7.8739970e-02   5.0751100e-04   3.7312700e+04   1.2000000e-02
  -7.8206547e-02   5.0455800e-04   3.7312700e+04   1.2000000e-02
  -7.7695181e-02   5.0078600e-04   3.7312700e+04   1.2000000e-02
  -7.7335793e-02   5.0644500e-04   3.7312700e+04   1.2000000e-02
  -7.6821721e-02   5.0177000e-04   3.7315700e+04   1.2000000e-02
  -7.6295021e-02   5.0308200e-04   3.7315700e+04   1.2000000e-02
  -7.5767908e-02   4.9840700e-04   3.7315700e+04   1.2000000e-02
  -7.5249987e-02   5.0685500e-04   3.7315700e+04   1.2000000e-02
  -7.4729435e-02   5.0234400e-04   3.7315700e+04   1.2000000e-02
  -7.4388334e-02   5.0898700e-04   3.7318700e+04   1.2000000e-02
  -7.3862946e-02   5.0365600e-04   3.7318700e+04   1.2000000e-02
  -7.3346250e-02   5.0783900e-04   3.7318700e+04   1.2000000e-02
  -7.2816925e-02   5.0628100e-04   3.7318700e+04   1.2000000e-02
  -7.2303837e-02   5.0611700e-04   3.7321600e+04   1.2000000e-02
  -7.1777468e-02   5.0414800e-04   3.7321600e+04   1.2000000e-02
  -7.1244614e-02   5.0472200e-04   3.7321600e+04   1.2000000e-02
  -7.0897281e-02   5.0775700e-04   3.7321600e+04   1.2000000e-02
  -7.0371809e-02   5.0652700e-04   3.7324600e+04   1.2000000e-02
  -6.9851179e-02   5.0513200e-04   3.7324600e+04   1.2000000e-02
  -6.9333580e-02   5.0915100e-04   3.7324600e+04   1.2000000e-02
  -6.8812541e-02   5.0652700e-04   3.7327600e+04   1.2000000e-02
  -6.8291743e-02   5.0718300e-04   3.7327600e+04   1.2000000e-02
  -6.7761025e-02   5.0710100e-04   3.7327600e+04   1.2000000e-02
  -6.7424352e-02   5.0693700e-04   3.7327600e+04   1.2000000e-02
  -6.6895437e-02   5.0324600e-04   3.7327600e+04   1.2000000e-02
  -6.6390797e-02   5.0972500e-04   3.7324600e+04   1.2000000e-02
  -6.5865000e-02   5.0824900e-04   3.7324600e+04   1.2000000e-02
  -6.5355931e-02   5.0537800e-04   3.7324600e+04   1.2000000e-02
  -6.4833003e-02   5.0964300e-04   3.7324600e+04   1.2000000e-02
  -6.4478615e-02   5.0636300e-04   3.7324600e+04   1.2000000e-02
  -6.3970776e-02   5.0775700e-04   3.7324600e+04   1.2000000e-02
  -6.3446454e-02   5.0767500e-04   3.7327600e+04   1.2000000e-02
  -6.2928609e-02   5.0103200e-04   3.7327600e+04   1.2000000e-02
  -6.2397644e-02   5.0398400e-04   3.7327600e+04   1.2000000e-02
  -6.1875452e-02   5.0660900e-04   3.7327600e+04   1.2000000e-02
  -6.1352774e-02   5.0718300e-04   3.7327600e+04   1.2000000e-02
  -6.1009540e-02   5.0915100e-04   3.7327600e+04   1.2000000e-02
  -6.0486038e-02   5.0546000e-04   3.7327600e+04   1.2000000e-02
  -5.9962042e-02   5.0611700e-04   3.7327600e+04   1.2000000e-02
  -5.9439852e-02   5.0414800e-04   3.7330600e+04   1.2000000e-02
  -5.8917579e-02   5.0677300e-04   3.7330600e+04   1.2000000e-02
  -5.8406625e-02   5.0431200e-04   3.7330600e+04   1.2000000e-02
  -5.7878283e-02   5.0341000e-04   3.7333600e+04   1.2000000e-02
  -5.7523158e-02   5.0816700e-04   3.7333600e+04   1.2000000e-02
  -5.7012449e-02   5.0537800e-04   3.7336500e+04   1.2000000e-02
  -5.6485830e-02   5.1046300e-04   3.7336500e+04   1.2000000e-02
  -5.5943709e-02   5.0480400e-04   3.7339500e+04   1.2000000e-02
  -5.5435954e-02   5.1194000e-04   3.7342500e+04   1.2000000e-02
  -5.4926229e-02   5.0824900e-04   3.7342500e+04   1.2000000e-02
  -5.4562901e-02   5.0398400e-04   3.7342500e+04   1.2000000e-02
  -5.4049321e-02   5.0816700e-04   3.7342500e+04   1.2000000e-02
  -5.3533609e-02   5.0988900e-04   3.7345500e+04   1.2000000e-02
  -5.3001167e-02   5.0677300e-04   3.7345500e+04   1.2000000e-02
  -5.2478812e-02   5.0956100e-04   3.7345500e+04   1.2000000e-02
  -5.1962035e-02   5.0693700e-04   3.7348500e+04   1.2000000e-02
  -5.1447225e-02   5.0595300e-04   3.7348500e+04   1.2000000e-02
  -5.1095299e-02   5.0529600e-04   3.7348500e+04   1.2000000e-02
  -5.0569499e-02   5.1243200e-04   3.7348500e+04   1.2000000e-02
  -5.0061333e-02   5.0964300e-04   3.7348500e+04   1.2000000e-02
  -4.9532662e-02   5.0628100e-04   3.7348500e+04   1.2000000e-02
  -4.9016050e-02   5.0980700e-04   3.7348500e+04   1.2000000e-02
  -4.8498943e-02   5.0406600e-04   3.7348500e+04   1.2000000e-02
  -4.7972407e-02   5.0882300e-04   3.7348500e+04   1.2000000e-02
  -4.7616050e-02   5.1087300e-04   3.7351400e+04   1.2000000e-02
  -4.7105835e-02   5.0660900e-04   3.7351400e+04   1.2000000e-02
  -4.6584135e-02   5.0587100e-04   3.7354400e+04   1.2000000e-02
  -4.6055299e-02   5.1292400e-04   3.7354400e+04   1.2000000e-02
  -4.5538357e-02   5.0800300e-04   3.7354400e+04   1.2000000e-02
  -4.5004849e-02   5.1070900e-04   3.7357400e+04   1.2000000e-02
  -4.4668586e-02   5.1144800e-04   3.7357400e+04   1.2000000e-02
  -4.4156565e-02   5.0644500e-04   3.7357400e+04   1.2000000e-02
  -4.3634866e-02   5.1202200e-04   3.7357400e+04   1.2000000e-02
  -4.3117021e-02   5.0988900e-04   3.7360400e+04   1.2000000e-02
  -4.2586630e-02   5.0915100e-04   3.7360400e+04   1.2000000e-02
  -4.2057960e-02   5.1497400e-04   3.7360400e+04   1.2000000e-02
  -4.1548889e-02   5.0874100e-04   3.7360400e+04   1.2000000e-02
  -4.1201801e-02   5.1317000e-04   3.7360400e+04   1.2000000e-02
  -4.0674854e-02   5.1292400e-04   3.7363400e+04   1.2000000e-02
  -4.0149382e-02   5.0988900e-04   3.7363400e+04   1.2000000e-02
  -3.9628176e-02   5.1907500e-04   3.7363400e+04   1.2000000e-02
  -3.9114678e-02   5.1513800e-04   3.7363400e+04   1.2000000e-02
  -3.8597735e-02   5.1538400e-04   3.7363400e+04   1.2000000e-02
  -3.8255977e-02   5.1620400e-04   3.7363400e+04   1.2000000e-02
  -3.7734934e-02   5.1382600e-04   3.7366300e+04   1.2000000e-02
  -3.7211267e-02   5.1259600e-04   3.7369300e+04   1.2000000e-02
  -3.6683826e-02   5.1235000e-04   3.7369300e+04   1.2000000e-02
  -3.6164178e-02   5.1382600e-04   3.7369300e+04   1.2000000e-02
  -3.5632145e-02   5.1768100e-04   3.7372300e+04   1.2000000e-02
  -3.5111921e-02   5.1727100e-04   3.7375300e+04   1.2000000e-02
  -3.4767292e-02   5.1431800e-04   3.7375300e+04   1.2000000e-02
  -3.4242314e-02   5.1899300e-04   3.7378300e+04   1.2000000e-02
  -3.3714546e-02   5.1390800e-04   3.7378300e+04   1.2000000e-02
  -3.3204985e-02   5.1399000e-04   3.7378300e+04   1.2000000e-02
  -3.2699689e-02   5.1497400e-04   3.7381200e+04   1.2000000e-02
  -3.2169869e-02   5.1669700e-04   3.7381200e+04   1.2000000e-02
  -3.1651122e-02   5.1472800e-04   3.7381200e+04   1.2000000e-02
  -3.1296571e-02   5.1489200e-04   3.7381200e+04   1.2000000e-02
  -3.0768638e-02   5.1366200e-04   3.7381200e+04   1.2000000e-02
  -3.0254731e-02   5.1456400e-04   3.7381200e+04   1.2000000e-02
  -2.9729259e-02   5.1333400e-04   3.7381200e+04   1.2000000e-02
  -2.9212479e-02   5.1144800e-04   3.7381200e+04   1.2000000e-02
  -2.8690288e-02   5.1505600e-04   3.7381200e+04   1.2000000e-02
  -2.8329174e-02   5.1226800e-04   3.7384200e+04   1.2000000e-02
  -2.7814201e-02   5.0931500e-04   3.7384200e+04   1.2000000e-02
  -2.7294552e-02   5.1923900e-04   3.7384200e+04   1.2000000e-02
  -2.6778593e-02   5.1850100e-04   3.7384200e+04   1.2000000e-02
  -2.6252546e-02   5.1940300e-04   3.7387200e+04   1.2000000e-02
  -2.5728879e-02   5.1382600e-04   3.7387200e+04   1.2000000e-02
  -2.5211691e-02   5.1317000e-04   3.7387200e+04   1.2000000e-02
  -2.4861402e-02   5.1218600e-04   3.7387200e+04   1.2000000e-02
  -2.4336176e-02   5.1169400e-04   3.7390200e+04   1.2000000e-02
  -2.3824484e-02   5.1497400e-04   3.7390200e+04   1.2000000e-02
  -2.3298027e-02   5.1620400e-04   3.7390200e+04   1.2000000e-02
  -2.2776575e-02   5.1235000e-04   3.7390200e+04   1.2000000e-02
  -2.2273821e-02   5.1743500e-04   3.7390200e+04   1.2000000e-02
  -2.1743098e-02   5.1891100e-04   3.7390200e+04   1.2000000e-02
  -2.1405277e-02   5.1686100e-04   3.7390200e+04   1.2000000e-02
  -2.0887351e-02   5.1653300e-04   3.7390200e+04   1.2000000e-02
  -2.0359008e-02   5.1497400e-04   3.7390200e+04   1.2000000e-02
  -1.9835502e-02   5.1538400e-04   3.7390200e+04   1.2000000e-02
  -1.9313803e-02   5.1710700e-04   3.7387200e+04   1.2000000e-02
  -1.8787101e-02   5.1390800e-04   3.7387200e+04   1.2000000e-02
  -1.8432631e-02   5.1333400e-04   3.7384200e+04   1.2000000e-02
  -1.7910029e-02   5.1923900e-04   3.7384200e+04   1.2000000e-02
  -1.7403829e-02   5.1595800e-04   3.7381200e+04   1.2000000e-02
  -1.6869335e-02   5.1497400e-04   3.7378300e+04   1.2000000e-02
  -1.6353050e-02   5.1595800e-04   3.7378300e+04   1.2000000e-02
  -1.5841028e-02   5.1456400e-04   3.7378300e+04   1.2000000e-02
  -1.5315472e-02   5.1497400e-04   3.7375300e+04   1.2000000e-02
  -1.4965512e-02   5.1645000e-04   3.7375300e+04   1.2000000e-02
  -1.4439385e-02   5.2243800e-04   3.7375300e+04   1.2000000e-02
  -1.3916783e-02   5.1981300e-04   3.7375300e+04   1.2000000e-02
  -1.3396476e-02   5.2014100e-04   3.7375300e+04   1.2000000e-02
  -1.2878549e-02   5.1759900e-04   3.7375300e+04   1.2000000e-02
  -1.2357341e-02   5.2046900e-04   3.7378300e+04   1.2000000e-02
  -1.1843023e-02   5.1973100e-04   3.7378300e+04   1.2000000e-02
  -1.1483550e-02   5.1915700e-04   3.7381200e+04   1.2000000e-02
  -1.0967591e-02   5.1571200e-04   3.7384200e+04   1.2000000e-02
  -1.0459506e-02   5.1899300e-04   3.7384200e+04   1.2000000e-02
  -9.9332940e-03   5.1882900e-04   3.7384200e+04   1.2000000e-02
  -9.4125790e-03   5.2137100e-04   3.7384200e+04   1.2000000e-02
  -8.8878460e-03   5.1661500e-04   3.7381200e+04   1.2000000e-02
  -8.5368200e-03   5.2112500e-04   3.7381200e+04   1.2000000e-02
  -8.0228280e-03   5.1784500e-04   3.7381200e+04   1.2000000e-02
  -7.5105600e-03   5.2424200e-04   3.7381200e+04   1.2000000e-02
  -6.9767230e-03   5.1989500e-04   3.7384200e+04   1.2000000e-02
  -6.4524810e-03   5.2137100e-04   3.7384200e+04   1.2000000e-02
  -5.9171660e-03   5.2178100e-04   3.7384200e+04   1.2000000e-02
  -5.4091630e-03   5.1800900e-04   3.7387200e+04   1.2000000e-02
  -5.0561690e-03   5.1841900e-04   3.7387200e+04   1.2000000e-02
  -4.5315170e-03   5.2547200e-04   3.7387200e+04   1.2000000e-02
  -4.0066170e-03   5.2448800e-04   3.7387200e+04   1.2000000e-02
  -3.4890180e-03   5.4105500e-04   3.7387200e+04   1.2000000e-02
  -2.9642020e-03   5.3022900e-04   3.7387200e+04   1.2000000e-02
  -2.4431590e-03   5.4466400e-04   3.7387200e+04   1.2000000e-02
  -1.9163720e-03   5.5967300e-04   3.7387200e+04   1.2000000e-02
  -1.5626400e-03   5.6721800e-04   3.7387200e+04   1.2000000e-02
  -1.0448770e-03   5.9641500e-04   3.7387200e+04   1.2000000e-02
  -5.1981300e-04   6.6727700e-04   3.7387200e+04   1.2000000e-02
  -7.2170000e-06   7.5798600e-04   3.7390200e+04   1.2000000e-02
   5.1423600e-04   8.6247300e-04   3.7393200e+04   1.2000000e-02
   1.0333110e-03   1.0801420e-03   3.7396100e+04   1.2000000e-02
   1.3754790e-03   1.2234230e-03   3.7399100e+04   1.2000000e-02
   1.8966040e-03   1.7912150e-03   3.7402100e+04   1.2000000e-02
   2.4171580e-03   2.5298470e-03   3.7402100e+04   1.2000000e-02
   2.9414820e-03   3.5214940e-03   3.7402100e+04   1.2000000e-02
   3.4628530e-03   4.7401620e-03   3.7405100e+04   1.2000000e-02
   3.9817640e-03   6.6042090e-03   3.7405100e+04   1.2000000e-02
   4.5036300e-03   9.9047550e-03   3.7408100e+04   1.2000000e-02
   4.8566230e-03   1.1677026e-02   3.7411000e+04   1.2000000e-02
   5.3736480e-03   1.5933875e-02   3.7414000e+04   1.2000000e-02
   5.8935430e-03   2.0006107e-02   3.7414000e+04   1.2000000e-02
   6.4195930e-03   2.5621049e-02   3.7417000e+04   1.2000000e-02
   6.9401440e-03   3.2231330e-02   3.7420000e+04   1.2000000e-02
   7.4653700e-03   3.9966622e-02   3.7420000e+04   1.2000000e-02
   7.8017970e-03   4.5285244e-02   3.7423000e+04   1.2000000e-02
   8.3257930e-03   5.3388536e-02   3.7423000e+04   1.2000000e-02
   8.8542190e-03   6.2056508e-02   3.7425900e+04   1.2000000e-02
   9.3739510e-03   6.8046427e-02   3.7425900e+04   1.2000000e-02
   9.8878600e-03   7.6596131e-02   3.7425900e+04   1.2000000e-02
   1.0406114e-02   8.1408962e-02   3.7425900e+04   1.2000000e-02
   1.0931343e-02   9.0335278e-02   3.7428900e+04   1.2000000e-02
   1.1284501e-02   9.5347817e-02   3.7428900e+04   1.2000000e-02
   1.1799803e-02   1.0249478e-01   3.7428900e+04   1.2000000e-02
   1.2330196e-02   1.0908872e-01   3.7428900e+04   1.2000000e-02
   1.2843451e-02   1.1617688e-01   3.7431900e+04   1.2000000e-02
   1.3367611e-02   1.2258966e-01   3.7431900e+04   1.2000000e-02
   1.3887098e-02   1.2841152e-01   3.7431900e+04   1.2000000e-02
   1.4412078e-02   1.3398172e-01   3.7431900e+04   1.2000000e-02
   1.4764581e-02   1.3816104e-01   3.7431900e+04   1.2000000e-02
   1.5280375e-02   1.4315914e-01   3.7434900e+04   1.2000000e-02
   1.5807080e-02   1.4801955e-01   3.7434900e+04   1.2000000e-02
   1.6344280e-02   1.5402170e-01   3.7434900e+04   1.2000000e-02
   1.6848265e-02   1.5855427e-01   3.7434900e+04   1.2000000e-02
   1.7364880e-02   1.6264996e-01   3.7434900e+04   1.2000000e-02
   1.7720416e-02   1.6633501e-01   3.7434900e+04   1.2000000e-02
   1.8236048e-02   1.7139460e-01   3.7434900e+04   1.2000000e-02
   1.8763325e-02   1.7442969e-01   3.7434900e+04   1.2000000e-02
   1.9285107e-02   1.7897619e-01   3.7434900e+04   1.2000000e-02
   1.9802624e-02   1.8367513e-01   3.7434900e+04   1.2000000e-02
   2.0327361e-02   1.8859618e-01   3.7437900e+04   1.2000000e-02
   2.0852587e-02   1.9321890e-01   3.7437900e+04   1.2000000e-02
   2.1206977e-02   1.9613105e-01   3.7437900e+04   1.2000000e-02
   2.1732941e-02   1.9990629e-01   3.7440800e+04   1.2000000e-02
   2.2232827e-02   2.0363233e-01   3.7440800e+04   1.2000000e-02
   2.2769535e-02   2.0840995e-01   3.7440800e+04   1.2000000e-02
   2.3285987e-02   2.1256384e-01   3.7443800e+04   1.2000000e-02
   2.3802191e-02   2.1657511e-01   3.7443800e+04   1.2000000e-02
   2.4319873e-02   2.2025036e-01   3.7443800e+04   1.2000000e-02
   2.4666716e-02   2.2335020e-01   3.7446800e+04   1.2000000e-02
   2.5196784e-02   2.2815979e-01   3.7446800e+04   1.2000000e-02
   2.5719304e-02   2.3163994e-01   3.7446800e+04   1.2000000e-02
   2.6244367e-02   2.3681344e-01   3.7446800e+04   1.2000000e-02
   2.6766722e-02   2.3992968e-01   3.7446800e+04   1.2000000e-02
   2.7289081e-02   2.4457781e-01   3.7449800e+04   1.2000000e-02
   2.7635760e-02   2.4640558e-01   3.7449800e+04   1.2000000e-02
   2.8147125e-02   2.4976524e-01   3.7449800e+04   1.2000000e-02
   2.8672927e-02   2.5336754e-01   3.7449800e+04   1.2000000e-02
   2.9180519e-02   2.5731898e-01   3.7449800e+04   1.2000000e-02
   2.9710259e-02   2.6080568e-01   3.7449800e+04   1.2000000e-02
   3.0243277e-02   2.6368915e-01   3.7452800e+04   1.2000000e-02
   3.0758990e-02   2.6742256e-01   3.7452800e+04   1.2000000e-02
   3.1114117e-02   2.6967818e-01   3.7455700e+04   1.2000000e-02
   3.1629092e-02   2.7323131e-01   3.7455700e+04   1.2000000e-02
   3.2157189e-02   2.7696144e-01   3.7455700e+04   1.2000000e-02
   3.2681105e-02   2.8004817e-01   3.7458700e+04   1.2000000e-02
   3.3204527e-02   2.8398404e-01   3.7458700e+04   1.2000000e-02
   3.3718682e-02   2.8727321e-01   3.7458700e+04   1.2000000e-02
   3.4238824e-02   2.9037961e-01   3.7458700e+04   1.2000000e-02
   3.4583534e-02   2.9284341e-01   3.7458700e+04   1.2000000e-02
   3.5108106e-02   2.9699159e-01   3.7458700e+04   1.2000000e-02
   3.5632676e-02   3.0031765e-01   3.7455700e+04   1.2000000e-02
   3.6156265e-02   3.0461743e-01   3.7455700e+04   1.2000000e-02
   3.6682229e-02   3.0824102e-01   3.7455700e+04   1.2000000e-02
   3.7198188e-02   3.1150232e-01   3.7455700e+04   1.2000000e-02
   3.7554053e-02   3.1376204e-01   3.7455700e+04   1.2000000e-02
   3.8068126e-02   3.1764300e-01   3.7455700e+04   1.2000000e-02
   3.8603358e-02   3.2089365e-01   3.7458700e+04   1.2000000e-02
   3.9108166e-02   3.2400988e-01   3.7458700e+04   1.2000000e-02
   3.9634787e-02   3.2795561e-01   3.7458700e+04   1.2000000e-02
   4.0143857e-02   3.3081612e-01   3.7458700e+04   1.2000000e-02
   4.0668427e-02   3.3409299e-01   3.7458700e+04   1.2000000e-02
   4.1012811e-02   3.3600930e-01   3.7461700e+04   1.2000000e-02
   4.1551160e-02   3.3979763e-01   3.7461700e+04   1.2000000e-02
   4.2058182e-02   3.4291550e-01   3.7461700e+04   1.2000000e-02
   4.2584556e-02   3.4605306e-01   3.7461700e+04   1.2000000e-02
   4.3104371e-02   3.4921765e-01   3.7461700e+04   1.2000000e-02
   4.3622872e-02   3.5241748e-01   3.7461700e+04   1.2000000e-02
   4.3967992e-02   3.5418133e-01   3.7461700e+04   1.2000000e-02
   4.4481983e-02   3.5721481e-01   3.7461700e+04   1.2000000e-02
   4.5006718e-02   3.6091953e-01   3.7461700e+04   1.2000000e-02
   4.5524154e-02   3.6377020e-01   3.7461700e+04   1.2000000e-02
   4.6046100e-02   3.6647334e-01   3.7464700e+04   1.2000000e-02
   4.6567064e-02   3.6985514e-01   3.7464700e+04   1.2000000e-02
   4.7083433e-02   3.7311891e-01   3.7464700e+04   1.2000000e-02
   4.7434542e-02   3.7466473e-01   3.7464700e+04   1.2000000e-02
