   2.1100000e+02   2.0000000e-04   1.0000000e-09
  -1.9022515e+00  -4.7925117e+00   2.8419700e+04   0.0000000e+00
  -1.8923466e+00  -4.5364655e+00   2.8419700e+04   0.0000000e+00
  -1.8820853e+00  -4.3250616e+00   2.8419700e+04   0.0000000e+00
  -1.8721374e+00  -4.2985334e+00   2.8419700e+04   0.0000000e+00
  -1.8621893e+00  -4.0267497e+00   2.8422700e+04   0.0000000e+00
  -1.8523601e+00  -3.9932979e+00   2.8422700e+04   0.0000000e+00
  -1.8423904e+00  -3.7453744e+00   2.8419700e+04   0.0000000e+00
  -1.8324747e+00  -3.6423403e+00   2.8419700e+04   0.0000000e+00
  -1.8221486e+00  -3.5006804e+00   2.8419700e+04   0.0000000e+00
  -1.8122006e+00  -3.4125089e+00   2.8419700e+04   0.0000000e+00
  -1.8022417e+00  -3.2257642e+00   2.8419700e+04   0.0000000e+00
  -1.7922613e+00  -3.0638411e+00   2.8419700e+04   0.0000000e+00
  -1.7823132e+00  -2.9670826e+00   2.8419700e+04   0.0000000e+00
  -1.7723649e+00  -2.9278952e+00   2.8419700e+04   0.0000000e+00
  -1.7620928e+00  -2.7891517e+00   2.8419700e+04   0.0000000e+00
  -1.7521232e+00  -2.7099452e+00   2.8419700e+04   0.0000000e+00
  -1.7420995e+00  -2.5767321e+00   2.8419700e+04   0.0000000e+00
  -1.7321839e+00  -2.4541473e+00   2.8419700e+04   0.0000000e+00
  -1.7222790e+00  -2.3744117e+00   2.8419700e+04   0.0000000e+00
  -1.7119097e+00  -2.3075404e+00   2.8419700e+04   0.0000000e+00
  -1.7019400e+00  -2.2177488e+00   2.8422700e+04   0.0000000e+00
  -1.6920352e+00  -2.1340921e+00   2.8422700e+04   0.0000000e+00
  -1.6820331e+00  -2.1257966e+00   2.8422700e+04   0.0000000e+00
  -1.6722039e+00  -1.9819871e+00   2.8422700e+04   0.0000000e+00
  -1.6622667e+00  -1.9178378e+00   2.8422700e+04   0.0000000e+00
  -1.6519190e+00  -1.8907696e+00   2.8422700e+04   0.0000000e+00
  -1.6419493e+00  -1.8642956e+00   2.8422700e+04   0.0000000e+00
  -1.6320337e+00  -1.7432120e+00   2.8422700e+04   0.0000000e+00
  -1.6220532e+00  -1.6979219e+00   2.8422700e+04   0.0000000e+00
  -1.6121160e+00  -1.6549434e+00   2.8422700e+04   0.0000000e+00
  -1.6021355e+00  -1.6059916e+00   2.8422700e+04   0.0000000e+00
  -1.5918526e+00  -1.4941650e+00   2.8422700e+04   0.0000000e+00
  -1.5819045e+00  -1.4534762e+00   2.8422700e+04   0.0000000e+00
  -1.5719889e+00  -1.4198192e+00   2.8422700e+04   0.0000000e+00
  -1.5619759e+00  -1.3575709e+00   2.8422700e+04   0.0000000e+00
  -1.5520387e+00  -1.3210298e+00   2.8422700e+04   0.0000000e+00
  -1.5421338e+00  -1.2944044e+00   2.8422700e+04   0.0000000e+00
  -1.5317645e+00  -1.2439294e+00   2.8422700e+04   0.0000000e+00
  -1.5218489e+00  -1.1997302e+00   2.8422700e+04   0.0000000e+00
  -1.5118792e+00  -1.1508972e+00   2.8422700e+04   0.0000000e+00
  -1.5019311e+00  -1.1400204e+00   2.8422700e+04   0.0000000e+00
  -1.4919723e+00  -1.0832592e+00   2.8422700e+04   0.0000000e+00
  -1.4820350e+00  -1.0468802e+00   2.8422700e+04   0.0000000e+00
  -1.4716981e+00  -1.0080923e+00   2.8422700e+04   0.0000000e+00
  -1.4617501e+00  -9.7120560e-01   2.8422700e+04   0.0000000e+00
  -1.4518236e+00  -9.4406180e-01   2.8422700e+04   0.0000000e+00
  -1.4418647e+00  -9.1223030e-01   2.8425600e+04   0.0000000e+00
  -1.4318951e+00  -8.8496760e-01   2.8425600e+04   0.0000000e+00
  -1.4219254e+00  -8.5537190e-01   2.8425600e+04   0.0000000e+00
  -1.4116533e+00  -8.2250310e-01   2.8425600e+04   0.0000000e+00
  -1.4016729e+00  -7.9951780e-01   2.8425600e+04   0.0000000e+00
  -1.3917032e+00  -7.7527950e-01   2.8425600e+04   0.0000000e+00
  -1.3817335e+00  -7.4483050e-01   2.8425600e+04   0.0000000e+00
  -1.3717855e+00  -7.1893960e-01   2.8425600e+04   0.0000000e+00
  -1.3618698e+00  -6.8114560e-01   2.8425600e+04   0.0000000e+00
  -1.3515544e+00  -6.6528920e-01   2.8425600e+04   0.0000000e+00
  -1.3415848e+00  -6.3890150e-01   2.8425600e+04   0.0000000e+00
  -1.3316475e+00  -6.2072260e-01   2.8425600e+04   0.0000000e+00
  -1.3216994e+00  -5.9854740e-01   2.8425600e+04   0.0000000e+00
  -1.3117622e+00  -5.7219210e-01   2.8425600e+04   0.0000000e+00
  -1.3018249e+00  -5.4490780e-01   2.8428600e+04   0.0000000e+00
  -1.2915528e+00  -5.2401800e-01   2.8428600e+04   0.0000000e+00
  -1.2816156e+00  -5.0971710e-01   2.8428600e+04   0.0000000e+00
  -1.2716459e+00  -4.8442030e-01   2.8428600e+04   0.0000000e+00
  -1.2616979e+00  -4.5614230e-01   2.8431600e+04   0.0000000e+00
  -1.2517388e+00  -4.4050190e-01   2.8431600e+04   0.0000000e+00
  -1.2417259e+00  -4.1996850e-01   2.8431600e+04   0.0000000e+00
  -1.2314754e+00  -3.9874360e-01   2.8431600e+04   0.0000000e+00
  -1.2214950e+00  -4.0239450e-01   2.8431600e+04   0.0000000e+00
  -1.2115253e+00  -3.8309240e-01   2.8431600e+04   0.0000000e+00
  -1.2015557e+00  -3.6121970e-01   2.8431600e+04   0.0000000e+00
  -1.1915968e+00  -3.3468070e-01   2.8431600e+04   0.0000000e+00
  -1.1817459e+00  -3.2007730e-01   2.8431600e+04   0.0000000e+00
  -1.1714198e+00  -3.0171500e-01   2.8431600e+04   0.0000000e+00
  -1.1614502e+00  -3.0364840e-01   2.8431600e+04   0.0000000e+00
  -1.1514913e+00  -2.8893690e-01   2.8431600e+04   0.0000000e+00
  -1.1415542e+00  -2.7593210e-01   2.8431600e+04   0.0000000e+00
  -1.1315629e+00  -2.4620670e-01   2.8431600e+04   0.0000000e+00
  -1.1213232e+00  -2.4295550e-01   2.8431600e+04   0.0000000e+00
  -1.1113319e+00  -2.1512040e-01   2.8431600e+04   0.0000000e+00
  -1.1014163e+00  -2.2007820e-01   2.8434600e+04   0.0000000e+00
  -1.0914358e+00  -2.0475110e-01   2.8434600e+04   0.0000000e+00
  -1.0814878e+00  -1.9237250e-01   2.8434600e+04   0.0000000e+00
  -1.0714857e+00  -1.6781020e-01   2.8434600e+04   0.0000000e+00
  -1.0612136e+00  -1.6974370e-01   2.8434600e+04   0.0000000e+00
  -1.0512439e+00  -1.4750370e-01   2.8434600e+04   0.0000000e+00
  -1.0413173e+00  -1.4883220e-01   2.8434600e+04   0.0000000e+00
  -1.0313368e+00  -1.3239250e-01   2.8434600e+04   0.0000000e+00
  -1.0213996e+00  -1.2613860e-01   2.8434600e+04   0.0000000e+00
  -1.0114299e+00  -1.1387900e-01   2.8434600e+04   0.0000000e+00
  -1.0011794e+00  -9.1109500e-02   2.8434600e+04   0.0000000e+00
  -9.9125300e-01  -1.3462840e-01   2.8434600e+04   0.0000000e+00
  -9.8121850e-01  -1.1950650e-01   2.8434600e+04   0.0000000e+00
  -9.7127040e-01  -1.0223510e-01   2.8434600e+04   0.0000000e+00
  -9.6135480e-01  -9.1779200e-02   2.8437600e+04   0.0000000e+00
  -9.5138510e-01  -8.9489300e-02   2.8437600e+04   0.0000000e+00
  -9.4111300e-01  -7.9249600e-02   2.8437600e+04   0.0000000e+00
  -9.3116510e-01  -6.8556300e-02   2.8437600e+04   0.0000000e+00
  -9.2121700e-01  -5.5529800e-02   2.8437600e+04   0.0000000e+00
  -9.1123650e-01  -4.4253200e-02   2.8437600e+04   0.0000000e+00
  -9.0129930e-01  -3.5223300e-02   2.8437600e+04   0.0000000e+00
  -8.9134040e-01  -2.3741400e-02   2.8437600e+04   0.0000000e+00
  -8.8102510e-01  -1.6115600e-02   2.8437600e+04   0.0000000e+00
  -8.7112030e-01  -4.9470000e-03   2.8437600e+04   0.0000000e+00
  -8.6115060e-01   9.2244000e-03   2.8437600e+04   0.0000000e+00
  -8.5122410e-01   1.4182200e-02   2.8440500e+04   0.0000000e+00
  -8.4121130e-01   2.3093300e-02   2.8440500e+04   0.0000000e+00
  -8.3129540e-01   3.5374500e-02   2.8440500e+04   0.0000000e+00
  -8.2098010e-01   4.4760900e-02   2.8440500e+04   0.0000000e+00
  -8.1103210e-01   5.3639600e-02   2.8440500e+04   0.0000000e+00
  -8.0111640e-01   6.8307800e-02   2.8440500e+04   0.0000000e+00
  -7.9112510e-01   7.5058700e-02   2.8437600e+04   0.0000000e+00
  -7.8120950e-01   8.4142600e-02   2.8437600e+04   0.0000000e+00
  -7.7126140e-01   9.6132200e-02   2.8437600e+04   0.0000000e+00
  -7.6088130e-01   1.0696590e-01   2.8437600e+04   0.0000000e+00
  -7.5100890e-01   1.1762690e-01   2.8437600e+04   0.0000000e+00
  -7.4108240e-01   1.2692690e-01   2.8437600e+04   0.0000000e+00
  -7.3114520e-01   1.3883000e-01   2.8437600e+04   0.0000000e+00
  -7.2119710e-01   1.4771950e-01   2.8437600e+04   0.0000000e+00
  -7.1117340e-01   1.6087550e-01   2.8437600e+04   0.0000000e+00
  -7.0090130e-01   1.6974350e-01   2.8437600e+04   0.0000000e+00
  -6.9087770e-01   1.7984270e-01   2.8437600e+04   0.0000000e+00
  -6.8090800e-01   1.8811660e-01   2.8437600e+04   0.0000000e+00
  -6.7097080e-01   2.0250400e-01   2.8437600e+04   0.0000000e+00
  -6.6100110e-01   2.1651360e-01   2.8440500e+04   0.0000000e+00
  -6.5109620e-01   2.2651560e-01   2.8440500e+04   0.0000000e+00
  -6.4075930e-01   2.3375260e-01   2.8440500e+04   0.0000000e+00
  -6.3090850e-01   2.4297690e-01   2.8440500e+04   0.0000000e+00
  -6.2094940e-01   2.5517170e-01   2.8440500e+04   0.0000000e+00
  -6.1100140e-01   2.6728000e-01   2.8440500e+04   0.0000000e+00
  -6.0106410e-01   2.7956120e-01   2.8440500e+04   0.0000000e+00
  -5.9073800e-01   2.9076220e-01   2.8440500e+04   0.0000000e+00
  -5.8069270e-01   3.0107750e-01   2.8440500e+04   0.0000000e+00
  -5.7063670e-01   3.0549520e-01   2.8440500e+04   0.0000000e+00
  -5.6061300e-01   3.1769000e-01   2.8440500e+04   0.0000000e+00
  -5.5058930e-01   3.3201260e-01   2.8440500e+04   0.0000000e+00
  -5.4059810e-01   3.4466100e-01   2.8440500e+04   0.0000000e+00
  -5.3056360e-01   3.6263450e-01   2.8440500e+04   0.0000000e+00
  -5.2055070e-01   3.7773480e-01   2.8440500e+04   0.0000000e+00
  -5.1055960e-01   3.8571700e-01   2.8440500e+04   0.0000000e+00
  -5.0053590e-01   3.9732840e-01   2.8440500e+04   0.0000000e+00
  -4.9053380e-01   4.1047370e-01   2.8443500e+04   0.0000000e+00
  -4.8052100e-01   4.2509900e-01   2.8443500e+04   0.0000000e+00
  -4.7050810e-01   4.4070690e-01   2.8440500e+04   0.0000000e+00
  -4.6048440e-01   4.5590450e-01   2.8440500e+04   0.0000000e+00
  -4.5049320e-01   4.6050580e-01   2.8440500e+04   0.0000000e+00
  -4.4050190e-01   4.8431200e-01   2.8443500e+04   0.0000000e+00
  -4.3045660e-01   4.9176500e-01   2.8443500e+04   0.0000000e+00
  -4.2046540e-01   5.1778550e-01   2.8443500e+04   0.0000000e+00
  -4.1045230e-01   5.2519530e-01   2.8446500e+04   0.0000000e+00
  -4.0046100e-01   5.4198060e-01   2.8446500e+04   0.0000000e+00
  -3.9043740e-01   5.7137120e-01   2.8446500e+04   0.0000000e+00
  -3.8043530e-01   5.7914810e-01   2.8446500e+04   0.0000000e+00
  -3.7042240e-01   5.9040320e-01   2.8446500e+04   0.0000000e+00
  -3.6040960e-01   6.2193240e-01   2.8446500e+04   0.0000000e+00
  -3.5039670e-01   6.3114610e-01   2.8446500e+04   0.0000000e+00
  -3.4039460e-01   6.6320460e-01   2.8446500e+04   0.0000000e+00
  -3.3038180e-01   6.8679480e-01   2.8443500e+04   0.0000000e+00
  -3.2037970e-01   7.0391490e-01   2.8443500e+04   0.0000000e+00
  -3.1036680e-01   7.2806680e-01   2.8443500e+04   0.0000000e+00
  -3.0036480e-01   7.4784410e-01   2.8443500e+04   0.0000000e+00
  -2.9034110e-01   7.6729730e-01   2.8443500e+04   0.0000000e+00
  -2.8032830e-01   7.8787390e-01   2.8443500e+04   0.0000000e+00
  -2.7032620e-01   8.1270630e-01   2.8443500e+04   0.0000000e+00
  -2.6033490e-01   8.3616680e-01   2.8443500e+04   0.0000000e+00
  -2.5030050e-01   8.6701570e-01   2.8446500e+04   0.0000000e+00
  -2.4029840e-01   8.8833760e-01   2.8446500e+04   0.0000000e+00
  -2.3028550e-01   9.1410970e-01   2.8446500e+04   0.0000000e+00
  -2.2028350e-01   9.3663050e-01   2.8446500e+04   0.0000000e+00
  -2.1024900e-01   9.7144340e-01   2.8446500e+04   0.0000000e+00
  -2.0023590e-01   1.0011796e+00   2.8446500e+04   0.0000000e+00
  -1.9024470e-01   1.0275673e+00   2.8446500e+04   0.0000000e+00
  -1.8024260e-01   1.0609978e+00   2.8446500e+04   0.0000000e+00
  -1.7020810e-01   1.0871911e+00   2.8446500e+04   0.0000000e+00
  -1.6018450e-01   1.1181910e+00   2.8446500e+04   0.0000000e+00
  -1.5022560e-01   1.1570004e+00   2.8446500e+04   0.0000000e+00
  -1.4018030e-01   1.1961986e+00   2.8446500e+04   0.0000000e+00
  -1.3015670e-01   1.2308061e+00   2.8446500e+04   0.0000000e+00
  -1.2016540e-01   1.2786240e+00   2.8446500e+04   0.0000000e+00
  -1.1015250e-01   1.3236441e+00   2.8446500e+04   0.0000000e+00
  -1.0011810e-01   1.3578196e+00   2.8446500e+04   0.0000000e+00
  -9.0115800e-02   1.3896839e+00   2.8446500e+04   0.0000000e+00
  -8.0113700e-02   1.4425026e+00   2.8446500e+04   0.0000000e+00
  -7.0079300e-02   1.4948892e+00   2.8446500e+04   0.0000000e+00
  -6.0066400e-02   1.5261592e+00   2.8446500e+04   0.0000000e+00
  -5.0085900e-02   1.5883106e+00   2.8446500e+04   0.0000000e+00
  -4.0062300e-02   1.6458602e+00   2.8446500e+04   0.0000000e+00
  -3.0049400e-02   1.7110574e+00   2.8446500e+04   0.0000000e+00
  -2.0025700e-02   1.7475768e+00   2.8446500e+04   0.0000000e+00
  -1.0023700e-02   1.8335343e+00   2.8446500e+04   0.0000000e+00
  -3.2400000e-05   1.9283380e+00   2.8446500e+04   0.0000000e+00
   9.9913000e-03   1.9762852e+00   2.8446500e+04   0.0000000e+00
   1.9993300e-02   2.0249133e+00   2.8446500e+04   0.0000000e+00
   2.9995400e-02   2.0988271e+00   2.8449500e+04   0.0000000e+00
   4.0029900e-02   2.1923237e+00   2.8449500e+04   0.0000000e+00
   5.0053500e-02   2.2668968e+00   2.8449500e+04   0.0000000e+00
   6.0044800e-02   2.3472698e+00   2.8449500e+04   0.0000000e+00
   7.0057700e-02   2.4240244e+00   2.8449500e+04   0.0000000e+00
   8.0081300e-02   2.5291436e+00   2.8452500e+04   0.0000000e+00
   9.0083400e-02   2.6085337e+00   2.8452500e+04   0.0000000e+00
   1.0009630e-01   2.7190642e+00   2.8452500e+04   0.0000000e+00
   1.1010910e-01   2.8217854e+00   2.8452500e+04   0.0000000e+00
   1.2013280e-01   2.9190194e+00   2.8449500e+04   0.0000000e+00
   1.3013490e-01   3.0713624e+00   2.8449500e+04   0.0000000e+00
   1.4014770e-01   3.1913657e+00   2.8449500e+04   0.0000000e+00
   1.5014980e-01   3.3179148e+00   2.8449500e+04   0.0000000e+00
   1.6016270e-01   3.4308649e+00   2.8449500e+04   0.0000000e+00
   1.7017550e-01   3.5653208e+00   2.8449500e+04   0.0000000e+00
   1.8019920e-01   3.7259696e+00   2.8449500e+04   0.0000000e+00
   1.9022290e-01   3.8670032e+00   2.8449500e+04   0.0000000e+00
   2.0020330e-01   4.0233751e+00   2.8452500e+04   0.0000000e+00
