   2.1100000e+02   2.0000000e-04   1.0000000e-10
  -1.9024675e+00  -3.3544192e+00   2.7954800e+04   0.0000000e+00
  -1.8924870e+00  -3.2305492e+00   2.7954800e+04   0.0000000e+00
  -1.8821825e+00  -3.2039779e+00   2.7954800e+04   0.0000000e+00
  -1.8722022e+00  -3.1264782e+00   2.7957700e+04   0.0000000e+00
  -1.8622325e+00  -3.0158832e+00   2.7966700e+04   0.0000000e+00
  -1.8524033e+00  -2.8884810e+00   2.7972600e+04   0.0000000e+00
  -1.8424120e+00  -2.8272048e+00   2.7981600e+04   0.0000000e+00
  -1.8324963e+00  -2.7494243e+00   2.7984600e+04   0.0000000e+00
  -1.8221594e+00  -2.6732638e+00   2.7987500e+04   0.0000000e+00
  -1.8122114e+00  -2.5358705e+00   2.7990500e+04   0.0000000e+00
  -1.8022417e+00  -2.5273806e+00   2.7993500e+04   0.0000000e+00
  -1.7922721e+00  -2.4433891e+00   2.7993500e+04   0.0000000e+00
  -1.7823024e+00  -2.3106620e+00   2.7996500e+04   0.0000000e+00
  -1.7723541e+00  -2.2107495e+00   2.7993500e+04   0.0000000e+00
  -1.7620820e+00  -2.2253637e+00   2.7993500e+04   0.0000000e+00
  -1.7521232e+00  -2.1733658e+00   2.7993500e+04   0.0000000e+00
  -1.7421103e+00  -2.0917507e+00   2.7993500e+04   0.0000000e+00
  -1.7321731e+00  -2.0122960e+00   2.7993500e+04   0.0000000e+00
  -1.7222574e+00  -1.9408447e+00   2.7996500e+04   0.0000000e+00
  -1.7119205e+00  -1.8942693e+00   2.7996500e+04   0.0000000e+00
  -1.7019508e+00  -1.8052013e+00   2.7996500e+04   0.0000000e+00
  -1.6919920e+00  -1.8211009e+00   2.7996500e+04   0.0000000e+00
  -1.6820331e+00  -1.7182609e+00   2.7999500e+04   0.0000000e+00
  -1.6722039e+00  -1.6080547e+00   2.7999500e+04   0.0000000e+00
  -1.6622559e+00  -1.5953847e+00   2.7999500e+04   0.0000000e+00
  -1.6518866e+00  -1.5739115e+00   2.7999500e+04   0.0000000e+00
  -1.6419169e+00  -1.5048151e+00   2.7999500e+04   0.0000000e+00
  -1.6320013e+00  -1.4306745e+00   2.7999500e+04   0.0000000e+00
  -1.6220532e+00  -1.3972227e+00   2.8002400e+04   0.0000000e+00
  -1.6120944e+00  -1.3405262e+00   2.8002400e+04   0.0000000e+00
  -1.6021139e+00  -1.3350283e+00   2.8002400e+04   0.0000000e+00
  -1.5918526e+00  -1.2841431e+00   2.8002400e+04   0.0000000e+00
  -1.5818721e+00  -1.2215922e+00   2.8005400e+04   0.0000000e+00
  -1.5719673e+00  -1.1673369e+00   2.8005400e+04   0.0000000e+00
  -1.5619543e+00  -1.1201783e+00   2.8005400e+04   0.0000000e+00
  -1.5519955e+00  -1.1292514e+00   2.8005400e+04   0.0000000e+00
  -1.5420798e+00  -1.0784418e+00   2.8005400e+04   0.0000000e+00
  -1.5317645e+00  -1.0802888e+00   2.8005400e+04   0.0000000e+00
  -1.5217948e+00  -9.6471400e-01   2.8005400e+04   0.0000000e+00
  -1.5118576e+00  -9.5644020e-01   2.8005400e+04   0.0000000e+00
  -1.5019095e+00  -9.4576840e-01   2.8005400e+04   0.0000000e+00
  -1.4919399e+00  -8.5702450e-01   2.8005400e+04   0.0000000e+00
  -1.4820134e+00  -8.1367840e-01   2.8005400e+04   0.0000000e+00
  -1.4716873e+00  -8.0010110e-01   2.8005400e+04   0.0000000e+00
  -1.4617177e+00  -8.0353590e-01   2.8005400e+04   0.0000000e+00
  -1.4518128e+00  -7.8507640e-01   2.8005400e+04   0.0000000e+00
  -1.4418323e+00  -7.2031140e-01   2.8005400e+04   0.0000000e+00
  -1.4318627e+00  -6.8221500e-01   2.8005400e+04   0.0000000e+00
  -1.4218930e+00  -6.8781010e-01   2.8005400e+04   0.0000000e+00
  -1.4116209e+00  -6.9476620e-01   2.8005400e+04   0.0000000e+00
  -1.4016513e+00  -6.6360420e-01   2.8005400e+04   0.0000000e+00
  -1.3916924e+00  -6.3101650e-01   2.8005400e+04   0.0000000e+00
  -1.3817011e+00  -5.9570660e-01   2.8005400e+04   0.0000000e+00
  -1.3717747e+00  -5.9146170e-01   2.8002400e+04   0.0000000e+00
  -1.3618482e+00  -5.5052450e-01   2.8002400e+04   0.0000000e+00
  -1.3515220e+00  -5.3770330e-01   2.8002400e+04   0.0000000e+00
  -1.3415848e+00  -5.2082080e-01   2.8002400e+04   0.0000000e+00
  -1.3316367e+00  -5.0660630e-01   2.8002400e+04   0.0000000e+00
  -1.3216778e+00  -5.0094640e-01   2.8002400e+04   0.0000000e+00
  -1.3117622e+00  -4.7549830e-01   2.8002400e+04   0.0000000e+00
  -1.3018249e+00  -4.7180430e-01   2.8002400e+04   0.0000000e+00
  -1.2915528e+00  -4.5227540e-01   2.8005400e+04   0.0000000e+00
  -1.2816048e+00  -4.2728100e-01   2.8005400e+04   0.0000000e+00
  -1.2716459e+00  -4.2197760e-01   2.8005400e+04   0.0000000e+00
  -1.2617303e+00  -4.2036820e-01   2.8005400e+04   0.0000000e+00
  -1.2517172e+00  -3.7660080e-01   2.8008400e+04   0.0000000e+00
  -1.2417259e+00  -3.5199530e-01   2.8008400e+04   0.0000000e+00
  -1.2314430e+00  -3.6102530e-01   2.8011400e+04   0.0000000e+00
  -1.2214950e+00  -3.5312950e-01   2.8011400e+04   0.0000000e+00
  -1.2115145e+00  -3.2828630e-01   2.8011400e+04   0.0000000e+00
  -1.2015773e+00  -3.3311450e-01   2.8011400e+04   0.0000000e+00
  -1.1915968e+00  -2.9592540e-01   2.8011400e+04   0.0000000e+00
  -1.1817243e+00  -3.0451250e-01   2.8011400e+04   0.0000000e+00
  -1.1714090e+00  -2.6724780e-01   2.8011400e+04   0.0000000e+00
  -1.1614394e+00  -2.7618050e-01   2.8011400e+04   0.0000000e+00
  -1.1514805e+00  -2.5776420e-01   2.8011400e+04   0.0000000e+00
  -1.1415326e+00  -2.6096140e-01   2.8011400e+04   0.0000000e+00
  -1.1315629e+00  -2.4204820e-01   2.8011400e+04   0.0000000e+00
  -1.1213124e+00  -2.4605550e-01   2.8011400e+04   0.0000000e+00
  -1.1113319e+00  -2.1343540e-01   2.8011400e+04   0.0000000e+00
  -1.1014163e+00  -2.1998100e-01   2.8011400e+04   0.0000000e+00
  -1.0914250e+00  -2.1746430e-01   2.8011400e+04   0.0000000e+00
  -1.0814986e+00  -2.1391070e-01   2.8011400e+04   0.0000000e+00
  -1.0714857e+00  -2.1062700e-01   2.8011400e+04   0.0000000e+00
  -1.0612136e+00  -2.1113470e-01   2.8011400e+04   0.0000000e+00
  -1.0512547e+00  -2.1789640e-01   2.8011400e+04   0.0000000e+00
  -1.0412957e+00  -1.8727430e-01   2.8011400e+04   0.0000000e+00
  -1.0313044e+00  -1.6132940e-01   2.8011400e+04   0.0000000e+00
  -1.0213672e+00  -1.7076980e-01   2.8014400e+04   0.0000000e+00
  -1.0114191e+00  -1.7857920e-01   2.8014400e+04   0.0000000e+00
  -1.0011902e+00  -1.6067050e-01   2.8014400e+04   0.0000000e+00
  -9.9126380e-01  -2.0309830e-01   2.8014400e+04   0.0000000e+00
  -9.8121850e-01  -1.9234010e-01   2.8014400e+04   0.0000000e+00
  -9.7125960e-01  -1.7572760e-01   2.8014400e+04   0.0000000e+00
  -9.6134400e-01  -1.6600640e-01   2.8014400e+04   0.0000000e+00
  -9.5137430e-01  -1.7359980e-01   2.8014400e+04   0.0000000e+00
  -9.4111300e-01  -1.2530680e-01   2.8014400e+04   0.0000000e+00
  -9.3113270e-01  -1.3231690e-01   2.8017300e+04   0.0000000e+00
  -9.2116300e-01  -1.1581240e-01   2.8017300e+04   0.0000000e+00
  -9.1120410e-01  -9.2124900e-02   2.8017300e+04   0.0000000e+00
  -9.0127770e-01  -1.1327410e-01   2.8017300e+04   0.0000000e+00
  -8.9132960e-01  -1.1638490e-01   2.8017300e+04   0.0000000e+00
  -8.8100350e-01  -1.0855390e-01   2.8017300e+04   0.0000000e+00
  -8.7112030e-01  -1.0316400e-01   2.8017300e+04   0.0000000e+00
  -8.6112900e-01  -7.7013700e-02   2.8017300e+04   0.0000000e+00
  -8.5119170e-01  -8.0977800e-02   2.8017300e+04   0.0000000e+00
  -8.4118970e-01  -4.3097500e-02   2.8017300e+04   0.0000000e+00
  -8.3126300e-01  -3.3786700e-02   2.8017300e+04   0.0000000e+00
  -8.2095850e-01  -1.4733100e-02   2.8017300e+04   0.0000000e+00
  -8.1102130e-01  -2.7003000e-03   2.8017300e+04   0.0000000e+00
  -8.0108400e-01  -7.3233000e-03   2.8017300e+04   0.0000000e+00
  -7.9110350e-01  -7.2693000e-03   2.8017300e+04   0.0000000e+00
  -7.8119870e-01  -2.0198600e-02   2.8017300e+04   0.0000000e+00
  -7.7123980e-01   1.0693400e-02   2.8017300e+04   0.0000000e+00
  -7.6090290e-01   3.2868600e-02   2.8017300e+04   0.0000000e+00
  -7.5098730e-01   3.4877600e-02   2.8017300e+04   0.0000000e+00
  -7.4107160e-01   4.4199200e-02   2.8017300e+04   0.0000000e+00
  -7.3112360e-01   7.1883100e-02   2.8014400e+04   0.0000000e+00
  -7.2118630e-01   8.2695300e-02   2.8017300e+04   0.0000000e+00
  -7.1116260e-01   6.7789400e-02   2.8017300e+04   0.0000000e+00
  -7.0089050e-01   7.1796700e-02   2.8017300e+04   0.0000000e+00
  -6.9088850e-01   1.0354190e-01   2.8017300e+04   0.0000000e+00
  -6.8089720e-01   1.1710840e-01   2.8017300e+04   0.0000000e+00
  -6.7096000e-01   1.4275090e-01   2.8017300e+04   0.0000000e+00
  -6.6097950e-01   1.6304660e-01   2.8017300e+04   0.0000000e+00
  -6.5107460e-01   1.4509470e-01   2.8017300e+04   0.0000000e+00
  -6.4075930e-01   1.9080610e-01   2.8017300e+04   0.0000000e+00
  -6.3085450e-01   1.9973890e-01   2.8017300e+04   0.0000000e+00
  -6.2093860e-01   1.8219740e-01   2.8014400e+04   0.0000000e+00
  -6.1099060e-01   1.8137650e-01   2.8014400e+04   0.0000000e+00
  -6.0104250e-01   2.4269610e-01   2.8014400e+04   0.0000000e+00
  -5.9071640e-01   2.6550860e-01   2.8014400e+04   0.0000000e+00
  -5.8069270e-01   2.5182320e-01   2.8014400e+04   0.0000000e+00
  -5.7062590e-01   2.6811170e-01   2.8014400e+04   0.0000000e+00
  -5.6060220e-01   2.9535280e-01   2.8014400e+04   0.0000000e+00
  -5.5061090e-01   2.9954370e-01   2.8014400e+04   0.0000000e+00
  -5.4058730e-01   3.0757990e-01   2.8014400e+04   0.0000000e+00
  -5.3057440e-01   3.2830770e-01   2.8011400e+04   0.0000000e+00
  -5.2056150e-01   3.4340800e-01   2.8011400e+04   0.0000000e+00
  -5.1055960e-01   3.8619220e-01   2.8011400e+04   0.0000000e+00
  -5.0052510e-01   3.9347240e-01   2.8011400e+04   0.0000000e+00
  -4.9052300e-01   3.8256300e-01   2.8014400e+04   0.0000000e+00
  -4.8053180e-01   4.0796780e-01   2.8014400e+04   0.0000000e+00
  -4.7050810e-01   4.4576200e-01   2.8014400e+04   0.0000000e+00
  -4.6049520e-01   4.6707310e-01   2.8014400e+04   0.0000000e+00
  -4.5049320e-01   4.7896540e-01   2.8014400e+04   0.0000000e+00
  -4.4048030e-01   4.9309360e-01   2.8014400e+04   0.0000000e+00
  -4.3044580e-01   5.2983990e-01   2.8014400e+04   0.0000000e+00
  -4.2047620e-01   5.4703570e-01   2.8014400e+04   0.0000000e+00
  -4.1047390e-01   5.1352970e-01   2.8017300e+04   0.0000000e+00
  -4.0047180e-01   5.7733350e-01   2.8017300e+04   0.0000000e+00
  -3.9042660e-01   6.0652960e-01   2.8017300e+04   0.0000000e+00
  -3.8044610e-01   6.1116340e-01   2.8017300e+04   0.0000000e+00
  -3.7042240e-01   6.0126930e-01   2.8020300e+04   0.0000000e+00
  -3.6043120e-01   6.5241400e-01   2.8020300e+04   0.0000000e+00
  -3.5040750e-01   6.8077840e-01   2.8020300e+04   0.0000000e+00
  -3.4040540e-01   7.0859190e-01   2.8023300e+04   0.0000000e+00
  -3.3039260e-01   6.7867210e-01   2.8023300e+04   0.0000000e+00
  -3.2036890e-01   7.4222740e-01   2.8023300e+04   0.0000000e+00
  -3.1035600e-01   7.9209730e-01   2.8023300e+04   0.0000000e+00
  -3.0036480e-01   8.0858020e-01   2.8023300e+04   0.0000000e+00
  -2.9034110e-01   8.4765970e-01   2.8026300e+04   0.0000000e+00
  -2.8031740e-01   8.5289840e-01   2.8026300e+04   0.0000000e+00
  -2.7032620e-01   8.8172720e-01   2.8026300e+04   0.0000000e+00
  -2.6031330e-01   8.9841530e-01   2.8026300e+04   0.0000000e+00
  -2.5030050e-01   9.3597170e-01   2.8026300e+04   0.0000000e+00
  -2.4028760e-01   9.4600620e-01   2.8026300e+04   0.0000000e+00
  -2.3028550e-01   9.8862840e-01   2.8026300e+04   0.0000000e+00
  -2.2027270e-01   1.0222315e+00   2.8026300e+04   0.0000000e+00
  -2.1024900e-01   1.0168416e+00   2.8026300e+04   0.0000000e+00
  -2.0024670e-01   1.0882496e+00   2.8026300e+04   0.0000000e+00
  -1.9022310e-01   1.1169489e+00   2.8026300e+04   0.0000000e+00
  -1.8022100e-01   1.1537924e+00   2.8026300e+04   0.0000000e+00
  -1.7021890e-01   1.1988017e+00   2.8026300e+04   0.0000000e+00
  -1.6020610e-01   1.2218518e+00   2.8026300e+04   0.0000000e+00
  -1.5020400e-01   1.2662348e+00   2.8026300e+04   0.0000000e+00
  -1.4016950e-01   1.2961654e+00   2.8026300e+04   0.0000000e+00
  -1.3016750e-01   1.3218943e+00   2.8029300e+04   0.0000000e+00
  -1.2017620e-01   1.3888630e+00   2.8029300e+04   0.0000000e+00
  -1.1016330e-01   1.4160501e+00   2.8029300e+04   0.0000000e+00
  -1.0013970e-01   1.4641054e+00   2.8029300e+04   0.0000000e+00
  -9.0126600e-02   1.5031847e+00   2.8029300e+04   0.0000000e+00
  -8.0092100e-02   1.5036059e+00   2.8029300e+04   0.0000000e+00
  -7.0068500e-02   1.5909569e+00   2.8029300e+04   0.0000000e+00
  -6.0077200e-02   1.6373164e+00   2.8026300e+04   0.0000000e+00
  -5.0075100e-02   1.6662964e+00   2.8026300e+04   0.0000000e+00
  -4.0073100e-02   1.6432355e+00   2.8026300e+04   0.0000000e+00
  -3.0071000e-02   1.7544897e+00   2.8026300e+04   0.0000000e+00
  -2.0047300e-02   1.7878229e+00   2.8026300e+04   0.0000000e+00
  -1.0023700e-02   1.8709502e+00   2.8029300e+04   0.0000000e+00
  -1.0800000e-05   2.0749236e+00   2.8029300e+04   0.0000000e+00
   1.0002100e-02   1.9341707e+00   2.8029300e+04   0.0000000e+00
   2.0004100e-02   2.0413854e+00   2.8032300e+04   0.0000000e+00
   3.0006200e-02   2.1336615e+00   2.8032300e+04   0.0000000e+00
   4.0029900e-02   2.1342556e+00   2.8032300e+04   0.0000000e+00
   5.0053500e-02   2.1767374e+00   2.8032300e+04   0.0000000e+00
   6.0044800e-02   2.2191871e+00   2.8032300e+04   0.0000000e+00
   7.0057700e-02   2.2828396e+00   2.8032300e+04   0.0000000e+00
   8.0081300e-02   2.3792203e+00   2.8029300e+04   0.0000000e+00
   9.0072600e-02   2.4414146e+00   2.8029300e+04   0.0000000e+00
   1.0009630e-01   2.5522046e+00   2.8029300e+04   0.0000000e+00
   1.1010910e-01   2.5266485e+00   2.8032300e+04   0.0000000e+00
   1.2014360e-01   2.6820155e+00   2.8032300e+04   0.0000000e+00
   1.3012410e-01   2.6752862e+00   2.8032300e+04   0.0000000e+00
   1.4014770e-01   2.8661684e+00   2.8032300e+04   0.0000000e+00
   1.5018220e-01   2.9837415e+00   2.8032300e+04   0.0000000e+00
   1.6016270e-01   3.0246787e+00   2.8032300e+04   0.0000000e+00
   1.7017550e-01   3.0933432e+00   2.8032300e+04   0.0000000e+00
   1.8021000e-01   3.1940984e+00   2.8035200e+04   0.0000000e+00
   1.9022290e-01   3.3047371e+00   2.8035200e+04   0.0000000e+00
   2.0020330e-01   3.3987416e+00   2.8035200e+04   0.0000000e+00
