   1.9100000e+02   4.0000000e-03   1.0000000e-07
  -1.3886260e-01  -1.9188650e-01   2.5227900e+04   0.0000000e+00
  -1.3787960e-01  -1.8555690e-01   2.5230800e+04   0.0000000e+00
  -1.3688590e-01  -1.7937850e-01   2.5230800e+04   0.0000000e+00
  -1.3588140e-01  -1.7376180e-01   2.5233800e+04   0.0000000e+00
  -1.3488770e-01  -1.6825310e-01   2.5236800e+04   0.0000000e+00
  -1.3389390e-01  -1.6332770e-01   2.5233800e+04   0.0000000e+00
  -1.3291100e-01  -1.5866150e-01   2.5233800e+04   0.0000000e+00
  -1.3189570e-01  -1.5448130e-01   2.5230800e+04   0.0000000e+00
  -1.3095600e-01  -1.5083050e-01   2.5230800e+04   0.0000000e+00
  -1.2994060e-01  -1.4644510e-01   2.5230800e+04   0.0000000e+00
  -1.2893610e-01  -1.4244860e-01   2.5230800e+04   0.0000000e+00
  -1.2795320e-01  -1.3848450e-01   2.5233800e+04   0.0000000e+00
  -1.2697030e-01  -1.3536290e-01   2.5233800e+04   0.0000000e+00
  -1.2595490e-01  -1.3128000e-01   2.5236800e+04   0.0000000e+00
  -1.2497200e-01  -1.2718630e-01   2.5236800e+04   0.0000000e+00
  -1.2396750e-01  -1.2325460e-01   2.5236800e+04   0.0000000e+00
  -1.2300620e-01  -1.1969010e-01   2.5239800e+04   0.0000000e+00
  -1.2200160e-01  -1.1501310e-01   2.5239800e+04   0.0000000e+00
  -1.2100790e-01  -1.1102740e-01   2.5239800e+04   0.0000000e+00
  -1.2002500e-01  -1.0689050e-01   2.5242800e+04   0.0000000e+00
  -1.1903130e-01  -1.0269960e-01   2.5242800e+04   0.0000000e+00
  -1.1803750e-01  -9.7914400e-02   2.5245700e+04   0.0000000e+00
  -1.1701140e-01  -9.3842300e-02   2.5245700e+04   0.0000000e+00
  -1.1605010e-01  -8.9986200e-02   2.5251700e+04   0.0000000e+00
  -1.1504550e-01  -8.6151700e-02   2.5251700e+04   0.0000000e+00
  -1.1405180e-01  -8.2446800e-02   2.5251700e+04   0.0000000e+00
  -1.1305810e-01  -7.8633900e-02   2.5254700e+04   0.0000000e+00
  -1.1207520e-01  -7.3989400e-02   2.5257700e+04   0.0000000e+00
  -1.1109220e-01  -6.9668800e-02   2.5257700e+04   0.0000000e+00
  -1.1006610e-01  -6.5683100e-02   2.5257700e+04   0.0000000e+00
  -1.0910480e-01  -6.1859400e-02   2.5260600e+04   0.0000000e+00
  -1.0812190e-01  -5.8413800e-02   2.5260600e+04   0.0000000e+00
  -1.0712810e-01  -5.4968200e-02   2.5260600e+04   0.0000000e+00
  -1.0613440e-01  -5.1457700e-02   2.5260600e+04   0.0000000e+00
  -1.0515150e-01  -4.7914900e-02   2.5260600e+04   0.0000000e+00
  -1.0416860e-01  -4.4663600e-02   2.5260600e+04   0.0000000e+00
  -1.0315320e-01  -4.1736500e-02   2.5260600e+04   0.0000000e+00
  -1.0214870e-01  -3.8409700e-02   2.5266600e+04   0.0000000e+00
  -1.0116580e-01  -3.6238600e-02   2.5266600e+04   0.0000000e+00
  -1.0017210e-01  -3.3624700e-02   2.5269600e+04   0.0000000e+00
  -9.9178300e-02  -3.1226700e-02   2.5269600e+04   0.0000000e+00
  -9.8206000e-02  -2.9001700e-02   2.5269600e+04   0.0000000e+00
  -9.7223100e-02  -2.7014200e-02   2.5272600e+04   0.0000000e+00
  -9.6218600e-02  -2.4735100e-02   2.5272600e+04   0.0000000e+00
  -9.5203200e-02  -2.3255300e-02   2.5272600e+04   0.0000000e+00
  -9.4231100e-02  -2.1548700e-02   2.5275500e+04   0.0000000e+00
  -9.3226600e-02  -2.0014900e-02   2.5278500e+04   0.0000000e+00
  -9.2232900e-02  -1.8826800e-02   2.5278500e+04   0.0000000e+00
  -9.1249900e-02  -1.7649400e-02   2.5278500e+04   0.0000000e+00
  -9.0277800e-02  -1.6374900e-02   2.5278500e+04   0.0000000e+00
  -8.9251700e-02  -1.5273100e-02   2.5278500e+04   0.0000000e+00
  -8.8279600e-02  -1.4203800e-02   2.5281500e+04   0.0000000e+00
  -8.7296600e-02  -1.3307300e-02   2.5281500e+04   0.0000000e+00
  -8.6292100e-02  -1.2454000e-02   2.5284500e+04   0.0000000e+00
  -8.5309200e-02  -1.1654700e-02   2.5284500e+04   0.0000000e+00
  -8.4315500e-02  -1.0920200e-02   2.5284500e+04   0.0000000e+00
  -8.3321700e-02  -1.0196500e-02   2.5284500e+04   0.0000000e+00
  -8.2349600e-02  -9.4620000e-03   2.5284500e+04   0.0000000e+00
  -8.1355900e-02  -8.9651000e-03   2.5287500e+04   0.0000000e+00
  -8.0329800e-02  -8.3711000e-03   2.5287500e+04   0.0000000e+00
  -7.9346800e-02  -7.8850000e-03   2.5290400e+04   0.0000000e+00
  -7.8374700e-02  -7.3665000e-03   2.5293400e+04   0.0000000e+00
  -7.7370200e-02  -6.8913000e-03   2.5293400e+04   0.0000000e+00
  -7.6376500e-02  -6.5240000e-03   2.5293400e+04   0.0000000e+00
  -7.5382700e-02  -5.9299000e-03   2.5296400e+04   0.0000000e+00
  -7.4389000e-02  -5.7139000e-03   2.5296400e+04   0.0000000e+00
  -7.3384500e-02  -5.1847000e-03   2.5296400e+04   0.0000000e+00
  -7.2412400e-02  -4.7958000e-03   2.5296400e+04   0.0000000e+00
  -7.1429400e-02  -4.4610000e-03   2.5299400e+04   0.0000000e+00
  -7.0446500e-02  -4.1045000e-03   2.5299400e+04   0.0000000e+00
  -6.9452800e-02  -3.7805000e-03   2.5299400e+04   0.0000000e+00
  -6.8448300e-02  -3.3268000e-03   2.5299400e+04   0.0000000e+00
  -6.7465300e-02  -3.1648000e-03   2.5299400e+04   0.0000000e+00
  -6.6450000e-02  -2.8732000e-03   2.5302400e+04   0.0000000e+00
  -6.5488700e-02  -2.6247000e-03   2.5302400e+04   0.0000000e+00
  -6.4505800e-02  -2.3115000e-03   2.5302400e+04   0.0000000e+00
  -6.3490400e-02  -2.1171000e-03   2.5302400e+04   0.0000000e+00
  -6.2485900e-02  -1.8902000e-03   2.5302400e+04   0.0000000e+00
  -6.1524600e-02  -1.5770000e-03   2.5305300e+04   0.0000000e+00
  -6.0498500e-02  -1.4474000e-03   2.5308300e+04   0.0000000e+00
  -5.9515500e-02  -1.2962000e-03   2.5308300e+04   0.0000000e+00
  -5.8521800e-02  -1.1017000e-03   2.5308300e+04   0.0000000e+00
  -5.7528100e-02  -9.1810000e-04   2.5308300e+04   0.0000000e+00
  -5.6556000e-02  -7.5610000e-04   2.5308300e+04   0.0000000e+00
  -5.5551400e-02  -5.8330000e-04   2.5311300e+04   0.0000000e+00
  -5.4579300e-02  -3.8880000e-04   2.5311300e+04   0.0000000e+00
  -5.3574800e-02  -2.8080000e-04   2.5314300e+04   0.0000000e+00
  -5.2570200e-02  -1.6200000e-04   2.5314300e+04   0.0000000e+00
  -5.1587300e-02   1.0800000e-05   2.5314300e+04   0.0000000e+00
  -5.0582800e-02   1.4040000e-04   2.5317300e+04   0.0000000e+00
  -4.9610700e-02   2.7000000e-04   2.5317300e+04   0.0000000e+00
  -4.8606100e-02   4.1050000e-04   2.5317300e+04   0.0000000e+00
  -4.7601600e-02   5.6170000e-04   2.5317300e+04   0.0000000e+00
  -4.6640300e-02   6.9130000e-04   2.5320200e+04   0.0000000e+00
  -4.5625000e-02   8.5330000e-04   2.5320200e+04   0.0000000e+00
  -4.4642000e-02   1.0045000e-03   2.5320200e+04   0.0000000e+00
  -4.3669900e-02   1.1341000e-03   2.5317300e+04   0.0000000e+00
  -4.2654600e-02   1.2746000e-03   2.5320200e+04   0.0000000e+00
  -4.1650100e-02   1.4258000e-03   2.5320200e+04   0.0000000e+00
  -4.0667100e-02   1.5014000e-03   2.5323200e+04   0.0000000e+00
  -3.9684200e-02   1.7066000e-03   2.5323200e+04   0.0000000e+00
  -3.8701300e-02   1.8362000e-03   2.5326200e+04   0.0000000e+00
  -3.7675200e-02   1.9766000e-03   2.5329200e+04   0.0000000e+00
  -3.6703000e-02   2.1063000e-03   2.5329200e+04   0.0000000e+00
  -3.5730900e-02   2.2791000e-03   2.5329200e+04   0.0000000e+00
  -3.4726400e-02   2.4411000e-03   2.5329200e+04   0.0000000e+00
  -3.3743500e-02   2.5167000e-03   2.5329200e+04   0.0000000e+00
  -3.2760500e-02   2.7543000e-03   2.5332200e+04   0.0000000e+00
  -3.1756000e-02   2.9488000e-03   2.5335100e+04   0.0000000e+00
  -3.0762300e-02   3.0136000e-03   2.5335100e+04   0.0000000e+00
  -2.9768600e-02   3.3268000e-03   2.5335100e+04   0.0000000e+00
  -2.8774800e-02   3.4672000e-03   2.5335100e+04   0.0000000e+00
  -2.7770300e-02   3.6941000e-03   2.5335100e+04   0.0000000e+00
  -2.6787400e-02   3.8129000e-03   2.5335100e+04   0.0000000e+00
  -2.5761300e-02   4.1585000e-03   2.5338100e+04   0.0000000e+00
  -2.4821500e-02   4.3962000e-03   2.5338100e+04   0.0000000e+00
  -2.3817000e-02   4.6338000e-03   2.5341100e+04   0.0000000e+00
  -2.2823300e-02   4.9254000e-03   2.5341100e+04   0.0000000e+00
  -2.1829600e-02   5.2171000e-03   2.5344100e+04   0.0000000e+00
  -2.0857400e-02   5.5195000e-03   2.5344100e+04   0.0000000e+00
  -1.9842100e-02   5.7571000e-03   2.5344100e+04   0.0000000e+00
  -1.8837600e-02   6.2000000e-03   2.5344100e+04   0.0000000e+00
  -1.7876300e-02   6.5780000e-03   2.5344100e+04   0.0000000e+00
  -1.6882500e-02   6.9777000e-03   2.5347100e+04   0.0000000e+00
  -1.5878000e-02   7.4313000e-03   2.5347100e+04   0.0000000e+00
  -1.4884300e-02   7.9066000e-03   2.5347100e+04   0.0000000e+00
  -1.3912200e-02   8.3819000e-03   2.5347100e+04   0.0000000e+00
  -1.2918400e-02   8.8031000e-03   2.5350000e+04   0.0000000e+00
  -1.1913900e-02   9.3972000e-03   2.5350000e+04   0.0000000e+00
  -1.0952600e-02   1.0012900e-02   2.5350000e+04   0.0000000e+00
  -9.9373000e-03   1.1093000e-02   2.5350000e+04   0.0000000e+00
  -8.9327000e-03   1.1805900e-02   2.5350000e+04   0.0000000e+00
  -7.9498000e-03   1.2680800e-02   2.5353000e+04   0.0000000e+00
  -6.9669000e-03   1.3512500e-02   2.5353000e+04   0.0000000e+00
  -5.9516000e-03   1.4517000e-02   2.5356000e+04   0.0000000e+00
  -4.9794000e-03   1.5500000e-02   2.5356000e+04   0.0000000e+00
  -3.9749000e-03   1.6547700e-02   2.5356000e+04   0.0000000e+00
  -2.9812000e-03   1.7660200e-02   2.5356000e+04   0.0000000e+00
  -1.9983000e-03   1.8848400e-02   2.5356000e+04   0.0000000e+00
  -9.8290000e-04   1.9982500e-02   2.5356000e+04   0.0000000e+00
  -3.2400000e-05   2.1818800e-02   2.5356000e+04   0.0000000e+00
   9.8290000e-04   2.2963700e-02   2.5359000e+04   0.0000000e+00
   1.9658000e-03   2.5383200e-02   2.5359000e+04   0.0000000e+00
   2.9812000e-03   2.7370700e-02   2.5362000e+04   0.0000000e+00
   3.9317000e-03   2.9422900e-02   2.5362000e+04   0.0000000e+00
   4.9362000e-03   3.1918000e-02   2.5364900e+04   0.0000000e+00
   5.9299000e-03   3.4575200e-02   2.5364900e+04   0.0000000e+00
   6.9453000e-03   3.7491500e-02   2.5364900e+04   0.0000000e+00
   7.9066000e-03   3.9943500e-02   2.5364900e+04   0.0000000e+00
   8.9003000e-03   4.3324300e-02   2.5364900e+04   0.0000000e+00
   9.9157000e-03   4.6942700e-02   2.5364900e+04   0.0000000e+00
   1.0898600e-02   5.0431600e-02   2.5364900e+04   0.0000000e+00
   1.1881500e-02   5.4471300e-02   2.5364900e+04   0.0000000e+00
   1.2864400e-02   5.8824200e-02   2.5367900e+04   0.0000000e+00
   1.3879800e-02   6.2723500e-02   2.5367900e+04   0.0000000e+00
   1.4862700e-02   6.7108900e-02   2.5370900e+04   0.0000000e+00
   1.5845600e-02   7.2109900e-02   2.5370900e+04   0.0000000e+00
   1.6839300e-02   7.7327000e-02   2.5370900e+04   0.0000000e+00
   1.7833100e-02   8.2792500e-02   2.5370900e+04   0.0000000e+00
   1.8816000e-02   8.7901500e-02   2.5373900e+04   0.0000000e+00
   1.9798900e-02   9.3734300e-02   2.5376900e+04   0.0000000e+00
   2.0814200e-02   9.9351000e-02   2.5376900e+04   0.0000000e+00
   2.1818800e-02   1.0528090e-01   2.5376900e+04   0.0000000e+00
   2.2790900e-02   1.1101640e-01   2.5376900e+04   0.0000000e+00
   2.3795400e-02   1.1704360e-01   2.5376900e+04   0.0000000e+00
   2.4789100e-02   1.2323280e-01   2.5376900e+04   0.0000000e+00
   2.5772100e-02   1.2968120e-01   2.5376900e+04   0.0000000e+00
   2.6765800e-02   1.3618360e-01   2.5379800e+04   0.0000000e+00
   2.7748700e-02   1.4240520e-01   2.5379800e+04   0.0000000e+00
   2.8764000e-02   1.4891840e-01   2.5382800e+04   0.0000000e+00
   2.9736200e-02   1.5577730e-01   2.5382800e+04   0.0000000e+00
   3.0729900e-02   1.6286300e-01   2.5382800e+04   0.0000000e+00
   3.1734400e-02   1.6963550e-01   2.5385800e+04   0.0000000e+00
   3.2706500e-02   1.7651590e-01   2.5385800e+04   0.0000000e+00
   3.3711100e-02   1.8261870e-01   2.5385800e+04   0.0000000e+00
   3.4694000e-02   1.8965040e-01   2.5385800e+04   0.0000000e+00
   3.5687700e-02   1.9663890e-01   2.5385800e+04   0.0000000e+00
   3.6670600e-02   2.0405940e-01   2.5385800e+04   0.0000000e+00
   3.7653600e-02   2.1088610e-01   2.5385800e+04   0.0000000e+00
   3.8658100e-02   2.1811220e-01   2.5385800e+04   0.0000000e+00
   3.9662600e-02   2.2513310e-01   2.5385800e+04   0.0000000e+00
   4.0623900e-02   2.3161390e-01   2.5385800e+04   0.0000000e+00
   4.1628500e-02   2.3872120e-01   2.5388800e+04   0.0000000e+00
   4.2643800e-02   2.4579610e-01   2.5391800e+04   0.0000000e+00
   4.3626700e-02   2.5361630e-01   2.5391800e+04   0.0000000e+00
   4.4598800e-02   2.5996750e-01   2.5391800e+04   0.0000000e+00
   4.5592600e-02   2.6732320e-01   2.5394700e+04   0.0000000e+00
   4.6597100e-02   2.7448450e-01   2.5394700e+04   0.0000000e+00
   4.7590800e-02   2.8168900e-01   2.5394700e+04   0.0000000e+00
   4.8573700e-02   2.8860190e-01   2.5394700e+04   0.0000000e+00
   4.9556700e-02   2.9599000e-01   2.5394700e+04   0.0000000e+00
