  -3.9825977e-01  -2.2479867e+00   3.5742100e+04   1.2000000e-02
  -3.9636479e-01  -2.2374975e+00   3.5745100e+04   1.2000000e-02
  -3.9428621e-01  -2.2235284e+00   3.5745100e+04   1.2000000e-02
  -3.9236090e-01  -2.2108970e+00   3.5745100e+04   1.2000000e-02
  -3.9027904e-01  -2.1958855e+00   3.5745100e+04   1.2000000e-02
  -3.8836849e-01  -2.1842963e+00   3.5745100e+04   1.2000000e-02
  -3.8645629e-01  -2.1715336e+00   3.5745100e+04   1.2000000e-02
  -3.8437361e-01  -2.1575891e+00   3.5748100e+04   1.2000000e-02
  -3.8246224e-01  -2.1455241e+00   3.5748100e+04   1.2000000e-02
  -3.8037710e-01  -2.1318832e+00   3.5751100e+04   1.2000000e-02
  -3.7845179e-01  -2.1198182e+00   3.5751100e+04   1.2000000e-02
  -3.7655927e-01  -2.1071868e+00   3.5751100e+04   1.2000000e-02
  -3.7446840e-01  -2.0930864e+00   3.5754000e+04   1.2000000e-02
  -3.7255866e-01  -2.0813251e+00   3.5754000e+04   1.2000000e-02
  -3.7046451e-01  -2.0667486e+00   3.5754000e+04   1.2000000e-02
  -3.6856133e-01  -2.0548313e+00   3.5754000e+04   1.2000000e-02
  -3.6663930e-01  -2.0429961e+00   3.5757000e+04   1.2000000e-02
  -3.6455745e-01  -2.0288381e+00   3.5757000e+04   1.2000000e-02
  -3.6264525e-01  -2.0175118e+00   3.5757000e+04   1.2000000e-02
  -3.6055192e-01  -2.0024592e+00   3.5757000e+04   1.2000000e-02
  -3.5864382e-01  -1.9896637e+00   3.5760000e+04   1.2000000e-02
  -3.5672998e-01  -1.9769501e+00   3.5760000e+04   1.2000000e-02
  -3.5465713e-01  -1.9630959e+00   3.5760000e+04   1.2000000e-02
  -3.5273756e-01  -1.9511704e+00   3.5760000e+04   1.2000000e-02
  -3.5064586e-01  -1.9361506e+00   3.5760000e+04   1.2000000e-02
  -3.4874432e-01  -1.9241267e+00   3.5763000e+04   1.2000000e-02
  -3.4682885e-01  -1.9109618e+00   3.5763000e+04   1.2000000e-02
  -3.4473390e-01  -1.8970994e+00   3.5766000e+04   1.2000000e-02
  -3.4282908e-01  -1.8849194e+00   3.5766000e+04   1.2000000e-02
  -3.4073984e-01  -1.8707124e+00   3.5766000e+04   1.2000000e-02
  -3.3882355e-01  -1.8585488e+00   3.5768900e+04   1.2000000e-02
  -3.3690479e-01  -1.8455153e+00   3.5768900e+04   1.2000000e-02
  -3.3481639e-01  -1.8315626e+00   3.5768900e+04   1.2000000e-02
  -3.3291731e-01  -1.8203019e+00   3.5771900e+04   1.2000000e-02
  -3.3101658e-01  -1.8061850e+00   3.5771900e+04   1.2000000e-02
  -3.2893309e-01  -1.7936521e+00   3.5771900e+04   1.2000000e-02
  -3.2701187e-01  -1.7803724e+00   3.5774900e+04   1.2000000e-02
  -3.2491690e-01  -1.7668791e+00   3.5774900e+04   1.2000000e-02
  -3.2299322e-01  -1.7544201e+00   3.5774900e+04   1.2000000e-02
  -3.2109168e-01  -1.7409023e+00   3.5777900e+04   1.2000000e-02
  -3.1900572e-01  -1.7280904e+00   3.5780900e+04   1.2000000e-02
  -3.1710418e-01  -1.7150487e+00   3.5780900e+04   1.2000000e-02
  -3.1500511e-01  -1.7014571e+00   3.5783800e+04   1.2000000e-02
  -3.1309210e-01  -1.6885467e+00   3.5783800e+04   1.2000000e-02
  -3.1119138e-01  -1.6758989e+00   3.5783800e+04   1.2000000e-02
  -3.0909969e-01  -1.6620119e+00   3.5786800e+04   1.2000000e-02
  -3.0719979e-01  -1.6490933e+00   3.5786800e+04   1.2000000e-02
  -3.0510973e-01  -1.6361091e+00   3.5789800e+04   1.2000000e-02
  -3.0319509e-01  -1.6237732e+00   3.5792800e+04   1.2000000e-02
  -3.0127469e-01  -1.6101734e+00   3.5792800e+04   1.2000000e-02
  -2.9919529e-01  -1.5971317e+00   3.5792800e+04   1.2000000e-02
  -2.9728802e-01  -1.5832528e+00   3.5795800e+04   1.2000000e-02
  -2.9518976e-01  -1.5708430e+00   3.5795800e+04   1.2000000e-02
  -2.9328576e-01  -1.5576780e+00   3.5798700e+04   1.2000000e-02
  -2.9137930e-01  -1.5447430e+00   3.5798700e+04   1.2000000e-02
  -2.8933514e-01  -1.5323825e+00   3.5798700e+04   1.2000000e-02
  -2.8742622e-01  -1.5186431e+00   3.5801700e+04   1.2000000e-02
  -2.8533699e-01  -1.5057245e+00   3.5801700e+04   1.2000000e-02
  -2.8343872e-01  -1.4926254e+00   3.5801700e+04   1.2000000e-02
  -2.8152654e-01  -1.4799448e+00   3.5804700e+04   1.2000000e-02
  -2.7942419e-01  -1.4669851e+00   3.5807700e+04   1.2000000e-02
  -2.7752183e-01  -1.4536727e+00   3.5807700e+04   1.2000000e-02
  -2.7543751e-01  -1.4406556e+00   3.5807700e+04   1.2000000e-02
  -2.7353023e-01  -1.4274415e+00   3.5810700e+04   1.2000000e-02
  -2.7162212e-01  -1.4147035e+00   3.5810700e+04   1.2000000e-02
  -2.6953043e-01  -1.4015304e+00   3.5813600e+04   1.2000000e-02
  -2.6761905e-01  -1.3877090e+00   3.5816600e+04   1.2000000e-02
  -2.6554047e-01  -1.3752418e+00   3.5816600e+04   1.2000000e-02
  -2.6363156e-01  -1.3618061e+00   3.5819600e+04   1.2000000e-02
  -2.6171444e-01  -1.3496424e+00   3.5819600e+04   1.2000000e-02
  -2.5963505e-01  -1.3363134e+00   3.5822600e+04   1.2000000e-02
  -2.5771220e-01  -1.3230993e+00   3.5825600e+04   1.2000000e-02
  -2.5564018e-01  -1.3104844e+00   3.5825600e+04   1.2000000e-02
  -2.5372798e-01  -1.2971144e+00   3.5825600e+04   1.2000000e-02
  -2.5180923e-01  -1.2847703e+00   3.5828500e+04   1.2000000e-02
  -2.4972244e-01  -1.2714824e+00   3.5828500e+04   1.2000000e-02
  -2.4780041e-01  -1.2575460e+00   3.5831500e+04   1.2000000e-02
  -2.4571691e-01  -1.2447587e+00   3.5834500e+04   1.2000000e-02
  -2.4381455e-01  -1.2311096e+00   3.5834500e+04   1.2000000e-02
  -2.4189744e-01  -1.2199884e+00   3.5837500e+04   1.2000000e-02
  -2.3981149e-01  -1.2056253e+00   3.5837500e+04   1.2000000e-02
  -2.3791323e-01  -1.1925425e+00   3.5840500e+04   1.2000000e-02
  -2.3582317e-01  -1.1799276e+00   3.5840500e+04   1.2000000e-02
  -2.3390032e-01  -1.1656137e+00   3.5840500e+04   1.2000000e-02
  -2.3199796e-01  -1.1540001e+00   3.5843400e+04   1.2000000e-02
  -2.2990136e-01  -1.1394893e+00   3.5843400e+04   1.2000000e-02
  -2.2799162e-01  -1.1270057e+00   3.5849400e+04   1.2000000e-02
  -2.2590648e-01  -1.1131924e+00   3.5849400e+04   1.2000000e-02
  -2.2400002e-01  -1.0994449e+00   3.5852400e+04   1.2000000e-02
  -2.2209766e-01  -1.0878641e+00   3.5852400e+04   1.2000000e-02
  -2.2001171e-01  -1.0731562e+00   3.5855400e+04   1.2000000e-02
  -2.1809375e-01  -1.0603608e+00   3.5855400e+04   1.2000000e-02
  -2.1600698e-01  -1.0471138e+00   3.5858300e+04   1.2000000e-02
  -2.1409068e-01  -1.0328326e+00   3.5858300e+04   1.2000000e-02
  -2.1217439e-01  -1.0207840e+00   3.5861300e+04   1.2000000e-02
  -2.1009581e-01  -1.0057396e+00   3.5864300e+04   1.2000000e-02
  -2.0816805e-01  -9.9265672e-01   3.5864300e+04   1.2000000e-02
  -2.0608127e-01  -9.7922632e-01   3.5867300e+04   1.2000000e-02
  -2.0417891e-01  -9.6640573e-01   3.5870300e+04   1.2000000e-02
  -2.0225114e-01  -9.5245902e-01   3.5873200e+04   1.2000000e-02
  -2.0017748e-01  -9.3900975e-01   3.5873200e+04   1.2000000e-02
  -1.9826526e-01  -9.2634734e-01   3.5879200e+04   1.2000000e-02
  -1.9618422e-01  -9.1256204e-01   3.5879200e+04   1.2000000e-02
  -1.9427449e-01  -9.0010460e-01   3.5882200e+04   1.2000000e-02
  -1.9236065e-01  -8.8705944e-01   3.5882200e+04   1.2000000e-02
  -1.9027715e-01  -8.7379294e-01   3.5885200e+04   1.2000000e-02
  -1.8837807e-01  -8.5998961e-01   3.5888100e+04   1.2000000e-02
  -1.8628885e-01  -8.4513145e-01   3.5891100e+04   1.2000000e-02
  -1.8437747e-01  -8.3247560e-01   3.5891100e+04   1.2000000e-02
  -1.8246118e-01  -8.1969024e-01   3.5894100e+04   1.2000000e-02
  -1.8037358e-01  -8.0566400e-01   3.5894100e+04   1.2000000e-02
  -1.7845319e-01  -7.9305485e-01   3.5897100e+04   1.2000000e-02
  -1.7638852e-01  -7.7880072e-01   3.5897100e+04   1.2000000e-02
  -1.7446813e-01  -7.6504573e-01   3.5900100e+04   1.2000000e-02
  -1.7255019e-01  -7.5133831e-01   3.5900100e+04   1.2000000e-02
  -1.7046096e-01  -7.3686368e-01   3.5903000e+04   1.2000000e-02
  -1.6854712e-01  -7.2372422e-01   3.5906000e+04   1.2000000e-02
  -1.6664641e-01  -7.1109626e-01   3.5909000e+04   1.2000000e-02
  -1.6455636e-01  -6.9653721e-01   3.5909000e+04   1.2000000e-02
  -1.6263351e-01  -6.8352481e-01   3.5912000e+04   1.2000000e-02
  -1.6054673e-01  -6.6777321e-01   3.5915000e+04   1.2000000e-02
  -1.5863781e-01  -6.5449115e-01   3.5915000e+04   1.2000000e-02
  -1.5672070e-01  -6.4121563e-01   3.5917900e+04   1.2000000e-02
  -1.5464702e-01  -6.2657134e-01   3.5920900e+04   1.2000000e-02
  -1.5273236e-01  -6.1346470e-01   3.5923900e+04   1.2000000e-02
  -1.5064394e-01  -5.9824829e-01   3.5923900e+04   1.2000000e-02
  -1.4873667e-01  -5.8447937e-01   3.5926900e+04   1.2000000e-02
  -1.4683840e-01  -5.7011948e-01   3.5926900e+04   1.2000000e-02
  -1.4473688e-01  -5.5442772e-01   3.5929900e+04   1.2000000e-02
  -1.4283206e-01  -5.3980798e-01   3.5932800e+04   1.2000000e-02
  -1.4074693e-01  -5.2516860e-01   3.5935800e+04   1.2000000e-02
  -1.3884047e-01  -5.1130542e-01   3.5938800e+04   1.2000000e-02
  -1.3691926e-01  -4.9775941e-01   3.5938800e+04   1.2000000e-02
  -1.3483164e-01  -4.8192337e-01   3.5941800e+04   1.2000000e-02
  -1.3293174e-01  -4.6751842e-01   3.5944800e+04   1.2000000e-02
  -1.3085070e-01  -4.5004065e-01   3.5947700e+04   1.2000000e-02
  -1.2893113e-01  -4.3487423e-01   3.5950700e+04   1.2000000e-02
  -1.2701729e-01  -4.1971192e-01   3.5950700e+04   1.2000000e-02
  -1.2492313e-01  -4.0279478e-01   3.5953700e+04   1.2000000e-02
  -1.2300028e-01  -3.8738903e-01   3.5953700e+04   1.2000000e-02
  -1.2092907e-01  -3.7092350e-01   3.5956700e+04   1.2000000e-02
  -1.1901278e-01  -3.5454484e-01   3.5956700e+04   1.2000000e-02
  -1.1709403e-01  -3.3783589e-01   3.5959700e+04   1.2000000e-02
  -1.1501626e-01  -3.1840084e-01   3.5962600e+04   1.2000000e-02
  -1.1309751e-01  -3.0092799e-01   3.5965600e+04   1.2000000e-02
  -1.1104434e-01  -2.8134786e-01   3.5968600e+04   1.2000000e-02
  -1.0912395e-01  -2.6328895e-01   3.5971600e+04   1.2000000e-02
  -1.0721749e-01  -2.4341047e-01   3.5974600e+04   1.2000000e-02
  -1.0514383e-01  -2.1989614e-01   3.5977500e+04   1.2000000e-02
  -1.0321686e-01  -1.9677846e-01   3.5980500e+04   1.2000000e-02
  -1.0113664e-01  -1.6830451e-01   3.5983500e+04   1.2000000e-02
  -9.9218287e-02  -1.4371317e-01   3.5986500e+04   1.2000000e-02
  -9.7318003e-02  -1.1779891e-01   3.5989500e+04   1.2000000e-02
  -9.5222603e-02  -9.0199841e-02   3.5992500e+04   1.2000000e-02
  -9.3320344e-02  -6.3739987e-02   3.5995400e+04   1.2000000e-02
  -9.1237739e-02  -4.2574656e-02   3.5998400e+04   1.2000000e-02
  -8.9317115e-02  -2.8500586e-02   3.6004400e+04   1.2000000e-02
  -8.7418141e-02  -1.7704087e-02   3.6007400e+04   1.2000000e-02
  -8.5328647e-02  -8.5667560e-03   3.6010300e+04   1.2000000e-02
  -8.3415647e-02  -3.8553800e-03   3.6013300e+04   1.2000000e-02
  -8.1328365e-02  -1.1186090e-03   3.6019300e+04   1.2000000e-02
  -7.9427750e-02  -5.3310000e-05   3.6022300e+04   1.2000000e-02
  -7.7498266e-02   2.7614600e-04   3.6025200e+04   1.2000000e-02
  -7.5414017e-02   3.8465200e-04   3.6028200e+04   1.2000000e-02
  -7.3499782e-02   4.0556600e-04   3.6031200e+04   1.2000000e-02
  -7.1420701e-02   4.3960200e-04   3.6034200e+04   1.2000000e-02
  -6.9516884e-02   4.4452300e-04   3.6037200e+04   1.2000000e-02
  -6.7593878e-02   4.4936200e-04   3.6040100e+04   1.2000000e-02
  -6.5523406e-02   4.5584100e-04   3.6046100e+04   1.2000000e-02
  -6.3604908e-02   4.7281800e-04   3.6049100e+04   1.2000000e-02
  -6.1514262e-02   4.7208000e-04   3.6052100e+04   1.2000000e-02
  -5.9607738e-02   4.7167000e-04   3.6055000e+04   1.2000000e-02
  -5.7690385e-02   4.8790900e-04   3.6061000e+04   1.2000000e-02
  -5.5600147e-02   4.7872300e-04   3.6064000e+04   1.2000000e-02
  -5.3688372e-02   4.8749900e-04   3.6069900e+04   1.2000000e-02
  -5.1600348e-02   4.9184600e-04   3.6075900e+04   1.2000000e-02
  -4.9688409e-02   4.9537300e-04   3.6078900e+04   1.2000000e-02
  -4.7771387e-02   4.9627500e-04   3.6081900e+04   1.2000000e-02
  -4.5680817e-02   5.0004700e-04   3.6087800e+04   1.2000000e-02
  -4.3777245e-02   5.1243200e-04   3.6090800e+04   1.2000000e-02
  -4.1697993e-02   5.1595800e-04   3.6096800e+04   1.2000000e-02
  -3.9788022e-02   5.1554800e-04   3.6099700e+04   1.2000000e-02
  -3.7882233e-02   5.2776900e-04   3.6102700e+04   1.2000000e-02
  -3.5796176e-02   5.2612800e-04   3.6105700e+04   1.2000000e-02
  -3.3877018e-02   5.3761000e-04   3.6108700e+04   1.2000000e-02
  -3.1793665e-02   5.3941500e-04   3.6111700e+04   1.2000000e-02
  -2.9882546e-02   5.4507400e-04   3.6114600e+04   1.2000000e-02
  -2.7977494e-02   5.4441800e-04   3.6117600e+04   1.2000000e-02
  -2.5882986e-02   5.5188100e-04   3.6120600e+04   1.2000000e-02
  -2.3958743e-02   5.5713000e-04   3.6123600e+04   1.2000000e-02
  -2.1880555e-02   5.5639200e-04   3.6123600e+04   1.2000000e-02
  -1.9977145e-02   5.6877600e-04   3.6126600e+04   1.2000000e-02
  -1.8072748e-02   5.7197500e-04   3.6129500e+04   1.2000000e-02
  -1.5983160e-02   5.7853600e-04   3.6132500e+04   1.2000000e-02
  -1.4071218e-02   5.7566600e-04   3.6132500e+04   1.2000000e-02
  -1.1983761e-02   5.8485100e-04   3.6135500e+04   1.2000000e-02
  -1.0065421e-02   5.9329900e-04   3.6138500e+04   1.2000000e-02
  -8.1745560e-03   5.9329900e-04   3.6141500e+04   1.2000000e-02
  -6.0635630e-03   6.1675500e-04   3.6144400e+04   1.2000000e-02
  -4.1627760e-03   6.9409600e-04   3.6147400e+04   1.2000000e-02
  -2.0702350e-03   1.0653790e-03   3.6150400e+04   1.2000000e-02
  -1.6772100e-04   2.3366190e-03   3.6153400e+04   1.2000000e-02
   1.7471720e-03   5.2019080e-03   3.6159300e+04   1.2000000e-02
   3.8384010e-03   1.0662496e-02   3.6162300e+04   1.2000000e-02
   5.7474740e-03   1.9632278e-02   3.6165300e+04   1.2000000e-02
   7.6604020e-03   3.1754329e-02   3.6168300e+04   1.2000000e-02
   9.7511400e-03   5.3466286e-02   3.6174200e+04   1.2000000e-02
   1.1654472e-02   7.4613654e-02   3.6177200e+04   1.2000000e-02
   1.3739142e-02   1.0190711e-01   3.6180200e+04   1.2000000e-02
   1.5657646e-02   1.2633130e-01   3.6183200e+04   1.2000000e-02
   1.7569836e-02   1.5119643e-01   3.6186200e+04   1.2000000e-02
   1.9655161e-02   1.7928191e-01   3.6189100e+04   1.2000000e-02
   2.1582853e-02   2.0256189e-01   3.6192100e+04   1.2000000e-02
   2.3650545e-02   2.2786800e-01   3.6195100e+04   1.2000000e-02
   2.5566919e-02   2.4972754e-01   3.6195100e+04   1.2000000e-02
   2.7486902e-02   2.7009701e-01   3.6201100e+04   1.2000000e-02
   2.9558039e-02   2.9125087e-01   3.6204000e+04   1.2000000e-02
   3.1478512e-02   3.0969258e-01   3.6207000e+04   1.2000000e-02
   3.3570481e-02   3.2905063e-01   3.6210000e+04   1.2000000e-02
   3.5483162e-02   3.4622518e-01   3.6210000e+04   1.2000000e-02
   3.7393713e-02   3.6301450e-01   3.6216000e+04   1.2000000e-02
   3.9475513e-02   3.8095786e-01   3.6218900e+04   1.2000000e-02
   4.1398775e-02   3.9677921e-01   3.6221900e+04   1.2000000e-02
   4.3477295e-02   4.1270710e-01   3.6221900e+04   1.2000000e-02
   4.5378413e-02   4.2808420e-01   3.6224900e+04   1.2000000e-02
   4.7300283e-02   4.4278675e-01   3.6230900e+04   1.2000000e-02
   4.9392416e-02   4.5992358e-01   3.6233800e+04   1.2000000e-02
   5.1283444e-02   4.7529251e-01   3.6236800e+04   1.2000000e-02
   5.3375331e-02   4.9090401e-01   3.6239800e+04   1.2000000e-02
   5.5305076e-02   5.0642045e-01   3.6242800e+04   1.2000000e-02
   5.7199634e-02   5.2085988e-01   3.6245800e+04   1.2000000e-02
   5.9289470e-02   5.3677303e-01   3.6248800e+04   1.2000000e-02
   6.1206008e-02   5.5170099e-01   3.6251700e+04   1.2000000e-02
   6.3301995e-02   5.6703220e-01   3.6254700e+04   1.2000000e-02
   6.5208363e-02   5.8019711e-01   3.6257700e+04   1.2000000e-02
   6.7134662e-02   5.9454393e-01   3.6260700e+04   1.2000000e-02
   6.9220151e-02   6.0895633e-01   3.6263700e+04   1.2000000e-02
   7.1135458e-02   6.2249990e-01   3.6263700e+04   1.2000000e-02
   7.3222833e-02   6.3793765e-01   3.6266600e+04   1.2000000e-02
   7.5132811e-02   6.5106733e-01   3.6269600e+04   1.2000000e-02
   7.7047133e-02   6.6511090e-01   3.6272600e+04   1.2000000e-02
   7.9121469e-02   6.8021505e-01   3.6272600e+04   1.2000000e-02
   8.1038089e-02   6.9429222e-01   3.6275600e+04   1.2000000e-02
   8.3119806e-02   7.0940540e-01   3.6275600e+04   1.2000000e-02
   8.5033720e-02   7.2377436e-01   3.6278600e+04   1.2000000e-02
   8.6950173e-02   7.3675239e-01   3.6281500e+04   1.2000000e-02
   8.9020489e-02   7.5128446e-01   3.6281500e+04   1.2000000e-02
   9.0927347e-02   7.6485180e-01   3.6284500e+04   1.2000000e-02
   9.3007422e-02   7.7913553e-01   3.6287500e+04   1.2000000e-02
   9.4919369e-02   7.9167833e-01   3.6290500e+04   1.2000000e-02
   9.6842958e-02   8.0512767e-01   3.6290500e+04   1.2000000e-02
   9.8930251e-02   8.1915075e-01   3.6293500e+04   1.2000000e-02
   1.0084815e-01   8.3310413e-01   3.6296400e+04   1.2000000e-02
   1.0292591e-01   8.4739520e-01   3.6299400e+04   1.2000000e-02
   1.0483237e-01   8.6097487e-01   3.6299400e+04   1.2000000e-02
   1.0675360e-01   8.7349635e-01   3.6302400e+04   1.2000000e-02
   1.0883956e-01   8.8753418e-01   3.6302400e+04   1.2000000e-02
   1.1075339e-01   9.0076629e-01   3.6305400e+04   1.2000000e-02
   1.1281968e-01   9.1499836e-01   3.6308400e+04   1.2000000e-02
   1.1473023e-01   9.2894929e-01   3.6308400e+04   1.2000000e-02
   1.1663505e-01   9.4227894e-01   3.6311300e+04   1.2000000e-02
   1.1870708e-01   9.5644219e-01   3.6314300e+04   1.2000000e-02
   1.2062583e-01   9.6955299e-01   3.6314300e+04   1.2000000e-02
   1.2271343e-01   9.8335475e-01   3.6314300e+04   1.2000000e-02
   1.2462890e-01   9.9601230e-01   3.6317300e+04   1.2000000e-02
   1.2654277e-01   1.0101309e+00   3.6317300e+04   1.2000000e-02
   1.2861807e-01   1.0237061e+00   3.6317300e+04   1.2000000e-02
   1.3053600e-01   1.0356480e+00   3.6317300e+04   1.2000000e-02
   1.3262360e-01   1.0508977e+00   3.6320300e+04   1.2000000e-02
   1.3452842e-01   1.0627247e+00   3.6320300e+04   1.2000000e-02
   1.3644145e-01   1.0769729e+00   3.6320300e+04   1.2000000e-02
   1.3853151e-01   1.0898997e+00   3.6320300e+04   1.2000000e-02
   1.4042977e-01   1.1033847e+00   3.6320300e+04   1.2000000e-02
   1.4251901e-01   1.1182895e+00   3.6323300e+04   1.2000000e-02
   1.4444104e-01   1.1301001e+00   3.6323300e+04   1.2000000e-02
   1.4634914e-01   1.1441267e+00   3.6323300e+04   1.2000000e-02
   1.4843756e-01   1.1568565e+00   3.6326200e+04   1.2000000e-02
   1.5034894e-01   1.1700788e+00   3.6329200e+04   1.2000000e-02
   1.5245375e-01   1.1844173e+00   3.6329200e+04   1.2000000e-02
   1.5435939e-01   1.1966137e+00   3.6332200e+04   1.2000000e-02
   1.5625027e-01   1.2098524e+00   3.6332200e+04   1.2000000e-02
   1.5833215e-01   1.2232880e+00   3.6332200e+04   1.2000000e-02
   1.6024926e-01   1.2357963e+00   3.6335200e+04   1.2000000e-02
   1.6233686e-01   1.2508652e+00   3.6335200e+04   1.2000000e-02
   1.6424086e-01   1.2627582e+00   3.6338200e+04   1.2000000e-02
   1.6617191e-01   1.2758574e+00   3.6341100e+04   1.2000000e-02
   1.6824968e-01   1.2904175e+00   3.6341100e+04   1.2000000e-02
   1.7014876e-01   1.3028847e+00   3.6344100e+04   1.2000000e-02
   1.7207489e-01   1.3164188e+00   3.6344100e+04   1.2000000e-02
   1.7416003e-01   1.3294523e+00   3.6347100e+04   1.2000000e-02
   1.7607796e-01   1.3428880e+00   3.6347100e+04   1.2000000e-02
   1.7814671e-01   1.3564386e+00   3.6350100e+04   1.2000000e-02
   1.8005974e-01   1.3681673e+00   3.6350100e+04   1.2000000e-02
   1.8196784e-01   1.3823663e+00   3.6353100e+04   1.2000000e-02
   1.8405298e-01   1.3953013e+00   3.6356000e+04   1.2000000e-02
   1.8596681e-01   1.4086549e+00   3.6356000e+04   1.2000000e-02
   1.8805195e-01   1.4226897e+00   3.6356000e+04   1.2000000e-02
   1.8997153e-01   1.4347712e+00   3.6359000e+04   1.2000000e-02
   1.9188209e-01   1.4487568e+00   3.6359000e+04   1.2000000e-02
   1.9396887e-01   1.4616261e+00   3.6359000e+04   1.2000000e-02
   1.9586221e-01   1.4745530e+00   3.6362000e+04   1.2000000e-02
   1.9796292e-01   1.4888341e+00   3.6362000e+04   1.2000000e-02
   1.9988416e-01   1.5006939e+00   3.6365000e+04   1.2000000e-02
   2.0177505e-01   1.5146713e+00   3.6365000e+04   1.2000000e-02
   2.0385773e-01   1.5272206e+00   3.6365000e+04   1.2000000e-02
   2.0577074e-01   1.5408778e+00   3.6365000e+04   1.2000000e-02
   2.0785916e-01   1.5546172e+00   3.6368000e+04   1.2000000e-02
   2.0976317e-01   1.5669449e+00   3.6370900e+04   1.2000000e-02
   2.1167782e-01   1.5805039e+00   3.6370900e+04   1.2000000e-02
   2.1377444e-01   1.5934225e+00   3.6370900e+04   1.2000000e-02
   2.1568253e-01   1.6067104e+00   3.6373900e+04   1.2000000e-02
   2.1776685e-01   1.6198506e+00   3.6373900e+04   1.2000000e-02
   2.1967577e-01   1.6323506e+00   3.6373900e+04   1.2000000e-02
   2.2159045e-01   1.6459012e+00   3.6376900e+04   1.2000000e-02
   2.2366740e-01   1.6582453e+00   3.6376900e+04   1.2000000e-02
   2.2558041e-01   1.6710080e+00   3.6379900e+04   1.2000000e-02
   2.2767129e-01   1.6853794e+00   3.6379900e+04   1.2000000e-02
   2.2958512e-01   1.6972721e+00   3.6379900e+04   1.2000000e-02
   2.3149159e-01   1.7108062e+00   3.6382900e+04   1.2000000e-02
   2.3358328e-01   1.7253335e+00   3.6385800e+04   1.2000000e-02
   2.3548728e-01   1.7367091e+00   3.6388800e+04   1.2000000e-02
   2.3757570e-01   1.7516221e+00   3.6388800e+04   1.2000000e-02
   2.3949445e-01   1.7639580e+00   3.6391800e+04   1.2000000e-02
   2.4140912e-01   1.7772377e+00   3.6394800e+04   1.2000000e-02
   2.4349180e-01   1.7913959e+00   3.6397800e+04   1.2000000e-02
   2.4538924e-01   1.8039780e+00   3.6397800e+04   1.2000000e-02
   2.4745962e-01   1.8171920e+00   3.6400700e+04   1.2000000e-02
   2.4936608e-01   1.8307344e+00   3.6400700e+04   1.2000000e-02
   2.5128565e-01   1.8429143e+00   3.6403700e+04   1.2000000e-02
   2.5336672e-01   1.8565880e+00   3.6403700e+04   1.2000000e-02
   2.5528958e-01   1.8692686e+00   3.6403700e+04   1.2000000e-02
   2.5736078e-01   1.8838041e+00   3.6406700e+04   1.2000000e-02
   2.5927052e-01   1.8955245e+00   3.6406700e+04   1.2000000e-02
   2.6117452e-01   1.9090587e+00   3.6406700e+04   1.2000000e-02
   2.6326540e-01   1.9231510e+00   3.6409700e+04   1.2000000e-02
   2.6517596e-01   1.9352160e+00   3.6412700e+04   1.2000000e-02
   2.6725946e-01   1.9495627e+00   3.6412700e+04   1.2000000e-02
   2.6917411e-01   1.9616606e+00   3.6412700e+04   1.2000000e-02
   2.7107483e-01   1.9734547e+00   3.6415600e+04   1.2000000e-02
   2.7316656e-01   1.9877768e+00   3.6415600e+04   1.2000000e-02
   2.7507138e-01   1.9999899e+00   3.6418600e+04   1.2000000e-02
   2.7715979e-01   2.0130234e+00   3.6418600e+04   1.2000000e-02
   2.7907936e-01   2.0267545e+00   3.6421600e+04   1.2000000e-02
   2.8098746e-01   2.0383764e+00   3.6421600e+04   1.2000000e-02
   2.8308653e-01   2.0535356e+00   3.6424600e+04   1.2000000e-02
   2.8498317e-01   2.0652970e+00   3.6427600e+04   1.2000000e-02
   2.8708470e-01   2.0791184e+00   3.6427600e+04   1.2000000e-02
   2.8898132e-01   2.0922094e+00   3.6430500e+04   1.2000000e-02
   2.9088860e-01   2.1037820e+00   3.6433500e+04   1.2000000e-02
   2.9297128e-01   2.1183996e+00   3.6433500e+04   1.2000000e-02
   2.9488432e-01   2.1308257e+00   3.6436500e+04   1.2000000e-02
