  -1.2080777e-01  -2.7917830e-01   3.7583900e+04   1.2000000e-02
  -1.2046270e-01  -2.7715218e-01   3.7583900e+04   1.2000000e-02
  -1.1992585e-01  -2.7352531e-01   3.7583900e+04   1.2000000e-02
  -1.1941030e-01  -2.7017138e-01   3.7583900e+04   1.2000000e-02
  -1.1889393e-01  -2.6618880e-01   3.7583900e+04   1.2000000e-02
  -1.1837265e-01  -2.6252260e-01   3.7583900e+04   1.2000000e-02
  -1.1784481e-01  -2.5865969e-01   3.7583900e+04   1.2000000e-02
  -1.1731696e-01  -2.5490087e-01   3.7583900e+04   1.2000000e-02
  -1.1697764e-01  -2.5235346e-01   3.7583900e+04   1.2000000e-02
  -1.1645717e-01  -2.4882823e-01   3.7583900e+04   1.2000000e-02
  -1.1593753e-01  -2.4483417e-01   3.7583900e+04   1.2000000e-02
  -1.1540723e-01  -2.4128517e-01   3.7583900e+04   1.2000000e-02
  -1.1488348e-01  -2.3769685e-01   3.7583900e+04   1.2000000e-02
  -1.1435728e-01  -2.3368640e-01   3.7583900e+04   1.2000000e-02
  -1.1383682e-01  -2.2975956e-01   3.7583900e+04   1.2000000e-02
  -1.1349339e-01  -2.2755066e-01   3.7583900e+04   1.2000000e-02
  -1.1297211e-01  -2.2290910e-01   3.7583900e+04   1.2000000e-02
  -1.1245246e-01  -2.1892978e-01   3.7583900e+04   1.2000000e-02
  -1.1192052e-01  -2.1485704e-01   3.7583900e+04   1.2000000e-02
  -1.1141809e-01  -2.1109985e-01   3.7583900e+04   1.2000000e-02
  -1.1089845e-01  -2.0707548e-01   3.7583900e+04   1.2000000e-02
  -1.1056650e-01  -2.0423956e-01   3.7583900e+04   1.2000000e-02
  -1.1003538e-01  -1.9960866e-01   3.7583900e+04   1.2000000e-02
  -1.0952147e-01  -1.9574408e-01   3.7583900e+04   1.2000000e-02
  -1.0900428e-01  -1.9152709e-01   3.7583900e+04   1.2000000e-02
  -1.0848218e-01  -1.8751501e-01   3.7580900e+04   1.2000000e-02
  -1.0796171e-01  -1.8298246e-01   3.7580900e+04   1.2000000e-02
  -1.0744043e-01  -1.7930232e-01   3.7580900e+04   1.2000000e-02
  -1.0709372e-01  -1.7649589e-01   3.7580900e+04   1.2000000e-02
  -1.0656834e-01  -1.7141255e-01   3.7580900e+04   1.2000000e-02
  -1.0605443e-01  -1.6684968e-01   3.7577900e+04   1.2000000e-02
  -1.0552577e-01  -1.6193272e-01   3.7577900e+04   1.2000000e-02
  -1.0501514e-01  -1.5715920e-01   3.7577900e+04   1.2000000e-02
  -1.0448566e-01  -1.5160455e-01   3.7577900e+04   1.2000000e-02
  -1.0396764e-01  -1.4694168e-01   3.7577900e+04   1.2000000e-02
  -1.0362339e-01  -1.4299517e-01   3.7577900e+04   1.2000000e-02
  -1.0309145e-01  -1.3797822e-01   3.7580900e+04   1.2000000e-02
  -1.0257345e-01  -1.3195146e-01   3.7580900e+04   1.2000000e-02
  -1.0205626e-01  -1.2620504e-01   3.7580900e+04   1.2000000e-02
  -1.0152760e-01  -1.1970700e-01   3.7580900e+04   1.2000000e-02
  -1.0101041e-01  -1.1304014e-01   3.7580900e+04   1.2000000e-02
  -1.0066125e-01  -1.0825924e-01   3.7580900e+04   1.2000000e-02
  -1.0014079e-01  -1.0163989e-01   3.7580900e+04   1.2000000e-02
  -9.9613593e-02  -9.4397365e-02   3.7580900e+04   1.2000000e-02
  -9.9088211e-02  -8.7545101e-02   3.7580900e+04   1.2000000e-02
  -9.8563067e-02  -8.0269634e-02   3.7580900e+04   1.2000000e-02
  -9.8049574e-02  -7.3446637e-02   3.7580900e+04   1.2000000e-02
  -9.7519509e-02  -6.6247188e-02   3.7580900e+04   1.2000000e-02
  -9.7173902e-02  -6.0866095e-02   3.7580900e+04   1.2000000e-02
  -9.6654909e-02  -5.3546075e-02   3.7580900e+04   1.2000000e-02
  -9.6123045e-02  -4.4288363e-02   3.7580900e+04   1.2000000e-02
  -9.5608152e-02  -3.7550564e-02   3.7580900e+04   1.2000000e-02
  -9.5074074e-02  -3.0665381e-02   3.7583900e+04   1.2000000e-02
  -9.4552784e-02  -2.4828022e-02   3.7583900e+04   1.2000000e-02
  -9.4033549e-02  -1.9483082e-02   3.7583900e+04   1.2000000e-02
  -9.3695400e-02  -1.6225434e-02   3.7583900e+04   1.2000000e-02
  -9.3170015e-02  -1.1905847e-02   3.7583900e+04   1.2000000e-02
  -9.2645691e-02  -8.9538680e-03   3.7586900e+04   1.2000000e-02
  -9.2124078e-02  -6.3729260e-03   3.7586900e+04   1.2000000e-02
  -9.1604183e-02  -4.2928520e-03   3.7586900e+04   1.2000000e-02
  -9.1087493e-02  -2.8992460e-03   3.7586900e+04   1.2000000e-02
  -9.0750082e-02  -1.9954350e-03   3.7586900e+04   1.2000000e-02
  -9.0224528e-02  -1.1538760e-03   3.7586900e+04   1.2000000e-02
  -8.9691597e-02  -5.8124300e-04   3.7586900e+04   1.2000000e-02
  -8.9182774e-02  -1.7854700e-04   3.7586900e+04   1.2000000e-02
  -8.8674859e-02   7.1189000e-05   3.7589900e+04   1.2000000e-02
  -8.8156932e-02   2.3497400e-04   3.7589900e+04   1.2000000e-02
  -8.7636876e-02   3.2953800e-04   3.7589900e+04   1.2000000e-02
  -8.7278223e-02   3.8276600e-04   3.7592800e+04   1.2000000e-02
  -8.6762680e-02   4.3509100e-04   3.7595800e+04   1.2000000e-02
  -8.6240734e-02   4.5370900e-04   3.7595800e+04   1.2000000e-02
  -8.5714857e-02   4.8011800e-04   3.7595800e+04   1.2000000e-02
  -8.5199719e-02   4.8233200e-04   3.7595800e+04   1.2000000e-02
  -8.4678596e-02   4.9053400e-04   3.7595800e+04   1.2000000e-02
  -8.4331753e-02   4.9061600e-04   3.7595800e+04   1.2000000e-02
  -8.3791113e-02   4.9627500e-04   3.7595800e+04   1.2000000e-02
  -8.3283603e-02   5.0291800e-04   3.7595800e+04   1.2000000e-02
  -8.2766173e-02   5.0119600e-04   3.7595800e+04   1.2000000e-02
  -8.2256038e-02   4.9930900e-04   3.7598800e+04   1.2000000e-02
  -8.1721875e-02   5.0193400e-04   3.7598800e+04   1.2000000e-02
  -8.1194434e-02   5.0324600e-04   3.7598800e+04   1.2000000e-02
  -8.0848248e-02   5.0103200e-04   3.7601800e+04   1.2000000e-02
  -8.0325159e-02   5.0808500e-04   3.7601800e+04   1.2000000e-02
  -7.9803049e-02   5.0242600e-04   3.7601800e+04   1.2000000e-02
  -7.9280041e-02   5.0324600e-04   3.7601800e+04   1.2000000e-02
  -7.8741364e-02   5.0168800e-04   3.7601800e+04   1.2000000e-02
  -7.8234432e-02   5.0521400e-04   3.7601800e+04   1.2000000e-02
  -7.7709452e-02   5.0669100e-04   3.7601800e+04   1.2000000e-02
  -7.7370404e-02   5.0865900e-04   3.7601800e+04   1.2000000e-02
  -7.6849278e-02   5.0464000e-04   3.7601800e+04   1.2000000e-02
  -7.6318067e-02   5.0349200e-04   3.7601800e+04   1.2000000e-02
  -7.5797926e-02   5.0677300e-04   3.7601800e+04   1.2000000e-02
  -7.5279758e-02   5.0390200e-04   3.7604800e+04   1.2000000e-02
  -7.4753958e-02   5.0742900e-04   3.7604800e+04   1.2000000e-02
  -7.4406377e-02   5.0783900e-04   3.7604800e+04   1.2000000e-02
  -7.3889355e-02   5.0767500e-04   3.7607700e+04   1.2000000e-02
  -7.3371018e-02   5.0365600e-04   3.7607700e+04   1.2000000e-02
  -7.2837511e-02   5.0980700e-04   3.7607700e+04   1.2000000e-02
  -7.2318026e-02   5.0611700e-04   3.7607700e+04   1.2000000e-02
  -7.1805353e-02   5.0710100e-04   3.7607700e+04   1.2000000e-02
  -7.1291445e-02   5.0595300e-04   3.7607700e+04   1.2000000e-02
  -7.0958465e-02   5.0833100e-04   3.7604800e+04   1.2000000e-02
  -7.0420936e-02   5.1046300e-04   3.7604800e+04   1.2000000e-02
  -6.9899896e-02   5.0783900e-04   3.7601800e+04   1.2000000e-02
  -6.9384922e-02   5.0537800e-04   3.7601800e+04   1.2000000e-02
  -6.8857485e-02   5.0775700e-04   3.7598800e+04   1.2000000e-02
  -6.8337262e-02   5.0759300e-04   3.7598800e+04   1.2000000e-02
  -6.7815975e-02   5.0742900e-04   3.7595800e+04   1.2000000e-02
  -6.7467410e-02   5.0611700e-04   3.7595800e+04   1.2000000e-02
  -6.6936855e-02   5.0455800e-04   3.7595800e+04   1.2000000e-02
  -6.6430329e-02   5.0997100e-04   3.7595800e+04   1.2000000e-02
  -6.5899692e-02   5.0857700e-04   3.7595800e+04   1.2000000e-02
  -6.5384144e-02   5.0767500e-04   3.7595800e+04   1.2000000e-02
  -6.4871304e-02   5.0693700e-04   3.7595800e+04   1.2000000e-02
  -6.4510027e-02   5.0587100e-04   3.7595800e+04   1.2000000e-02
  -6.3995217e-02   5.0562400e-04   3.7595800e+04   1.2000000e-02
  -6.3478604e-02   5.0775700e-04   3.7595800e+04   1.2000000e-02
  -6.2949523e-02   5.0808500e-04   3.7595800e+04   1.2000000e-02
  -6.2418804e-02   5.0603500e-04   3.7595800e+04   1.2000000e-02
  -6.1900631e-02   5.1169400e-04   3.7595800e+04   1.2000000e-02
  -6.1385170e-02   5.0767500e-04   3.7595800e+04   1.2000000e-02
  -6.1032504e-02   5.1054500e-04   3.7595800e+04   1.2000000e-02
  -6.0519090e-02   5.0792100e-04   3.7595800e+04   1.2000000e-02
  -5.9988697e-02   5.0939700e-04   3.7595800e+04   1.2000000e-02
  -5.9473069e-02   5.0890500e-04   3.7598800e+04   1.2000000e-02
  -5.8943496e-02   5.0505000e-04   3.7598800e+04   1.2000000e-02
  -5.8429836e-02   5.1103700e-04   3.7598800e+04   1.2000000e-02
  -5.7901001e-02   5.0792100e-04   3.7598800e+04   1.2000000e-02
  -5.7549157e-02   5.0808500e-04   3.7598800e+04   1.2000000e-02
  -5.7040498e-02   5.0570600e-04   3.7598800e+04   1.2000000e-02
  -5.6514864e-02   5.0865900e-04   3.7598800e+04   1.2000000e-02
  -5.5980862e-02   5.1046300e-04   3.7598800e+04   1.2000000e-02
  -5.5462035e-02   5.0398400e-04   3.7598800e+04   1.2000000e-02
  -5.4951326e-02   5.0874100e-04   3.7598800e+04   1.2000000e-02
  -5.4602515e-02   5.0603500e-04   3.7598800e+04   1.2000000e-02
  -5.4079421e-02   5.1185800e-04   3.7598800e+04   1.2000000e-02
  -5.3561740e-02   5.0890500e-04   3.7601800e+04   1.2000000e-02
  -5.3022737e-02   5.1005300e-04   3.7601800e+04   1.2000000e-02
  -5.2506861e-02   5.0988900e-04   3.7601800e+04   1.2000000e-02
  -5.1985902e-02   5.0677300e-04   3.7601800e+04   1.2000000e-02
  -5.1470435e-02   5.0767500e-04   3.7601800e+04   1.2000000e-02
  -5.1133846e-02   5.0824900e-04   3.7601800e+04   1.2000000e-02
  -5.0599435e-02   5.1120200e-04   3.7601800e+04   1.2000000e-02
  -5.0097748e-02   5.1669700e-04   3.7601800e+04   1.2000000e-02
  -4.9571209e-02   5.1062700e-04   3.7601800e+04   1.2000000e-02
  -4.9042787e-02   5.1243200e-04   3.7601800e+04   1.2000000e-02
  -4.8516822e-02   5.1185800e-04   3.7601800e+04   1.2000000e-02
  -4.8006197e-02   5.0939700e-04   3.7604800e+04   1.2000000e-02
  -4.7658206e-02   5.0833100e-04   3.7604800e+04   1.2000000e-02
  -4.7135604e-02   5.1333400e-04   3.7604800e+04   1.2000000e-02
  -4.6607756e-02   5.0611700e-04   3.7604800e+04   1.2000000e-02
  -4.6084088e-02   5.1103700e-04   3.7607700e+04   1.2000000e-02
  -4.5558615e-02   5.0611700e-04   3.7607700e+04   1.2000000e-02
  -4.5038720e-02   5.0701900e-04   3.7610700e+04   1.2000000e-02
  -4.4689172e-02   5.1021700e-04   3.7610700e+04   1.2000000e-02
  -4.4187813e-02   5.1177600e-04   3.7610700e+04   1.2000000e-02
  -4.3666114e-02   5.0956100e-04   3.7613700e+04   1.2000000e-02
  -4.3146137e-02   5.1677900e-04   3.7613700e+04   1.2000000e-02
  -4.2623127e-02   5.1382600e-04   3.7613700e+04   1.2000000e-02
  -4.2098393e-02   5.1235000e-04   3.7616700e+04   1.2000000e-02
  -4.1583008e-02   5.1267800e-04   3.7616700e+04   1.2000000e-02
  -4.1228538e-02   5.1153000e-04   3.7616700e+04   1.2000000e-02
  -4.0714878e-02   5.1554800e-04   3.7616700e+04   1.2000000e-02
  -4.0193916e-02   5.1259600e-04   3.7616700e+04   1.2000000e-02
  -3.9661638e-02   5.1563000e-04   3.7616700e+04   1.2000000e-02
  -3.9141825e-02   5.1636800e-04   3.7616700e+04   1.2000000e-02
  -3.8624636e-02   5.1505600e-04   3.7616700e+04   1.2000000e-02
  -3.8279516e-02   5.1374400e-04   3.7616700e+04   1.2000000e-02
  -3.7756176e-02   5.1456400e-04   3.7619700e+04   1.2000000e-02
  -3.7238414e-02   5.1374400e-04   3.7619700e+04   1.2000000e-02
  -3.6723932e-02   5.1997700e-04   3.7619700e+04   1.2000000e-02
  -3.6201167e-02   5.0726500e-04   3.7622600e+04   1.2000000e-02
  -3.5674957e-02   5.1456400e-04   3.7622600e+04   1.2000000e-02
  -3.5152272e-02   5.1702500e-04   3.7622600e+04   1.2000000e-02
  -3.4810104e-02   5.1251400e-04   3.7622600e+04   1.2000000e-02
  -3.4281025e-02   5.1686100e-04   3.7622600e+04   1.2000000e-02
  -3.3759490e-02   5.1235000e-04   3.7622600e+04   1.2000000e-02
  -3.3241318e-02   5.1513800e-04   3.7622600e+04   1.2000000e-02
  -3.2729789e-02   5.1784500e-04   3.7622600e+04   1.2000000e-02
  -3.2201117e-02   5.1825500e-04   3.7622600e+04   1.2000000e-02
  -3.1673758e-02   5.1226800e-04   3.7622600e+04   1.2000000e-02
  -3.1333314e-02   5.1538400e-04   3.7622600e+04   1.2000000e-02
  -3.0797918e-02   5.1103700e-04   3.7622600e+04   1.2000000e-02
  -3.0270888e-02   5.1817300e-04   3.7622600e+04   1.2000000e-02
  -2.9744186e-02   5.1645000e-04   3.7622600e+04   1.2000000e-02
  -2.9227488e-02   5.1194000e-04   3.7622600e+04   1.2000000e-02
  -2.8697751e-02   5.1874700e-04   3.7622600e+04   1.2000000e-02
  -2.8356567e-02   5.1407200e-04   3.7622600e+04   1.2000000e-02
  -2.7843399e-02   5.1653300e-04   3.7622600e+04   1.2000000e-02
  -2.7326210e-02   5.1776300e-04   3.7622600e+04   1.2000000e-02
  -2.6791879e-02   5.1538400e-04   3.7625600e+04   1.2000000e-02
  -2.6275183e-02   5.1440000e-04   3.7625600e+04   1.2000000e-02
  -2.5750285e-02   5.1907500e-04   3.7625600e+04   1.2000000e-02
  -2.5226864e-02   5.1735300e-04   3.7625600e+04   1.2000000e-02
  -2.4879692e-02   5.1735300e-04   3.7625600e+04   1.2000000e-02
  -2.4365292e-02   5.2145300e-04   3.7628600e+04   1.2000000e-02
  -2.3834900e-02   5.1710700e-04   3.7628600e+04   1.2000000e-02
  -2.3315825e-02   5.1456400e-04   3.7628600e+04   1.2000000e-02
  -2.2782644e-02   5.2202800e-04   3.7628600e+04   1.2000000e-02
  -2.2281202e-02   5.1940300e-04   3.7628600e+04   1.2000000e-02
  -2.1760567e-02   5.1333400e-04   3.7628600e+04   1.2000000e-02
  -2.1413232e-02   5.1776300e-04   3.7628600e+04   1.2000000e-02
  -2.0892600e-02   5.1850100e-04   3.7628600e+04   1.2000000e-02
  -2.0366471e-02   5.1448200e-04   3.7628600e+04   1.2000000e-02
  -1.9842474e-02   5.2087900e-04   3.7628600e+04   1.2000000e-02
  -1.9334061e-02   5.1604000e-04   3.7628600e+04   1.2000000e-02
  -1.8816708e-02   5.1784500e-04   3.7631600e+04   1.2000000e-02
  -1.8454201e-02   5.2079700e-04   3.7631600e+04   1.2000000e-02
  -1.7924546e-02   5.2137100e-04   3.7631600e+04   1.2000000e-02
  -1.7420806e-02   5.1964900e-04   3.7631600e+04   1.2000000e-02
  -1.6889101e-02   5.1390800e-04   3.7631600e+04   1.2000000e-02
  -1.6371011e-02   5.2169900e-04   3.7631600e+04   1.2000000e-02
  -1.5851854e-02   5.2391400e-04   3.7631600e+04   1.2000000e-02
  -1.5339830e-02   5.1825500e-04   3.7631600e+04   1.2000000e-02
  -1.4987410e-02   5.1956700e-04   3.7628600e+04   1.2000000e-02
  -1.4467106e-02   5.1751700e-04   3.7628600e+04   1.2000000e-02
  -1.3950738e-02   5.1472800e-04   3.7628600e+04   1.2000000e-02
  -1.3416324e-02   5.1964900e-04   3.7625600e+04   1.2000000e-02
  -1.2900283e-02   5.1841900e-04   3.7625600e+04   1.2000000e-02
  -1.2382602e-02   5.1997700e-04   3.7625600e+04   1.2000000e-02
  -1.1854505e-02   5.2153500e-04   3.7625600e+04   1.2000000e-02
  -1.1499953e-02   5.1743500e-04   3.7625600e+04   1.2000000e-02
  -1.0978663e-02   5.1932100e-04   3.7625600e+04   1.2000000e-02
  -1.0470742e-02   5.2424200e-04   3.7625600e+04   1.2000000e-02
  -9.9417420e-03   5.1513800e-04   3.7625600e+04   1.2000000e-02
  -9.4198780e-03   5.1882900e-04   3.7625600e+04   1.2000000e-02
  -8.8990000e-03   5.1800900e-04   3.7625600e+04   1.2000000e-02
  -8.5544530e-03   5.1850100e-04   3.7625600e+04   1.2000000e-02
  -8.0331620e-03   5.2219200e-04   3.7625600e+04   1.2000000e-02
  -7.5171220e-03   5.2276600e-04   3.7625600e+04   1.2000000e-02
  -6.9955860e-03   5.2252000e-04   3.7625600e+04   1.2000000e-02
  -6.4788080e-03   5.2104300e-04   3.7622600e+04   1.2000000e-02
  -5.9489880e-03   5.1850100e-04   3.7622600e+04   1.2000000e-02
  -5.4325370e-03   5.2694800e-04   3.7619700e+04   1.2000000e-02
  -5.0848740e-03   5.2735900e-04   3.7619700e+04   1.2000000e-02
  -4.5638310e-03   5.2965500e-04   3.7619700e+04   1.2000000e-02
  -4.0363880e-03   5.3318200e-04   3.7616700e+04   1.2000000e-02
  -3.5108340e-03   5.3736400e-04   3.7616700e+04   1.2000000e-02
  -2.9909390e-03   5.4679600e-04   3.7616700e+04   1.2000000e-02
  -2.4639900e-03   5.7443500e-04   3.7616700e+04   1.2000000e-02
  -1.9537710e-03   6.0199200e-04   3.7616700e+04   1.2000000e-02
  -1.6061900e-03   6.3233800e-04   3.7619700e+04   1.2000000e-02
  -1.0706300e-03   6.8999500e-04   3.7619700e+04   1.2000000e-02
  -5.4909300e-04   7.7791500e-04   3.7622600e+04   1.2000000e-02
  -3.9777000e-05   9.6769900e-04   3.7622600e+04   1.2000000e-02
   4.9963700e-04   1.3202010e-03   3.7625600e+04   1.2000000e-02
   1.0201890e-03   1.6460480e-03   3.7625600e+04   1.2000000e-02
   1.3531710e-03   2.2136780e-03   3.7628600e+04   1.2000000e-02
   1.8827440e-03   3.1378260e-03   3.7628600e+04   1.2000000e-02
   2.4074800e-03   4.2994930e-03   3.7628600e+04   1.2000000e-02
   2.9254070e-03   6.0320670e-03   3.7631600e+04   1.2000000e-02
   3.4441540e-03   8.6432760e-03   3.7631600e+04   1.2000000e-02
   3.9646230e-03   1.1864185e-02   3.7631600e+04   1.2000000e-02
   4.4834540e-03   1.7021153e-02   3.7631600e+04   1.2000000e-02
   4.8422710e-03   1.9785811e-02   3.7634600e+04   1.2000000e-02
   5.3612640e-03   2.5024549e-02   3.7634600e+04   1.2000000e-02
   5.8869000e-03   3.2354435e-02   3.7637500e+04   1.2000000e-02
   6.3999090e-03   3.8632473e-02   3.7637500e+04   1.2000000e-02
   6.9209520e-03   4.6894879e-02   3.7637500e+04   1.2000000e-02
   7.4413390e-03   5.3901954e-02   3.7637500e+04   1.2000000e-02
   7.7917090e-03   5.8699942e-02   3.7637500e+04   1.2000000e-02
   8.3054530e-03   6.7269659e-02   3.7640500e+04   1.2000000e-02
   8.8365860e-03   7.3420410e-02   3.7640500e+04   1.2000000e-02
   9.3613200e-03   8.1606373e-02   3.7640500e+04   1.2000000e-02
   9.8756390e-03   8.9102832e-02   3.7640500e+04   1.2000000e-02
   1.0402260e-02   9.6662032e-02   3.7640500e+04   1.2000000e-02
   1.0928390e-02   1.0296771e-01   3.7643500e+04   1.2000000e-02
   1.1274413e-02   1.0720357e-01   3.7643500e+04   1.2000000e-02
   1.1783974e-02   1.1413108e-01   3.7643500e+04   1.2000000e-02
   1.2309364e-02   1.2058813e-01   3.7643500e+04   1.2000000e-02
   1.2835249e-02   1.2678128e-01   3.7640500e+04   1.2000000e-02
   1.3363182e-02   1.3307849e-01   3.7640500e+04   1.2000000e-02
   1.3885950e-02   1.3847987e-01   3.7640500e+04   1.2000000e-02
   1.4401006e-02   1.4318127e-01   3.7640500e+04   1.2000000e-02
   1.4753263e-02   1.4682125e-01   3.7637500e+04   1.2000000e-02
   1.5273568e-02   1.5247670e-01   3.7637500e+04   1.2000000e-02
   1.5807572e-02   1.5845427e-01   3.7637500e+04   1.2000000e-02
   1.6336735e-02   1.6351385e-01   3.7637500e+04   1.2000000e-02
   1.6856713e-02   1.6827673e-01   3.7637500e+04   1.2000000e-02
   1.7367504e-02   1.7347646e-01   3.7640500e+04   1.2000000e-02
   1.7721646e-02   1.7649187e-01   3.7640500e+04   1.2000000e-02
   1.8242856e-02   1.8108510e-01   3.7640500e+04   1.2000000e-02
   1.8764063e-02   1.8579387e-01   3.7640500e+04   1.2000000e-02
   1.9295113e-02   1.9099115e-01   3.7640500e+04   1.2000000e-02
   1.9815993e-02   1.9496308e-01   3.7640500e+04   1.2000000e-02
   2.0331954e-02   1.9926452e-01   3.7640500e+04   1.2000000e-02
   2.0851439e-02   2.0328399e-01   3.7637500e+04   1.2000000e-02
   2.1209191e-02   2.0516831e-01   3.7637500e+04   1.2000000e-02
   2.1734991e-02   2.0880993e-01   3.7637500e+04   1.2000000e-02
   2.2245622e-02   2.1307611e-01   3.7637500e+04   1.2000000e-02
   2.2766009e-02   2.1693493e-01   3.7637500e+04   1.2000000e-02
   2.3287627e-02   2.2039052e-01   3.7637500e+04   1.2000000e-02
   2.3805226e-02   2.2408213e-01   3.7637500e+04   1.2000000e-02
   2.4321267e-02   2.2804094e-01   3.7637500e+04   1.2000000e-02
   2.4678608e-02   2.3093342e-01   3.7637500e+04   1.2000000e-02
   2.5201377e-02   2.3483896e-01   3.7637500e+04   1.2000000e-02
   2.5720042e-02   2.3859368e-01   3.7637500e+04   1.2000000e-02
   2.6240922e-02   2.4159599e-01   3.7637500e+04   1.2000000e-02
   2.6758275e-02   2.4541465e-01   3.7637500e+04   1.2000000e-02
   2.7296708e-02   2.4943493e-01   3.7637500e+04   1.2000000e-02
   2.7634612e-02   2.5197663e-01   3.7640500e+04   1.2000000e-02
   2.8156721e-02   2.5566579e-01   3.7640500e+04   1.2000000e-02
   2.8671040e-02   2.5931642e-01   3.7640500e+04   1.2000000e-02
   2.9194052e-02   2.6306377e-01   3.7640500e+04   1.2000000e-02
   2.9715836e-02   2.6627754e-01   3.7640500e+04   1.2000000e-02
   3.0228268e-02   2.7068961e-01   3.7640500e+04   1.2000000e-02
   3.0748656e-02   2.7442715e-01   3.7637500e+04   1.2000000e-02
   3.1080080e-02   2.7674752e-01   3.7637500e+04   1.2000000e-02
   3.1607932e-02   2.8036864e-01   3.7640500e+04   1.2000000e-02
   3.2127171e-02   2.8382585e-01   3.7640500e+04   1.2000000e-02
   3.2658059e-02   2.8743878e-01   3.7640500e+04   1.2000000e-02
   3.3186894e-02   2.9071975e-01   3.7640500e+04   1.2000000e-02
   3.3685384e-02   2.9415157e-01   3.7640500e+04   1.2000000e-02
   3.4213071e-02   2.9697274e-01   3.7640500e+04   1.2000000e-02
   3.4554090e-02   2.9820218e-01   3.7640500e+04   1.2000000e-02
   3.5079483e-02   3.0170938e-01   3.7640500e+04   1.2000000e-02
   3.5606267e-02   3.0552558e-01   3.7643500e+04   1.2000000e-02
   3.6133465e-02   3.0896393e-01   3.7643500e+04   1.2000000e-02
   3.6657214e-02   3.1244981e-01   3.7643500e+04   1.2000000e-02
   3.7178177e-02   3.1562917e-01   3.7643500e+04   1.2000000e-02
   3.7518540e-02   3.1819871e-01   3.7643500e+04   1.2000000e-02
   3.8054347e-02   3.2136821e-01   3.7643500e+04   1.2000000e-02
   3.8578917e-02   3.2514920e-01   3.7646500e+04   1.2000000e-02
   3.9096192e-02   3.2821461e-01   3.7646500e+04   1.2000000e-02
   3.9606656e-02   3.3148575e-01   3.7646500e+04   1.2000000e-02
   4.0126880e-02   3.3491836e-01   3.7646500e+04   1.2000000e-02
   4.0651204e-02   3.3753299e-01   3.7646500e+04   1.2000000e-02
   4.0998049e-02   3.4006565e-01   3.7646500e+04   1.2000000e-02
   4.1529098e-02   3.4329499e-01   3.7646500e+04   1.2000000e-02
   4.2050554e-02   3.4595468e-01   3.7646500e+04   1.2000000e-02
   4.2572664e-02   3.4932502e-01   3.7643500e+04   1.2000000e-02
   4.3087312e-02   3.5277648e-01   3.7643500e+04   1.2000000e-02
   4.3622298e-02   3.5623614e-01   3.7643500e+04   1.2000000e-02
   4.3964630e-02   3.5844671e-01   3.7643500e+04   1.2000000e-02
   4.4481409e-02   3.6085478e-01   3.7640500e+04   1.2000000e-02
   4.4989822e-02   3.6422264e-01   3.7640500e+04   1.2000000e-02
   4.5519315e-02   3.6718889e-01   3.7640500e+04   1.2000000e-02
   4.6041507e-02   3.7045429e-01   3.7640500e+04   1.2000000e-02
   4.6552301e-02   3.7327546e-01   3.7640500e+04   1.2000000e-02
   4.7073345e-02   3.7652037e-01   3.7640500e+04   1.2000000e-02
   4.7420682e-02   3.7817521e-01   3.7640500e+04   1.2000000e-02
