  -1.2079465e-01  -2.8148638e-01   3.7461700e+04   1.2000000e-02
  -1.2045451e-01  -2.7900864e-01   3.7461700e+04   1.2000000e-02
  -1.1992093e-01  -2.7523670e-01   3.7458700e+04   1.2000000e-02
  -1.1940210e-01  -2.7144017e-01   3.7458700e+04   1.2000000e-02
  -1.1888000e-01  -2.6792396e-01   3.7455700e+04   1.2000000e-02
  -1.1835298e-01  -2.6458724e-01   3.7452800e+04   1.2000000e-02
  -1.1782677e-01  -2.6056779e-01   3.7449800e+04   1.2000000e-02
  -1.1730631e-01  -2.5693355e-01   3.7449800e+04   1.2000000e-02
  -1.1695305e-01  -2.5461072e-01   3.7446800e+04   1.2000000e-02
  -1.1645144e-01  -2.5059617e-01   3.7446800e+04   1.2000000e-02
  -1.1591458e-01  -2.4705209e-01   3.7446800e+04   1.2000000e-02
  -1.1539575e-01  -2.4379242e-01   3.7446800e+04   1.2000000e-02
  -1.1486135e-01  -2.3979346e-01   3.7446800e+04   1.2000000e-02
  -1.1433597e-01  -2.3592399e-01   3.7446800e+04   1.2000000e-02
  -1.1383108e-01  -2.3190124e-01   3.7446800e+04   1.2000000e-02
  -1.1347946e-01  -2.2926615e-01   3.7446800e+04   1.2000000e-02
  -1.1295408e-01  -2.2491309e-01   3.7449800e+04   1.2000000e-02
  -1.1244509e-01  -2.2302385e-01   3.7449800e+04   1.2000000e-02
  -1.1190659e-01  -2.1916419e-01   3.7449800e+04   1.2000000e-02
  -1.1141153e-01  -2.1564634e-01   3.7452800e+04   1.2000000e-02
  -1.1089926e-01  -2.1240143e-01   3.7455700e+04   1.2000000e-02
  -1.1055748e-01  -2.0872212e-01   3.7455700e+04   1.2000000e-02
  -1.1003701e-01  -2.0459774e-01   3.7455700e+04   1.2000000e-02
  -1.0950835e-01  -2.0064139e-01   3.7458700e+04   1.2000000e-02
  -1.0899527e-01  -1.9666125e-01   3.7458700e+04   1.2000000e-02
  -1.0846742e-01  -1.9188773e-01   3.7461700e+04   1.2000000e-02
  -1.0795434e-01  -1.8662899e-01   3.7461700e+04   1.2000000e-02
  -1.0742158e-01  -1.8234971e-01   3.7461700e+04   1.2000000e-02
  -1.0708963e-01  -1.7905807e-01   3.7461700e+04   1.2000000e-02
  -1.0656424e-01  -1.7510334e-01   3.7461700e+04   1.2000000e-02
  -1.0604378e-01  -1.7016261e-01   3.7461700e+04   1.2000000e-02
  -1.0552331e-01  -1.6618496e-01   3.7461700e+04   1.2000000e-02
  -1.0501432e-01  -1.6086065e-01   3.7461700e+04   1.2000000e-02
  -1.0448566e-01  -1.5556336e-01   3.7461700e+04   1.2000000e-02
  -1.0396354e-01  -1.4984071e-01   3.7461700e+04   1.2000000e-02
  -1.0361274e-01  -1.4675398e-01   3.7461700e+04   1.2000000e-02
  -1.0308654e-01  -1.4072644e-01   3.7461700e+04   1.2000000e-02
  -1.0256115e-01  -1.3493082e-01   3.7461700e+04   1.2000000e-02
  -1.0204643e-01  -1.2996304e-01   3.7461700e+04   1.2000000e-02
  -1.0153170e-01  -1.2393957e-01   3.7464700e+04   1.2000000e-02
  -1.0100468e-01  -1.1680060e-01   3.7464700e+04   1.2000000e-02
  -1.0065797e-01  -1.1176889e-01   3.7467700e+04   1.2000000e-02
  -1.0013751e-01  -1.0514219e-01   3.7467700e+04   1.2000000e-02
  -9.9617448e-02  -9.9474257e-02   3.7467700e+04   1.2000000e-02
  -9.9084602e-02  -9.2353552e-02   3.7467700e+04   1.2000000e-02
  -9.8577255e-02  -8.5697388e-02   3.7467700e+04   1.2000000e-02
  -9.8057529e-02  -7.6229491e-02   3.7467700e+04   1.2000000e-02
  -9.7528776e-02  -6.6903393e-02   3.7467700e+04   1.2000000e-02
  -9.7172262e-02  -5.9903319e-02   3.7467700e+04   1.2000000e-02
  -9.6658190e-02  -5.2334713e-02   3.7467700e+04   1.2000000e-02
  -9.6122799e-02  -4.5014445e-02   3.7470600e+04   1.2000000e-02
  -9.5594210e-02  -3.6717125e-02   3.7470600e+04   1.2000000e-02
  -9.5073336e-02  -3.0663330e-02   3.7473600e+04   1.2000000e-02
  -9.4560904e-02  -2.4232755e-02   3.7473600e+04   1.2000000e-02
  -9.4035436e-02  -1.8717142e-02   3.7476600e+04   1.2000000e-02
  -9.3689249e-02  -1.5041294e-02   3.7476600e+04   1.2000000e-02
  -9.3167308e-02  -1.1500937e-02   3.7479600e+04   1.2000000e-02
  -9.2642984e-02  -8.2975790e-03   3.7482600e+04   1.2000000e-02
  -9.2116123e-02  -5.9220870e-03   3.7485500e+04   1.2000000e-02
  -9.1591553e-02  -4.0740330e-03   3.7485500e+04   1.2000000e-02
  -9.1069367e-02  -2.7925440e-03   3.7485500e+04   1.2000000e-02
  -9.0717932e-02  -1.8718380e-03   3.7485500e+04   1.2000000e-02
  -9.0194510e-02  -1.1116380e-03   3.7485500e+04   1.2000000e-02
  -8.9678885e-02  -6.0715900e-04   3.7485500e+04   1.2000000e-02
  -8.9161942e-02  -2.5687200e-04   3.7485500e+04   1.2000000e-02
  -8.8653125e-02   4.2156000e-05   3.7485500e+04   1.2000000e-02
  -8.8134870e-02   1.9486800e-04   3.7485500e+04   1.2000000e-02
  -8.7610713e-02   2.9550100e-04   3.7488500e+04   1.2000000e-02
  -8.7264937e-02   3.4758100e-04   3.7488500e+04   1.2000000e-02
  -8.6734056e-02   4.0121900e-04   3.7488500e+04   1.2000000e-02
  -8.6223839e-02   4.3943800e-04   3.7488500e+04   1.2000000e-02
  -8.5703211e-02   4.6396100e-04   3.7488500e+04   1.2000000e-02
  -8.5173228e-02   4.8118400e-04   3.7488500e+04   1.2000000e-02
  -8.4653336e-02   4.9520900e-04   3.7488500e+04   1.2000000e-02
  -8.4314366e-02   4.9496200e-04   3.7488500e+04   1.2000000e-02
  -8.3793000e-02   4.9594700e-04   3.7488500e+04   1.2000000e-02
  -8.3278682e-02   5.0127800e-04   3.7488500e+04   1.2000000e-02
  -8.2766337e-02   5.0357400e-04   3.7488500e+04   1.2000000e-02
  -8.2241275e-02   5.0554200e-04   3.7491500e+04   1.2000000e-02
  -8.1721383e-02   5.0505000e-04   3.7491500e+04   1.2000000e-02
  -8.1193204e-02   5.0956100e-04   3.7491500e+04   1.2000000e-02
  -8.0846115e-02   5.0619900e-04   3.7491500e+04   1.2000000e-02
  -8.0320238e-02   5.0767500e-04   3.7494500e+04   1.2000000e-02
  -7.9805428e-02   5.0562400e-04   3.7494500e+04   1.2000000e-02
  -7.9290703e-02   5.1103700e-04   3.7494500e+04   1.2000000e-02
  -7.8757193e-02   5.0283600e-04   3.7494500e+04   1.2000000e-02
  -7.8231070e-02   5.0341000e-04   3.7494500e+04   1.2000000e-02
  -7.7714373e-02   5.0349200e-04   3.7494500e+04   1.2000000e-02
  -7.7362776e-02   5.0209800e-04   3.7494500e+04   1.2000000e-02
  -7.6837714e-02   5.0701900e-04   3.7494500e+04   1.2000000e-02
  -7.6321102e-02   5.1013500e-04   3.7497500e+04   1.2000000e-02
  -7.5797188e-02   5.0414800e-04   3.7497500e+04   1.2000000e-02
  -7.5267046e-02   5.1005300e-04   3.7497500e+04   1.2000000e-02
  -7.4755188e-02   5.0144200e-04   3.7500400e+04   1.2000000e-02
  -7.4400144e-02   5.1005300e-04   3.7500400e+04   1.2000000e-02
  -7.3879759e-02   5.0767500e-04   3.7500400e+04   1.2000000e-02
  -7.3363719e-02   5.0611700e-04   3.7500400e+04   1.2000000e-02
  -7.2830868e-02   5.0833100e-04   3.7500400e+04   1.2000000e-02
  -7.2332214e-02   5.1202200e-04   3.7500400e+04   1.2000000e-02
  -7.1804369e-02   5.0726500e-04   3.7500400e+04   1.2000000e-02
  -7.1281029e-02   5.0201600e-04   3.7503400e+04   1.2000000e-02
  -7.0943046e-02   5.0734700e-04   3.7503400e+04   1.2000000e-02
  -7.0411997e-02   5.0931500e-04   3.7503400e+04   1.2000000e-02
  -6.9878080e-02   5.0177000e-04   3.7503400e+04   1.2000000e-02
  -6.9362039e-02   5.0611700e-04   3.7503400e+04   1.2000000e-02
  -6.8848381e-02   5.0275400e-04   3.7503400e+04   1.2000000e-02
  -6.8311673e-02   5.1038100e-04   3.7503400e+04   1.2000000e-02
  -6.7798178e-02   5.0464000e-04   3.7503400e+04   1.2000000e-02
  -6.7448301e-02   5.0956100e-04   3.7503400e+04   1.2000000e-02
  -6.6934395e-02   5.0816700e-04   3.7500400e+04   1.2000000e-02
  -6.6414254e-02   5.1013500e-04   3.7500400e+04   1.2000000e-02
  -6.5889112e-02   5.0636300e-04   3.7500400e+04   1.2000000e-02
  -6.5378157e-02   5.0783900e-04   3.7500400e+04   1.2000000e-02
  -6.4847438e-02   5.0734700e-04   3.7500400e+04   1.2000000e-02
  -6.4501579e-02   5.0349200e-04   3.7500400e+04   1.2000000e-02
  -6.3986031e-02   5.1038100e-04   3.7500400e+04   1.2000000e-02
  -6.3458920e-02   5.0882300e-04   3.7500400e+04   1.2000000e-02
  -6.2938451e-02   5.0513200e-04   3.7500400e+04   1.2000000e-02
  -6.2424955e-02   5.0767500e-04   3.7500400e+04   1.2000000e-02
  -6.1896284e-02   5.0734700e-04   3.7500400e+04   1.2000000e-02
  -6.1365076e-02   5.0652700e-04   3.7503400e+04   1.2000000e-02
  -6.1030700e-02   5.1103700e-04   3.7503400e+04   1.2000000e-02
  -6.0502933e-02   5.0906900e-04   3.7503400e+04   1.2000000e-02
  -5.9978691e-02   5.0587100e-04   3.7503400e+04   1.2000000e-02
  -5.9467246e-02   5.1440000e-04   3.7503400e+04   1.2000000e-02
  -5.8929225e-02   5.0816700e-04   3.7506400e+04   1.2000000e-02
  -5.8418764e-02   5.0742900e-04   3.7503400e+04   1.2000000e-02
  -5.7894440e-02   5.0710100e-04   3.7503400e+04   1.2000000e-02
  -5.7541448e-02   5.0726500e-04   3.7503400e+04   1.2000000e-02
  -5.7028688e-02   5.1153000e-04   3.7503400e+04   1.2000000e-02
  -5.6504120e-02   5.0480400e-04   3.7503400e+04   1.2000000e-02
  -5.5975859e-02   5.0833100e-04   3.7503400e+04   1.2000000e-02
  -5.5457032e-02   5.0882300e-04   3.7503400e+04   1.2000000e-02
  -5.4939023e-02   5.1153000e-04   3.7503400e+04   1.2000000e-02
  -5.4588326e-02   5.0742900e-04   3.7503400e+04   1.2000000e-02
  -5.4076878e-02   5.1144800e-04   3.7506400e+04   1.2000000e-02
  -5.3560346e-02   5.0759300e-04   3.7506400e+04   1.2000000e-02
  -5.3023968e-02   5.1054500e-04   3.7506400e+04   1.2000000e-02
  -5.2506779e-02   5.0775700e-04   3.7506400e+04   1.2000000e-02
  -5.1992873e-02   5.1358000e-04   3.7509400e+04   1.2000000e-02
  -5.1480441e-02   5.0931500e-04   3.7509400e+04   1.2000000e-02
  -5.1131386e-02   5.1267800e-04   3.7509400e+04   1.2000000e-02
  -5.0595826e-02   5.0792100e-04   3.7509400e+04   1.2000000e-02
  -5.0096272e-02   5.1358000e-04   3.7509400e+04   1.2000000e-02
  -4.9572850e-02   5.0800300e-04   3.7512400e+04   1.2000000e-02
  -4.9051152e-02   5.1341600e-04   3.7512400e+04   1.2000000e-02
  -4.8524122e-02   5.0808500e-04   3.7512400e+04   1.2000000e-02
  -4.8011856e-02   5.0816700e-04   3.7512400e+04   1.2000000e-02
  -4.7653695e-02   5.0997100e-04   3.7512400e+04   1.2000000e-02
  -4.7138065e-02   5.1300600e-04   3.7512400e+04   1.2000000e-02
  -4.6613907e-02   5.1062700e-04   3.7512400e+04   1.2000000e-02
  -4.6098441e-02   5.1095500e-04   3.7512400e+04   1.2000000e-02
  -4.5568949e-02   5.1358000e-04   3.7512400e+04   1.2000000e-02
  -4.5042000e-02   5.1595800e-04   3.7512400e+04   1.2000000e-02
  -4.4692617e-02   5.1382600e-04   3.7512400e+04   1.2000000e-02
  -4.4171656e-02   5.1128400e-04   3.7512400e+04   1.2000000e-02
  -4.3651269e-02   5.1776300e-04   3.7512400e+04   1.2000000e-02
  -4.3140068e-02   5.1038100e-04   3.7515300e+04   1.2000000e-02
  -4.2613859e-02   5.1210400e-04   3.7515300e+04   1.2000000e-02
  -4.2086747e-02   5.1317000e-04   3.7515300e+04   1.2000000e-02
  -4.1565539e-02   5.0800300e-04   3.7515300e+04   1.2000000e-02
  -4.1222386e-02   5.1284200e-04   3.7515300e+04   1.2000000e-02
  -4.0694210e-02   5.1128400e-04   3.7515300e+04   1.2000000e-02
  -4.0176939e-02   5.1218600e-04   3.7515300e+04   1.2000000e-02
  -3.9655897e-02   5.1759900e-04   3.7515300e+04   1.2000000e-02
  -3.9127800e-02   5.1407200e-04   3.7515300e+04   1.2000000e-02
  -3.8612580e-02   5.1554800e-04   3.7515300e+04   1.2000000e-02
  -3.8267541e-02   5.2055100e-04   3.7512400e+04   1.2000000e-02
  -3.7739773e-02   5.1792700e-04   3.7512400e+04   1.2000000e-02
  -3.7221683e-02   5.1645000e-04   3.7512400e+04   1.2000000e-02
  -3.6702362e-02   5.1366200e-04   3.7509400e+04   1.2000000e-02
  -3.6173528e-02   5.1948500e-04   3.7509400e+04   1.2000000e-02
  -3.5649532e-02   5.1522000e-04   3.7509400e+04   1.2000000e-02
  -3.5128898e-02   5.2293000e-04   3.7506400e+04   1.2000000e-02
  -3.4781891e-02   5.1923900e-04   3.7509400e+04   1.2000000e-02
  -3.4265525e-02   5.1636800e-04   3.7509400e+04   1.2000000e-02
  -3.3724715e-02   5.2211000e-04   3.7509400e+04   1.2000000e-02
  -3.3220486e-02   5.1251400e-04   3.7512400e+04   1.2000000e-02
  -3.2696490e-02   5.2096100e-04   3.7512400e+04   1.2000000e-02
  -3.2166916e-02   5.1308800e-04   3.7512400e+04   1.2000000e-02
  -3.1652434e-02   5.2046900e-04   3.7515300e+04   1.2000000e-02
  -3.1308463e-02   5.1694300e-04   3.7515300e+04   1.2000000e-02
  -3.0778316e-02   5.1571200e-04   3.7515300e+04   1.2000000e-02
  -3.0263097e-02   5.1579400e-04   3.7515300e+04   1.2000000e-02
  -2.9736640e-02   5.1768100e-04   3.7515300e+04   1.2000000e-02
  -2.9221255e-02   5.2071500e-04   3.7515300e+04   1.2000000e-02
  -2.8689796e-02   5.1645000e-04   3.7515300e+04   1.2000000e-02
  -2.8335572e-02   5.2046900e-04   3.7515300e+04   1.2000000e-02
  -2.7817154e-02   5.1284200e-04   3.7515300e+04   1.2000000e-02
  -2.7294798e-02   5.2071500e-04   3.7518300e+04   1.2000000e-02
  -2.6777362e-02   5.1891100e-04   3.7518300e+04   1.2000000e-02
  -2.6251562e-02   5.1899300e-04   3.7518300e+04   1.2000000e-02
  -2.5733882e-02   5.2022300e-04   3.7521300e+04   1.2000000e-02
  -2.5213249e-02   5.1850100e-04   3.7521300e+04   1.2000000e-02
  -2.4872720e-02   5.1858300e-04   3.7524300e+04   1.2000000e-02
  -2.4345526e-02   5.1932100e-04   3.7524300e+04   1.2000000e-02
  -2.3818497e-02   5.2120700e-04   3.7524300e+04   1.2000000e-02
  -2.3291958e-02   5.1915700e-04   3.7527300e+04   1.2000000e-02
  -2.2771982e-02   5.1899300e-04   3.7527300e+04   1.2000000e-02
  -2.2269146e-02   5.2022300e-04   3.7527300e+04   1.2000000e-02
  -2.1747445e-02   5.1259600e-04   3.7527300e+04   1.2000000e-02
  -2.1391334e-02   5.2145300e-04   3.7527300e+04   1.2000000e-02
  -2.0889893e-02   5.1817300e-04   3.7530300e+04   1.2000000e-02
  -2.0360074e-02   5.1481000e-04   3.7530300e+04   1.2000000e-02
  -1.9836404e-02   5.1423600e-04   3.7530300e+04   1.2000000e-02
  -1.9323071e-02   5.1833700e-04   3.7533200e+04   1.2000000e-02
  -1.8807605e-02   5.1915700e-04   3.7533200e+04   1.2000000e-02
  -1.8445590e-02   5.1456400e-04   3.7533200e+04   1.2000000e-02
  -1.7924792e-02   5.2022300e-04   3.7533200e+04   1.2000000e-02
  -1.7402599e-02   5.1431800e-04   3.7536200e+04   1.2000000e-02
  -1.6884180e-02   5.2194600e-04   3.7536200e+04   1.2000000e-02
  -1.6371339e-02   5.1538400e-04   3.7539200e+04   1.2000000e-02
  -1.5842176e-02   5.1964900e-04   3.7539200e+04   1.2000000e-02
  -1.5323181e-02   5.1612200e-04   3.7539200e+04   1.2000000e-02
  -1.4980603e-02   5.1956700e-04   3.7539200e+04   1.2000000e-02
  -1.4455624e-02   5.1727100e-04   3.7542200e+04   1.2000000e-02
  -1.3944176e-02   5.2055100e-04   3.7542200e+04   1.2000000e-02
  -1.3414355e-02   5.1997700e-04   3.7542200e+04   1.2000000e-02
  -1.2883388e-02   5.2588200e-04   3.7542200e+04   1.2000000e-02
  -1.2361442e-02   5.1759900e-04   3.7542200e+04   1.2000000e-02
  -1.1835724e-02   5.2186400e-04   3.7542200e+04   1.2000000e-02
  -1.1482730e-02   5.2342200e-04   3.7542200e+04   1.2000000e-02
  -1.0961768e-02   5.2235600e-04   3.7542200e+04   1.2000000e-02
  -1.0443349e-02   5.2022300e-04   3.7542200e+04   1.2000000e-02
  -9.9237800e-03   5.1718900e-04   3.7545200e+04   1.2000000e-02
  -9.4144650e-03   5.2399600e-04   3.7545200e+04   1.2000000e-02
  -8.8786600e-03   5.2342200e-04   3.7545200e+04   1.2000000e-02
  -8.5362460e-03   5.2407800e-04   3.7548100e+04   1.2000000e-02
  -8.0260270e-03   5.1948500e-04   3.7551100e+04   1.2000000e-02
  -7.5057210e-03   5.2465200e-04   3.7554100e+04   1.2000000e-02
  -6.9870570e-03   5.2457000e-04   3.7554100e+04   1.2000000e-02
  -6.4587960e-03   5.1645000e-04   3.7557100e+04   1.2000000e-02
  -5.9331590e-03   5.2145300e-04   3.7557100e+04   1.2000000e-02
  -5.4162980e-03   5.1874700e-04   3.7557100e+04   1.2000000e-02
  -5.0656830e-03   5.2399600e-04   3.7557100e+04   1.2000000e-02
  -4.5458690e-03   5.2899900e-04   3.7560100e+04   1.2000000e-02
  -4.0184270e-03   5.2768700e-04   3.7560100e+04   1.2000000e-02
  -3.5130480e-03   5.3285400e-04   3.7560100e+04   1.2000000e-02
  -2.9765860e-03   5.4097300e-04   3.7560100e+04   1.2000000e-02
  -2.4580030e-03   5.5302900e-04   3.7560100e+04   1.2000000e-02
  -1.9253940e-03   5.6828400e-04   3.7557100e+04   1.2000000e-02
  -1.5801090e-03   5.9379100e-04   3.7557100e+04   1.2000000e-02
  -1.0589020e-03   6.3479900e-04   3.7557100e+04   1.2000000e-02
  -5.3900500e-04   6.9286500e-04   3.7560100e+04   1.2000000e-02
  -2.3948000e-05   7.8505100e-04   3.7560100e+04   1.2000000e-02
   4.8766300e-04   9.9845500e-04   3.7560100e+04   1.2000000e-02
   1.0067380e-03   1.2481910e-03   3.7563000e+04   1.2000000e-02
   1.3492340e-03   1.4348580e-03   3.7563000e+04   1.2000000e-02
   1.8756080e-03   2.0183970e-03   3.7563000e+04   1.2000000e-02
   2.4057580e-03   2.7773690e-03   3.7560100e+04   1.2000000e-02
   2.9279490e-03   3.9754490e-03   3.7560100e+04   1.2000000e-02
   3.4383300e-03   5.8411350e-03   3.7560100e+04   1.2000000e-02
   3.9663450e-03   8.1126350e-03   3.7557100e+04   1.2000000e-02
   4.4930500e-03   1.1415069e-02   3.7557100e+04   1.2000000e-02
   4.8312810e-03   1.4142658e-02   3.7557100e+04   1.2000000e-02
   5.3720900e-03   1.8514736e-02   3.7557100e+04   1.2000000e-02
   5.8763200e-03   2.4305767e-02   3.7557100e+04   1.2000000e-02
   6.4048300e-03   3.0216212e-02   3.7557100e+04   1.2000000e-02
   6.9216900e-03   3.5702228e-02   3.7557100e+04   1.2000000e-02
   7.4398630e-03   4.3897705e-02   3.7557100e+04   1.2000000e-02
   7.7903150e-03   4.9813811e-02   3.7557100e+04   1.2000000e-02
   8.3095540e-03   5.8106479e-02   3.7557100e+04   1.2000000e-02
   8.8300250e-03   6.5247813e-02   3.7557100e+04   1.2000000e-02
   9.3618940e-03   7.3740679e-02   3.7557100e+04   1.2000000e-02
   9.8771980e-03   7.9716493e-02   3.7557100e+04   1.2000000e-02
   1.0391516e-02   8.8710225e-02   3.7557100e+04   1.2000000e-02
   1.0924453e-02   9.7155026e-02   3.7557100e+04   1.2000000e-02
   1.1270230e-02   1.0187432e-01   3.7560100e+04   1.2000000e-02
   1.1788485e-02   1.0787895e-01   3.7560100e+04   1.2000000e-02
   1.2309774e-02   1.1492285e-01   3.7560100e+04   1.2000000e-02
   1.2823111e-02   1.2068566e-01   3.7560100e+04   1.2000000e-02
   1.3349731e-02   1.2712388e-01   3.7560100e+04   1.2000000e-02
   1.3864954e-02   1.3363502e-01   3.7560100e+04   1.2000000e-02
   1.4392312e-02   1.3948556e-01   3.7560100e+04   1.2000000e-02
   1.4735301e-02   1.4227148e-01   3.7560100e+04   1.2000000e-02
   1.5255771e-02   1.4696223e-01   3.7560100e+04   1.2000000e-02
   1.5786576e-02   1.5226359e-01   3.7563000e+04   1.2000000e-02
   1.6318609e-02   1.5811331e-01   3.7563000e+04   1.2000000e-02
   1.6825301e-02   1.6316305e-01   3.7563000e+04   1.2000000e-02
   1.7350199e-02   1.6790707e-01   3.7563000e+04   1.2000000e-02
   1.7706720e-02   1.7185605e-01   3.7563000e+04   1.2000000e-02
   1.8227683e-02   1.7629106e-01   3.7563000e+04   1.2000000e-02
   1.8742411e-02   1.8105887e-01   3.7563000e+04   1.2000000e-02
   1.9267720e-02   1.8522505e-01   3.7566000e+04   1.2000000e-02
   1.9792372e-02   1.8964942e-01   3.7566000e+04   1.2000000e-02
   2.0320882e-02   1.9407624e-01   3.7566000e+04   1.2000000e-02
   2.0831755e-02   1.9894320e-01   3.7569000e+04   1.2000000e-02
   2.1188687e-02   2.0166112e-01   3.7569000e+04   1.2000000e-02
   2.1713503e-02   2.0536748e-01   3.7572000e+04   1.2000000e-02
   2.2222411e-02   2.0978366e-01   3.7572000e+04   1.2000000e-02
   2.2742060e-02   2.1354002e-01   3.7572000e+04   1.2000000e-02
   2.3260808e-02   2.1732753e-01   3.7572000e+04   1.2000000e-02
   2.3783820e-02   2.2147980e-01   3.7572000e+04   1.2000000e-02
   2.4307653e-02   2.2547386e-01   3.7572000e+04   1.2000000e-02
   2.4663025e-02   2.2848764e-01   3.7572000e+04   1.2000000e-02
   2.5176034e-02   2.3200304e-01   3.7572000e+04   1.2000000e-02
   2.5695355e-02   2.3605119e-01   3.7569000e+04   1.2000000e-02
   2.6231736e-02   2.4024032e-01   3.7569000e+04   1.2000000e-02
   2.6752698e-02   2.4355409e-01   3.7569000e+04   1.2000000e-02
   2.7274810e-02   2.4745307e-01   3.7569000e+04   1.2000000e-02
   2.7625590e-02   2.5035947e-01   3.7569000e+04   1.2000000e-02
   2.8135561e-02   2.5474452e-01   3.7569000e+04   1.2000000e-02
   2.8650372e-02   2.5777879e-01   3.7569000e+04   1.2000000e-02
   2.9158375e-02   2.6142450e-01   3.7569000e+04   1.2000000e-02
   2.9698695e-02   2.6493827e-01   3.7569000e+04   1.2000000e-02
   3.0216540e-02   2.6861348e-01   3.7566000e+04   1.2000000e-02
   3.0743407e-02   2.7202806e-01   3.7566000e+04   1.2000000e-02
   3.1086724e-02   2.7390176e-01   3.7566000e+04   1.2000000e-02
   3.1617528e-02   2.7769419e-01   3.7566000e+04   1.2000000e-02
   3.2133404e-02   2.8125466e-01   3.7566000e+04   1.2000000e-02
   3.2664128e-02   2.8473728e-01   3.7566000e+04   1.2000000e-02
   3.3193291e-02   2.8803629e-01   3.7566000e+04   1.2000000e-02
   3.3705396e-02   2.9166479e-01   3.7566000e+04   1.2000000e-02
   3.4220862e-02   2.9505399e-01   3.7566000e+04   1.2000000e-02
   3.4566475e-02   2.9720797e-01   3.7566000e+04   1.2000000e-02
   3.5080385e-02   3.0082172e-01   3.7566000e+04   1.2000000e-02
   3.5616765e-02   3.0417156e-01   3.7566000e+04   1.2000000e-02
   3.6131578e-02   3.0795742e-01   3.7569000e+04   1.2000000e-02
   3.6652376e-02   3.1119824e-01   3.7569000e+04   1.2000000e-02
   3.7182360e-02   3.1440381e-01   3.7569000e+04   1.2000000e-02
   3.7532319e-02   3.1625537e-01   3.7569000e+04   1.2000000e-02
   3.8061729e-02   3.1979535e-01   3.7572000e+04   1.2000000e-02
   3.8581624e-02   3.2352958e-01   3.7572000e+04   1.2000000e-02
   3.9100703e-02   3.2603931e-01   3.7572000e+04   1.2000000e-02
   3.9609526e-02   3.2918915e-01   3.7572000e+04   1.2000000e-02
   4.0132703e-02   3.3280618e-01   3.7575000e+04   1.2000000e-02
   4.0652106e-02   3.3567243e-01   3.7575000e+04   1.2000000e-02
   4.1001247e-02   3.3766741e-01   3.7575000e+04   1.2000000e-02
   4.1522865e-02   3.4075168e-01   3.7577900e+04   1.2000000e-02
   4.2032183e-02   3.4364989e-01   3.7580900e+04   1.2000000e-02
   4.2560197e-02   3.4733086e-01   3.7580900e+04   1.2000000e-02
   4.3082309e-02   3.5105526e-01   3.7580900e+04   1.2000000e-02
   4.3608929e-02   3.5404855e-01   3.7583900e+04   1.2000000e-02
   4.3967172e-02   3.5624843e-01   3.7583900e+04   1.2000000e-02
   4.4471896e-02   3.5949338e-01   3.7583900e+04   1.2000000e-02
   4.4998270e-02   3.6228258e-01   3.7583900e+04   1.2000000e-02
   4.5526123e-02   3.6554388e-01   3.7583900e+04   1.2000000e-02
   4.6035684e-02   3.6870029e-01   3.7583900e+04   1.2000000e-02
   4.6551727e-02   3.7163292e-01   3.7583900e+04   1.2000000e-02
   4.7076707e-02   3.7499750e-01   3.7583900e+04   1.2000000e-02
   4.7417483e-02   3.7695314e-01   3.7583900e+04   1.2000000e-02
